21
22
22
20
17
15
14
14
13
13
14
22
28
36
34
37
40
46
58
69
78
87
93
96
102
103
106
110
110
109
109
107
107
111
110
111
113
113
114
116
118
120
120
121
121
121
120
117
116
116
115
117
118
120
119
119
119
119
119
117
114
112
109
109
105
101
98
96
96
96
97
96
89
87
83
83
80
73
62
51
41
36
37
38
38
38
38
38
36
33
29
25
21
19
18
16
19
17
16
14
13
12
12
15
20
25
30
36
36
41
46
54
66
79
85
91
94
96
102
104
106
109
110
109
109
107
106
106
109
111
114
115
115
118
122
125
125
123
123
123
122
121
121
121
119
119
119
118
117
118
119
120
120
118
115
114
113
111
107
102
99
97
95
94
95
96
93
89
89
90
88
81
71
57
47
42
38
39
39
37
38
36
34
32
30
27
24
21
16
14
15
14
14
12
11
12
15
18
25
29
32
35
40
45
54
65
76
86
92
93
96
100
103
107
108
109
110
109
107
106
107
108
112
116
120
121
124
126
127
126
126
127
126
124
124
124
124
124
122
121
121
119
118
119
121
122
121
121
120
118
116
114
111
108
106
100
98
97
96
94
93
92
95
95
94
88
78
67
54
46
42
39
38
39
36
34
33
31
29
28
25
22
17
17
16
15
15
13
13
16
19
23
29
32
36
40
47
53
63
75
83
92
98
98
100
103
105
108
110
111
112
112
111
112
113
116
120
123
127
128
129
129
129
128
127
128
128
127
127
127
127
126
124
125
123
122
122
122
124
125
123
123
122
119
117
118
116
114
113
105
102
100
97
95
94
93
97
98
97
93
86
74
62
54
47
42
41
40
37
33
31
29
29
28
26
24
19
18
21
21
19
16
16
19
24
26
30
34
40
46
53
63
73
83
90
97
102
101
104
106
108
110
112
113
115
116
116
118
120
123
127
129
131
131
132
132
131
129
130
131
131
132
133
134
133
131
129
127
127
126
125
124
125
126
126
126
125
121
121
120
122
122
121
113
107
103
99
98
97
95
98
98
97
95
90
82
71
63
55
48
46
44
39
36
31
30
29
28
26
24
19
19
24
24
22
17
17
21
27
29
30
38
46
53
64
72
81
89
92
99
102
104
106
109
110
112
112
114
119
121
122
122
123
124
128
129
130
131
132
133
132
132
133
135
136
137
138
137
136
135
132
131
129
128
127
126
126
127
127
128
128
125
122
124
125
125
124
117
111
107
104
103
103
100
98
97
95
94
91
87
79
71
63
57
52
48
45
40
37
33
31
29
26
24
20
20
23
24
24
22
22
26
30
33
34
43
54
66
75
82
87
91
92
99
102
104
107
111
112
114
115
117
121
122
123
123
124
125
129
129
129
132
133
133
134
135
135
138
139
139
138
137
136
135
133
131
131
132
131
129
129
130
128
130
130
128
127
126
126
126
125
119
115
112
109
108
107
105
100
98
94
92
92
90
84
79
71
64
60
57
53
49
44
39
34
32
29
26
22
23
25
27
30
30
29
29
32
35
42
53
66
76
83
87
90
93
96
101
103
105
108
113
115
118
120
120
121
122
123
124
126
127
129
129
129
130
132
133
135
137
137
139
139
137
135
134
135
135
132
130
130
132
133
132
132
133
132
133
134
132
130
129
128
126
123
120
117
116
113
112
110
107
106
101
97
94
93
91
88
84
80
73
68
67
63
58
53
46
39
35
32
29
27
30
35
36
39
40
38
37
39
43
56
67
77
83
89
91
93
94
100
104
106
108
111
115
118
122
123
123
124
125
126
128
130
133
132
132
132
133
134
135
137
139
139
139
137
136
135
135
135
135
133
131
131
134
135
133
133
135
135
135
134
133
133
132
130
128
124
122
121
120
117
115
113
109
110
105
100
96
93
92
89
87
84
77
74
73
70
65
58
52
42
39
34
33
33
37
45
46
48
50
47
45
49
57
69
78
86
90
92
94
97
100
103
106
108
109
113
116
119
123
126
127
130
131
132
134
135
136
137
137
138
138
138
139
141
144
140
138
136
135
136
138
140
139
136
134
134
136
137
135
134
136
136
135
134
132
133
133
132
129
125
124
124
122
120
118
116
112
111
108
104
99
96
93
90
87
84
79
75
76
73
68
60
54
44
41
37
37
43
47
53
56
55
52
50
52
60
69
78
85
92
96
98
96
95
98
102
106
111
115
119
121
124
127
130
132
133
136
140
141
141
139
141
141
141
141
142
143
145
145
144
144
144
143
143
143
143
143
139
138
138
140
140
138
137
137
139
137
135
132
132
132
133
131
127
126
126
124
121
116
113
114
114
111
108
101
98
96
93
89
86
81
77
77
74
70
63
57
48
44
40
39
52
55
56
58
57
54
55
59
68
78
85
91
98
101
101
99
99
101
103
108
114
119
122
124
126
129
132
133
134
137
141
142
142
141
142
142
142
144
145
146
147
147
150
150
151
150
149
147
145
143
141
140
141
142
143
142
141
142
139
139
136
134
132
134
134
134
132
131
128
125
121
118
116
116
116
114
109
104
101
99
95
92
88
83
80
79
77
74
67
60
54
48
43
40
57
58
58
60
59
59
63
69
76
82
87
95
101
102
102
100
102
102
105
110
118
122
124
126
127
129
130
132
134
137
140
143
144
144
143
144
146
148
150
151
151
151
152
153
154
154
154
151
149
147
146
145
144
145
145
144
143
143
146
145
143
140
139
139
140
139
136
133
129
126
122
119
117
118
118
116
110
107
103
102
97
91
89
85
82
81
80
77
71
65
59
50
42
40
59
55
56
58
59
64
69
75
78
82
89
96
101
101
102
102
102
103
106
111
119
123
126
127
127
129
129
131
136
140
143
145
146
146
146
147
151
154
156
157
156
155
156
157
158
157
156
157
157
156
155
153
152
152
151
148
147
147
150
149
148
144
142
143
143
143
140
136
131
126
123
120
120
120
119
116
111
107
105
103
98
92
91
86
84
82
80
77
74
69
61
52
44
42
59
51
51
57
63
66
69
72
77
83
91
98
103
102
104
104
104
105
108
113
120
126
128
129
131
132
133
137
142
145
148
151
151
151
151
153
157
160
162
162
161
160
160
161
161
161
161
162
163
164
161
160
159
159
159
156
155
155
155
154
151
148
144
144
143
142
141
138
135
130
127
125
124
122
119
116
111
108
106
105
100
95
92
88
86
84
80
80
76
72
63
55
49
46
49
48
53
63
68
67
64
67
77
89
96
101
102
103
106
106
107
109
111
116
122
128
132
133
135
136
139
142
146
148
151
153
153
151
153
155
158
160
160
158
157
157
160
163
166
167
169
170
170
170
169
168
168
167
166
163
162
163
165
164
160
154
149
146
144
142
141
140
137
134
132
129
125
122
119
116
112
109
109
108
104
100
95
91
87
85
81
80
78
73
63
54
50
48
40
46
57
64
64
61
60
65
80
94
99
101
101
103
107
108
111
114
117
120
124
130
134
136
137
136
140
141
143
144
145
145
144
143
144
146
149
149
148
148
149
150
154
158
164
167
169
170
169
169
170
169
168
166
162
159
159
161
165
164
160
155
151
148
145
143
139
141
141
140
137
133
127
123
119
117
114
112
112
112
109
105
99
96
92
86
83
80
76
70
63
54
49
47
40
48
55
56
56
54
59
69
85
97
102
102
101
104
108
111
115
119
120
122
126
132
135
136
136
135
138
138
139
138
137
136
135
133
134
136
139
140
138
138
140
141
143
148
152
155
156
155
155
153
155
154
153
149
145
142
143
146
150
150
148
145
144
144
143
142
139
142
144
144
141
136
129
124
119
118
114
114
114
114
111
108
103
100
96
90
85
81
76
69
64
55
49
47
47
48
47
46
46
47
57
69
84
96
99
99
100
104
109
115
118
119
118
122
126
129
132
132
130
129
128
130
131
131
132
132
131
128
129
130
133
134
134
133
132
132
137
140
143
144
144
142
140
139
139
137
137
136
133
132
132
131
135
136
136
136
136
135
134
134
131
134
136
136
136
136
133
130
125
119
115
114
115
114
111
110
106
103
101
98
92
85
77
70
64
57
51
48
47
45
43
45
45
48
57
68
82
95
97
98
102
106
111
115
118
118
120
123
126
129
131
130
128
126
124
126
126
127
128
129
129
129
128
130
132
132
131
131
133
134
134
135
137
138
137
136
136
135
132
129
130
130
129
128
128
126
129
130
130
130
129
128
127
126
124
127
130
132
133
134
133
131
125
121
116
115
115
114
112
110
106
104
103
103
96
89
78
69
63
56
50
46
42
41
40
43
44
49
57
68
82
95
96
100
105
110
114
117
119
121
123
125
130
132
133
132
130
128
126
126
127
126
125
124
125
126
127
129
130
130
128
129
132
134
135
136
137
137
137
137
136
136
130
127
128
130
130
130
130
127
130
130
131
130
129
128
126
124
120
122
125
128
129
128
129
129
126
123
119
116
115
115
112
110
107
106
105
104
99
92
80
71
63
55
48
43
38
39
40
43
45
49
58
70
84
96
100
103
108
113
116
120
123
125
126
130
133
135
135
135
133
131
130
129
128
126
125
123
124
125
127
128
128
128
127
128
131
133
133
133
134
134
134
134
134
134
133
129
129
130
129
129
129
127
129
129
129
130
129
128
126
124
121
121
124
124
124
124
124
126
128
126
123
118
116
115
113
110
108
107
105
102
97
93
83
73
64
54
46
40
37
39
41
42
43
47
56
71
87
98
102
105
110
114
118
122
126
130
129
131
135
136
136
134
132
130
129
128
126
126
126
126
125
127
129
129
129
129
129
130
131
133
134
135
135
135
135
134
135
135
132
130
130
130
128
128
128
128
128
128
128
127
127
126
124
123
121
120
121
123
123
120
122
125
126
126
124
120
117
115
112
108
108
107
105
101
98
93
87
75
66
55
46
40
39
41
39
40
40
45
57
71
87
97
105
107
111
115
119
124
129
131
132
134
135
136
135
132
128
125
125
124
125
125
127
127
127
128
131
131
131
131
131
131
132
132
132
132
132
131
130
130
130
130
132
131
131
131
128
127
130
130
130
129
128
128
127
125
125
124
123
123
122
122
121
121
123
123
124
124
123
121
117
114
111
108
107
107
105
101
98
95
89
78
67
56
47
40
38
39
36
38
39
45
59
75
88
96
105
107
112
117
122
127
129
130
131
133
134
133
131
130
126
122
122
123
126
129
129
129
130
132
134
135
135
134
133
132
133
134
137
136
135
134
133
133
133
134
131
131
132
132
129
129
131
132
132
132
131
130
129
128
127
127
127
127
125
123
122
122
123
123
121
122
122
122
119
114
109
107
107
106
103
98
96
96
91
81
69
57
50
42
36
38
34
36
39
46
63
78
90
95
105
108
113
119
126
129
130
129
125
127
128
129
128
125
122
120
120
122
127
132
134
134
134
137
140
141
142
140
138
137
138
139
137
136
135
133
132
133
134
135
136
135
136
136
134
133
135
135
137
137
136
135
133
132
131
131
128
128
126
123
122
123
124
124
120
120
120
123
121
114
109
108
108
106
101
95
93
96
93
84
72
60
51
46
31
34
33
36
40
53
67
80
92
96
102
107
113
118
124
129
128
126
123
122
123
124
124
121
120
120
124
129
134
137
138
138
139
143
144
147
146
145
141
140
145
142
141
138
135
134
134
135
136
138
141
139
138
138
137
136
140
142
140
141
141
140
138
134
131
134
133
133
130
125
123
123
124
123
120
119
117
118
116
110
108
110
112
107
102
96
94
95
94
88
75
63
53
48
33
36
35
38
43
57
72
84
95
99
102
106
112
117
123
125
124
120
118
117
116
118
118
119
121
125
128
135
138
140
142
144
145
147
146
149
149
148
145
144
146
144
144
141
138
137
137
138
140
143
146
143
141
139
139
143
146
144
140
144
145
144
140
136
134
135
133
132
129
124
122
123
124
124
121
120
118
116
114
109
106
108
112
108
102
96
93
94
92
86
76
64
54
48
39
42
41
43
49
65
79
88
98
100
104
110
116
122
124
123
118
115
109
108
107
109
111
114
120
124
130
134
136
136
141
146
150
152
151
155
154
154
151
150
152
150
148
144
140
139
139
141
145
148
147
146
143
139
140
146
149
147
146
150
152
147
142
139
137
136
136
135
132
126
124
124
124
123
123
123
119
119
119
115
111
110
111
108
103
97
94
94
91
85
79
68
56
49
46
50
49
51
58
74
87
91
97
100
100
108
116
121
120
115
108
103
95
93
94
95
96
99
104
108
112
116
121
126
134
141
146
151
155
160
159
160
161
161
160
157
153
149
144
142
142
144
148
151
150
150
149
146
145
151
157
156
156
158
158
152
146
145
144
142
138
137
133
128
124
122
117
114
112
114
113
115
117
117
113
109
108
106
103
98
94
94
92
88
84
73
60
49
49
51
51
56
66
81
91
92
97
100
96
105
114
116
110
101
94
90
86
86
86
86
85
86
86
88
87
90
97
107
116
123
133
143
151
160
163
168
172
170
167
163
161
155
149
147
146
148
150
154
157
157
159
156
154
157
164
167
165
161
158
152
145
145
145
142
138
136
131
123
119
115
110
103
99
100
99
102
109
113
110
106
104
104
103
99
94
94
93
89
87
76
63
52
48
49
50
58
69
85
93
94
99
101
101
108
113
110
100
89
84
83
84
85
84
84
81
79
76
75
76
75
78
85
92
97
109
125
138
152
161
169
176
174
170
168
165
161
156
152
149
149
153
157
164
163
165
164
161
164
168
170
163
153
147
142
135
132
134
131
129
125
117
110
106
102
98
91
84
84
82
86
96
103
105
104
104
104
105
101
96
95
94
91
89
80
68
57
44
47
49
58
69
83
92
96
101
102
104
105
104
97
85
79
79
83
93
93
93
93
92
92
89
86
83
80
78
78
80
83
94
107
123
139
150
158
165
165
165
168
170
167
164
157
152
150
156
162
174
170
164
161
163
167
168
163
145
130
122
119
111
107
107
107
104
101
96
92
91
92
88
83
78
78
76
78
86
92
96
98
101
105
107
103
97
95
96
93
90
83
73
61
42
45
50
58
68
82
92
97
102
103
102
100
96
87
78
76
82
91
91
91
91
93
95
96
95
94
87
89
88
88
88
88
92
99
112
129
137
144
148
151
157
165
174
172
169
163
155
153
159
167
177
167
157
150
155
162
158
146
123
105
98
96
88
81
82
84
83
84
83
85
90
95
94
91
86
85
82
82
85
88
89
92
98
103
106
103
96
95
96
95
92
84
76
64
41
46
53
61
68
79
91
100
105
101
96
90
85
79
78
82
86
93
90
89
92
98
103
107
109
108
107
110
107
113
109
108
109
105
110
115
124
128
135
134
140
156
167
175
172
166
158
149
152
163
171
171
157
144
138
142
139
122
102
90
80
80
74
68
71
73
78
81
86
94
105
112
112
107
105
97
93
93
91
90
90
91
95
101
103
99
97
95
93
92
91
88
80
69
42
44
52
60
66
79
96
108
108
98
92
92
90
87
86
90
90
94
96
98
104
110
116
123
131
138
138
139
137
144
142
138
128
110
101
102
112
118
133
133
139
151
161
172
172
165
157
149
153
162
171
163
147
138
136
135
126
106
90
80
73
77
75
73
80
83
89
95
105
115
127
136
134
127
117
108
104
102
99
94
91
88
90
99
104
99
95
94
96
97
89
89
84
74
42
41
44
54
64
82
105
120
118
105
102
105
107
101
99
99
100
106
106
111
117
126
136
142
149
159
163
161
161
172
167
157
142
121
106
102
105
106
125
129
136
146
154
166
166
161
154
150
155
163
164
160
145
134
125
112
102
92
81
76
73
80
80
83
95
100
112
119
129
136
142
144
139
130
119
110
103
97
94
94
94
92
90
94
101
100
96
97
98
93
89
88
85
76
37
38
40
53
69
88
108
123
123
113
108
109
109
109
114
112
107
112
118
124
128
133
143
150
155
165
169
167
173
191
180
163
152
138
122
117
114
103
117
122
133
143
150
159
160
157
152
147
150
154
159
156
142
125
108
93
85
86
104
103
107
115
119
123
135
142
147
152
156
155
149
141
135
131
123
116
109
101
96
95
94
90
90
88
90
89
87
96
100
95
92
88
85
77
31
35
45
56
70
88
103
112
114
109
103
96
98
113
132
134
121
114
122
134
140
144
148
151
153
161
164
165
173
188
173
158
153
145
135
133
127
110
117
120
127
134
146
152
155
155
151
145
147
151
151
139
123
115
118
118
115
115
124
122
126
137
139
141
149
152
158
163
172
172
159
140
129
128
131
129
126
119
110
105
101
95
87
86
89
90
91
100
105
101
95
89
84
78
28
36
45
53
64
79
93
101
106
102
93
84
92
113
135
143
135
129
131
137
141
141
140
137
135
137
147
150
153
160
150
147
151
146
141
143
138
125
123
118
113
115
126
133
137
140
140
140
148
152
154
133
118
118
135
147
141
134
134
129
133
145
149
148
150
148
155
157
162
164
155
143
138
141
142
138
131
121
112
108
105
102
102
99
97
95
96
103
106
102
94
87
82
78
30
36
41
47
56
67
83
93
102
101
88
83
92
106
117
130
136
135
130
126
122
121
119
118
121
126
135
136
133
134
129
133
139
135
136
141
139
133
123
109
93
96
104
110
114
119
125
131
135
131
121
109
111
123
138
147
141
138
137
130
131
143
143
139
143
145
145
149
157
163
160
147
132
123
127
121
119
114
112
114
118
119
114
107
93
84
86
97
104
105
97
85
78
75
31
34
40
49
54
63
75
87
98
98
94
89
97
101
105
118
127
128
118
112
108
101
86
70
66
69
66
72
76
92
99
110
122
125
126
132
133
132
115
95
78
84
99
105
110
117
125
129
119
100
85
86
107
126
134
134
130
130
131
123
121
124
114
105
111
120
118
121
127
137
148
149
140
131
120
119
120
122
120
117
112
107
103
102
94
85
87
96
104
108
103
89
80
71
31
34
42
54
67
74
79
87
96
101
99
103
110
115
114
118
123
115
99
88
84
74
60
43
28
31
37
48
47
55
73
93
98
107
116
123
130
133
110
93
82
94
109
123
131
135
137
135
119
98
77
87
113
130
131
124
119
118
120
109
104
99
84
76
88
104
101
90
85
88
97
115
126
123
121
122
123
124
124
123
115
105
102
102
93
89
83
88
91
87
84
72
65
62
34
38
46
63
78
84
86
90
96
100
106
114
120
123
125
129
123
105
84
65
55
45
38
36
38
53
70
84
81
78
89
98
97
101
114
119
121
126
108
98
97
107
125
134
138
140
141
138
126
106
98
97
111
125
127
123
115
110
105
98
97
97
86
80
94
113
113
88
62
49
52
66
82
84
91
98
110
122
128
126
116
106
104
103
91
82
72
69
63
55
48
45
49
53
38
43
54
71
86
90
91
95
100
101
109
117
120
123
128
126
112
90
69
56
53
53
52
50
53
66
80
91
90
90
108
111
100
96
101
102
100
107
93
90
97
106
115
124
127
131
133
131
120
105
93
86
95
110
119
121
114
107
102
95
96
102
94
88
99
115
107
81
58
47
45
51
57
59
66
78
98
116
126
124
113
105
107
106
91
83
76
75
69
64
63
65
70
71
42
49
60
74
86
89
92
99
103
103
107
112
112
115
120
113
99
84
72
68
74
82
84
83
84
94
94
97
93
94
113
108
93
86
93
93
89
97
85
83
96
102
116
126
134
140
141
137
127
114
97
88
95
107
117
118
110
101
93
86
88
94
91
87
90
95
88
77
73
75
75
73
68
62
65
72
89
106
121
122
113
105
109
110
97
91
90
92
86
85
84
87
85
80
44
51
62
75
86
90
94
101
103
103
106
113
113
114
113
107
101
94
92
93
100
105
107
109
114
121
122
122
116
108
115
109
99
94
96
96
90
96
85
85
99
105
117
130
139
145
143
134
122
110
89
80
86
99
109
115
110
102
97
94
97
103
102
102
103
102
101
101
103
105
106
102
94
87
81
78
82
98
115
123
117
109
110
113
104
103
102
99
93
92
93
92
87
78
45
51
60
74
88
96
98
101
103
103
107
117
123
121
114
111
113
111
113
117
123
124
123
124
130
135
140
143
138
127
126
124
119
112
105
103
93
95
82
85
97
105
118
132
142
145
141
131
120
107
96
84
86
97
108
115
111
105
99
100
106
110
110
115
119
119
122
124
123
119
114
110
103
97
94
91
92
100
110
117
118
117
112
115
109
111
111
108
102
99
97
94
84
75
52
54
59
70
86
95
101
104
107
109
110
120
129
129
119
116
123
125
129
131
132
133
132
134
142
149
150
147
145
143
137
132
124
114
112
108
97
92
81
86
95
108
123
136
145
148
144
135
124
110
97
88
90
99
108
115
114
110
108
110
117
124
125
129
133
133
134
136
133
127
123
119
113
110
110
111
110
109
111
114
117
118
114
114
108
111
111
110
107
103
98
93
83
75
60
60
61
68
79
92
102
110
115
116
117
121
131
137
127
119
129
135
135
135
135
136
135
135
143
150
149
139
138
147
139
132
124
120
111
107
95
88
81
89
97
112
127
139
147
149
145
137
123
108
97
93
99
107
112
117
115
113
113
111
119
129
132
135
137
135
141
141
137
130
128
127
127
127
126
125
122
117
117
119
118
115
111
108
104
110
110
112
108
103
98
94
83
74
65
71
79
76
78
89
100
108
116
117
116
123
132
138
135
128
127
130
133
132
131
131
132
135
140
145
145
139
138
140
137
132
128
126
117
111
95
81
82
93
106
116
130
138
146
145
142
137
123
110
98
96
99
108
115
116
118
121
120
120
123
130
135
135
136
136
140
140
140
137
136
137
136
135
134
131
127
124
125
126
123
118
112
102
102
107
108
109
106
100
96
92
85
78
74
84
94
84
81
90
100
107
113
115
120
125
134
140
139
132
128
129
131
130
128
128
129
134
137
140
139
136
137
139
138
135
134
133
128
117
98
84
89
102
113
122
132
139
144
142
139
134
123
111
101
96
97
107
115
121
124
128
129
130
132
137
139
139
138
136
140
141
142
141
140
140
138
136
132
129
128
130
133
133
132
129
114
106
106
111
110
107
104
98
89
85
81
77
86
99
104
90
84
92
101
108
115
121
124
129
135
143
145
141
136
134
131
129
127
128
130
133
134
135
135
134
136
137
135
135
136
135
130
118
97
85
94
108
120
127
134
138
140
138
136
132
122
113
102
95
94
103
115
125
133
139
139
141
142
144
143
142
140
139
141
142
141
141
140
137
133
130
125
123
128
137
142
139
135
133
118
109
109
114
112
107
103
99
94
89
83
79
104
113
110
93
87
95
103
110
119
129
133
134
137
143
147
147
146
146
140
137
133
134
136
137
137
136
135
136
137
137
134
134
134
130
121
112
96
87
98
111
122
129
132
135
136
136
135
131
122
115
103
96
93
101
114
127
138
146
146
146
147
150
150
147
144
143
143
143
141
138
135
133
129
127
129
131
138
147
150
144
136
133
118
111
111
115
114
108
105
104
103
98
89
81
130
127
114
96
91
98
104
109
117
131
141
139
138
140
144
148
154
158
157
152
148
147
147
147
145
143
140
140
142
142
138
135
129
119
109
106
97
93
102
112
121
129
130
131
135
137
137
132
123
117
107
98
91
98
109
123
137
148
150
149
149
153
153
149
146
146
145
143
140
137
136
135
136
137
141
145
151
155
152
144
136
130
117
114
114
118
116
110
105
104
106
100
88
77
153
139
119
100
94
100
106
109
113
127
136
134
133
133
136
144
155
162
168
165
163
161
159
157
155
152
147
146
148
147
142
134
119
106
95
99
97
97
105
114
120
127
129
130
134
138
138
132
123
117
109
99
92
93
101
111
125
138
146
146
149
153
153
148
146
146
145
144
142
140
140
142
144
149
155
158
159
154
147
141
133
127
119
120
123
126
122
113
105
103
104
100
88
75
169
149
125
102
95
101
108
112
111
121
128
128
128
129
133
140
149
157
163
164
164
163
161
159
157
155
151
148
147
147
140
129
113
100
94
100
101
102
109
117
123
128
130
130
132
136
136
130
121
117
108
101
97
96
98
103
114
126
137
143
150
152
150
148
146
146
147
146
146
147
147
147
153
158
164
164
160
151
143
138
132
127
124
129
131
131
127
116
107
104
105
102
93
80
178
154
130
104
96
101
110
114
109
116
125
129
131
132
135
139
144
149
150
153
155
157
157
155
154
153
150
145
143
142
137
127
114
102
105
110
110
110
115
121
125
129
131
129
129
134
134
127
118
115
108
105
104
103
102
102
109
119
129
141
151
152
150
150
149
147
147
148
151
153
153
155
159
164
164
161
156
147
141
136
130
125
127
132
135
133
128
118
109
106
104
104
98
86
177
155
130
107
94
101
112
114
111
116
127
135
140
141
143
145
145
147
145
145
144
143
145
148
148
146
145
142
140
141
139
131
121
115
115
120
120
119
119
123
128
130
134
136
135
133
130
127
121
117
112
109
110
110
112
114
114
115
126
140
151
152
151
154
154
150
147
148
150
153
155
155
157
159
158
156
149
142
137
136
134
127
132
135
134
133
128
120
114
107
105
103
100
88
174
151
127
106
97
103
114
117
116
121
134
143
150
154
157
157
155
154
149
147
145
143
145
148
150
150
150
149
148
145
142
136
128
121
121
122
121
119
119
123
129
132
135
138
138
137
135
131
124
119
115
111
112
114
117
120
119
122
129
139
148
152
153
153
151
147
145
146
149
149
149
148
149
152
153
152
149
144
141
143
141
134
135
136
131
129
126
121
117
110
106
103
98
86
169
146
117
102
97
105
118
124
125
132
140
147
151
154
159
162
162
163
163
161
157
155
157
160
162
161
158
160
159
151
144
137
129
122
118
118
117
118
120
124
130
136
139
142
144
143
142
138
131
123
118
113
113
116
120
121
123
129
134
140
149
156
159
159
156
153
152
152
151
150
146
145
146
148
152
152
150
148
147
151
149
141
138
138
130
124
123
122
120
114
104
100
95
84
163
142
112
101
99
107
118
125
129
137
144
148
149
150
156
161
163
166
167
167
166
164
164
164
164
162
161
162
159
150
138
128
119
114
110
111
114
118
123
126
133
138
146
148
150
150
148
144
135
128
118
111
110
112
115
118
122
130
137
143
153
159
164
166
165
163
161
161
160
157
154
152
153
156
157
157
156
153
153
155
150
142
139
139
130
122
118
118
119
114
105
100
95
87
156
139
108
101
102
110
120
128
134
143
149
151
152
153
158
162
163
164
164
165
166
165
163
162
158
156
154
152
146
137
124
111
106
106
105
107
113
120
126
130
135
141
150
155
159
157
154
148
138
129
117
110
109
110
111
112
114
120
127
136
146
152
156
161
166
168
169
171
172
171
168
166
167
168
169
166
162
158
154
154
148
139
137
139
133
125
116
114
115
113
110
102
98
92
146
135
106
103
107
113
120
129
136
146
150
152
153
155
160
163
163
165
165
166
166
165
163
161
156
153
146
142
134
124
110
100
100
104
104
107
113
121
127
134
141
146
154
161
165
163
158
150
141
132
120
114
113
111
108
105
101
103
106
116
128
134
141
150
160
165
171
175
179
182
184
182
181
179
176
173
168
160
155
154
146
136
138
141
137
130
120
113
114
114
110
103
99
94
135
127
108
107
112
115
119
125
132
141
148
150
150
152
158
160
162
164
162
162
162
160
157
154
148
143
137
135
128
117
106
101
104
108
108
112
118
125
131
138
145
152
157
166
174
172
164
156
143
134
123
117
115
111
109
106
99
98
97
103
113
122
130
139
149
157
163
167
175
181
187
189
188
185
179
178
171
163
158
155
148
138
139
142
138
134
124
115
114
114
111
105
99
93
124
118
100
102
109
114
118
126
133
143
148
150
150
153
158
158
158
159
156
156
155
153
150
146
138
131
128
129
125
115
108
107
111
114
116
119
125
131
134
140
146
151
159
170
178
177
169
159
146
136
122
116
114
112
113
113
107
105
101
103
110
120
127
133
141
149
152
158
164
172
179
185
187
184
180
179
174
166
160
157
151
141
138
139
137
134
125
115
113
112
114
108
100
91
120
115
102
103
108
114
118
124
135
145
152
146
149
152
155
159
158
158
157
154
150
148
144
140
134
131
129
130
127
118
113
114
120
123
125
132
133
131
131
134
139
145
161
171
181
183
175
162
146
136
127
122
120
119
118
117
115
112
107
107
112
121
128
131
134
138
142
145
150
158
167
176
178
177
178
175
173
167
158
157
152
143
140
139
135
130
123
114
110
111
111
107
97
89
131
126
105
105
110
116
120
125
135
144
150
145
147
148
153
158
156
155
151
148
145
143
140
135
132
130
130
132
129
120
113
112
117
123
129
134
135
130
130
134
142
150
161
170
179
180
173
160
146
137
131
127
126
126
123
122
120
117
110
110
115
124
132
132
130
130
132
134
139
148
158
166
169
170
172
169
169
165
160
157
152
143
141
138
134
128
119
110
107
109
110
108
98
87
139
131
107
107
112
117
120
124
133
142
149
145
146
147
152
157
152
149
145
143
141
139
136
133
132
132
132
133
131
124
116
113
117
123
132
138
137
132
131
135
144
153
158
166
173
173
166
153
142
134
128
126
126
127
124
120
118
116
110
110
116
129
137
137
131
128
123
126
133
142
151
156
160
162
166
165
164
162
158
156
152
143
141
138
132
125
116
107
103
106
109
109
99
85
138
130
105
106
110
115
118
122
131
139
145
146
147
148
153
154
149
145
139
139
138
137
135
134
134
134
134
134
133
129
121
115
117
122
131
138
138
134
133
138
145
153
158
165
171
171
163
152
141
134
130
127
127
128
126
121
116
113
106
107
114
130
140
141
138
136
131
132
135
139
142
146
152
157
161
161
161
159
157
154
151
145
143
137
129
121
114
104
100
102
108
110
101
85
134
126
102
103
107
113
116
120
128
136
141
147
149
150
151
150
145
141
136
136
137
137
137
135
135
136
135
134
132
130
124
116
114
116
124
131
134
133
135
142
151
159
165
172
179
179
172
161
147
138
133
130
129
130
127
120
115
112
103
107
115
130
139
141
142
143
145
143
140
137
135
136
143
151
154
157
158
159
156
152
148
147
144
137
127
118
112
103
98
99
107
110
103
88
128
117
100
102
106
113
116
119
127
134
137
147
149
148
148
146
143
140
138
138
139
140
139
137
135
135
135
132
128
126
121
116
112
111
117
122
126
127
133
143
155
164
169
177
184
186
179
167
151
141
132
127
125
125
121
116
113
110
107
111
120
131
138
139
140
144
150
150
148
142
137
135
136
139
144
150
154
157
158
152
146
146
143
135
124
117
110
100
95
98
105
110
104
92
123
110
99
101
106
114
117
120
126
132
135
147
146
144
144
142
143
143
143
142
143
143
142
138
134
133
131
127
120
118
116
113
112
111
114
115
116
120
128
137
148
159
163
169
174
175
171
160
147
137
130
123
120
120
116
113
112
111
113
115
121
129
134
134
137
141
147
150
151
151
148
143
137
134
136
142
147
154
157
153
147
147
142
134
124
116
107
97
94
99
105
108
105
95
126
108
99
101
107
116
119
120
125
130
136
148
145
140
141
141
145
146
147
146
145
145
142
138
133
131
127
121
114
112
112
113
114
115
113
112
112
115
122
131
139
148
154
157
159
159
156
149
141
133
126
120
116
116
112
110
112
114
117
115
119
124
129
131
134
139
145
148
150
152
153
151
144
137
134
139
144
151
157
154
149
150
141
134
124
114
105
95
94
101
105
106
103
97
124
106
96
102
111
112
116
120
119
130
143
144
143
141
138
140
147
148
150
145
143
143
141
138
133
128
122
117
113
112
112
117
120
120
117
113
110
111
113
120
130
138
142
143
145
145
142
139
133
127
121
117
115
117
116
112
113
116
117
117
118
122
125
129
133
137
143
148
150
149
150
152
149
143
139
134
133
143
152
153
150
150
140
132
124
115
103
94
97
103
107
105
103
98
120
101
97
104
114
114
116
120
119
128
145
145
142
141
139
140
147
149
148
144
142
141
140
138
133
127
115
113
112
111
112
117
123
124
118
117
115
113
114
117
125
133
133
133
135
137
136
133
129
125
124
121
121
123
123
119
116
117
119
118
119
122
124
127
131
134
141
147
149
149
150
151
150
145
143
138
135
141
147
149
149
149
148
137
126
116
102
94
97
104
105
103
102
98
118
102
97
104
116
115
116
120
119
127
144
144
140
139
138
140
147
148
147
143
141
138
138
136
131
123
117
116
116
114
113
117
123
125
124
124
124
123
123
125
131
136
136
134
137
141
142
141
139
137
134
133
132
132
131
127
122
119
122
120
119
120
122
123
126
129
139
143
148
149
149
149
149
148
147
145
142
143
144
145
147
149
147
134
121
113
101
95
99
106
105
103
101
97
124
114
97
104
116
117
117
122
121
126
143
143
137
136
137
140
145
147
146
142
140
139
136
134
128
121
117
116
117
118
117
121
128
131
135
135
137
137
138
142
148
152
150
147
149
153
155
155
154
154
152
151
148
145
141
137
131
126
125
123
121
121
122
123
125
126
135
140
145
148
146
145
146
146
148
150
150
147
144
143
146
149
140
127
114
110
103
97
100
105
107
105
102
96
132
123
101
106
118
119
121
125
123
124
142
143
137
134
137
141
146
147
145
141
140
141
138
134
128
122
119
117
118
120
122
127
134
137
141
143
145
149
151
155
157
158
156
154
156
161
162
162
163
162
161
161
159
155
150
144
138
133
130
127
125
124
123
123
124
126
132
137
142
146
146
145
144
144
145
149
152
148
143
142
145
150
141
127
115
110
105
101
103
107
106
105
102
95
140
126
106
106
119
124
125
129
124
124
142
146
138
132
138
143
145
145
144
142
142
144
141
136
131
126
125
121
122
125
129
134
139
142
146
148
151
155
159
161
161
158
158
159
163
167
167
166
167
167
163
164
163
162
158
153
146
142
135
130
127
125
125
125
125
126
131
136
142
146
148
148
146
143
143
146
149
147
142
142
146
151
144
131
118
111
106
105
109
111
106
106
104
96
148
128
104
104
117
126
128
131
127
127
144
151
141
134
137
143
145
143
142
144
146
144
141
139
134
129
124
120
121
124
128
133
139
143
145
146
149
153
159
164
164
163
161
164
172
175
174
170
170
168
165
165
164
165
164
159
152
147
138
135
131
129
128
127
127
128
132
138
143
147
152
154
150
144
142
142
145
146
144
144
146
150
144
132
119
110
105
108
113
115
108
106
104
97
147
127
100
100
115
126
129
133
131
131
147
156
145
135
137
145
145
142
141
146
148
143
141
140
137
128
123
118
116
119
120
122
127
130
133
134
136
141
148
157
162
163
161
167
176
179
175
172
169
165
162
159
156
157
157
153
148
144
142
138
135
133
132
131
131
131
134
139
144
148
155
159
154
145
140
140
142
145
146
145
145
146
143
132
119
109
105
108
113
114
110
107
103
96
117
102
92
100
117
126
132
137
133
134
146
159
151
139
141
142
143
141
144
144
143
145
141
139
136
127
119
116
114
111
110
109
110
124
122
121
125
130
136
142
150
153
150
157
165
165
163
161
158
155
150
146
142
142
143
142
138
133
133
132
130
130
130
131
133
133
139
141
144
148
152
153
151
145
140
141
144
147
146
144
143
144
138
129
116
107
100
105
112
116
109
108
103
94
72
62
75
95
115
123
131
143
137
128
142
160
156
145
141
140
141
142
137
140
142
144
141
136
130
119
110
107
109
107
101
102
107
120
121
121
125
131
132
135
139
141
137
141
145
146
147
147
145
142
138
137
134
130
130
129
124
119
121
123
125
124
123
126
129
132
135
140
143
145
148
150
148
143
141
142
143
146
145
143
141
142
137
124
113
104
96
104
113
110
108
108
100
89
44
41
61
89
112
122
132
148
141
128
141
158
161
150
143
139
140
143
144
139
135
140
140
132
118
102
96
101
115
123
112
114
125
139
139
138
143
145
142
137
138
140
135
132
132
136
141
143
141
137
134
136
134
130
132
133
125
115
112
113
113
109
109
114
120
124
129
137
141
141
146
148
145
143
142
143
145
146
145
143
143
143
138
123
112
102
97
109
117
108
107
109
97
84
39
42
58
82
104
123
133
149
142
131
142
158
162
154
146
142
141
143
150
139
132
137
137
125
104
83
83
99
133
160
152
153
163
179
175
175
177
178
172
164
162
163
151
143
141
148
156
158
154
152
150
154
151
150
158
160
146
129
125
119
116
116
117
117
114
110
119
130
135
137
143
145
141
141
142
144
145
144
142
142
143
145
136
120
105
94
98
111
116
107
110
110
95
80
36
41
55
76
98
121
136
148
144
134
141
156
164
160
152
147
144
146
150
148
144
143
141
131
111
87
74
95
140
184
188
185
191
203
198
199
205
207
201
194
193
194
184
173
170
180
189
188
183
179
176
181
179
178
190
192
176
158
144
139
139
148
151
141
120
104
108
122
129
132
139
142
139
140
140
142
142
139
138
140
142
143
132
117
98
88
104
113
113
107
109
107
92
80
30
36
48
70
95
118
137
148
150
141
138
153
167
167
159
153
149
151
147
151
147
139
136
138
127
103
84
98
132
178
197
194
198
207
203
210
220
223
218
214
217
220
214
205
202
210
218
216
209
206
202
207
205
204
214
217
203
190
178
173
173
177
175
155
127
107
108
118
127
133
139
141
139
140
141
142
140
137
136
139
140
139
126
114
95
90
113
115
109
106
105
99
86
81
27
29
39
60
88
110
133
143
154
150
139
149
166
169
166
162
156
156
155
157
150
141
138
141
139
124
110
111
121
149
181
182
193
204
207
216
227
228
221
220
228
234
226
217
215
221
227
224
220
219
221
223
218
216
226
225
212
202
204
201
194
180
164
143
124
113
117
124
133
140
143
144
143
143
145
144
141
138
140
143
140
133
116
104
94
97
121
114
108
106
104
94
83
85
29
27
33
49
78
102
129
134
153
157
142
148
161
167
169
168
161
159
158
159
157
153
143
137
137
135
122
115
107
119
153
160
180
198
207
217
225
220
211
212
223
231
227
220
217
221
226
225
222
222
228
227
218
216
226
223
204
194
192
194
186
163
139
127
123
123
127
130
139
146
148
147
147
146
148
146
141
140
144
147
140
129
112
98
98
109
128
119
112
109
106
94
85
91
44
31
31
43
67
99
118
127
156
163
150
144
153
164
172
175
166
161
162
159
159
157
148
143
138
128
120
109
104
101
118
127
150
166
178
195
211
213
209
210
215
221
217
212
212
217
219
217
216
217
221
216
206
203
208
201
180
165
160
153
142
133
127
126
129
133
136
137
142
149
151
147
145
146
150
144
142
144
148
150
140
125
109
98
99
125
134
125
114
110
103
90
88
96
59
38
30
34
60
95
110
120
151
171
156
142
147
164
175
177
168
165
165
159
156
153
149
147
140
132
122
113
104
99
99
103
117
134
144
162
182
191
191
192
194
195
197
196
199
203
204
200
196
194
192
188
176
169
170
163
148
139
130
120
111
113
124
132
137
137
137
139
144
151
155
152
147
145
147
144
144
146
150
151
138
121
104
99
106
133
139
128
114
107
96
88
89
96
80
58
39
32
49
82
98
115
143
167
163
146
142
158
174
177
167
163
165
161
155
149
145
144
137
130
128
122
109
103
92
93
98
112
120
135
149
156
156
157
156
154
151
153
158
161
162
157
151
147
139
138
129
123
122
118
111
109
113
118
125
130
133
136
139
141
142
142
145
150
156
156
152
147
145
145
147
150
153
153
137
116
104
108
120
142
141
127
113
104
92
89
91
96
103
86
63
49
54
73
86
111
133
152
168
156
146
152
170
179
170
162
162
161
155
146
140
136
131
129
129
124
110
106
96
97
98
106
115
124
134
137
139
140
141
140
145
150
154
155
156
153
147
142
136
135
129
123
120
117
114
114
112
119
126
129
131
135
139
142
145
144
143
146
152
157
156
152
146
149
152
154
155
151
133
114
107
121
137
151
141
125
112
102
97
95
95
95
119
106
90
77
75
77
80
101
120
141
164
162
151
149
164
175
171
164
161
159
153
144
136
132
131
132
131
125
115
109
105
105
104
108
116
125
134
137
139
142
144
145
148
154
159
159
159
158
152
146
141
138
131
126
124
120
117
116
118
122
126
129
133
140
146
150
147
145
143
144
149
155
157
156
149
154
159
160
158
146
128
114
115
136
153
159
142
123
108
100
101
100
99
97
129
121
112
102
96
91
86
91
105
132
159
166
158
153
162
168
168
169
164
157
147
139
134
131
132
133
132
129
123
116
115
112
116
118
126
132
141
144
144
145
148
150
157
164
170
171
170
167
161
153
150
145
137
133
131
128
127
125
121
127
135
138
138
140
144
148
147
145
143
143
148
154
156
155
153
158
164
165
157
139
126
122
139
159
163
156
135
115
102
99
101
102
100
98
139
132
127
121
114
104
95
84
92
116
151
168
165
158
161
162
166
171
165
153
143
137
131
129
130
131
131
130
127
122
123
122
125
129
137
144
151
155
154
156
159
163
167
174
180
182
180
176
170
163
162
153
146
141
138
136
135
132
133
133
134
137
139
141
143
145
143
142
141
144
149
155
154
153
157
160
164
163
151
132
128
136
161
174
160
141
123
107
95
98
99
100
99
98
141
134
130
134
127
113
100
79
84
104
135
162
163
154
155
156
162
170
161
147
141
138
130
127
130
132
134
132
129
126
131
133
134
135
144
152
161
166
165
164
165
168
174
181
186
189
187
183
177
172
165
158
152
149
146
143
142
141
138
139
140
139
137
137
140
145
143
141
139
144
150
154
153
152
159
160
161
159
145
128
131
150
166
175
152
129
115
103
91
95
98
99
98
98
143
137
134
136
137
130
113
86
79
89
114
143
153
151
151
151
159
168
158
147
141
141
133
129
130
131
132
132
129
129
130
131
132
136
144
152
161
165
165
166
167
168
174
179
185
188
187
182
176
172
168
163
157
153
149
146
145
144
143
142
141
141
137
135
137
142
142
143
137
138
149
151
149
154
161
163
157
143
133
134
146
160
166
155
136
117
111
95
89
93
100
101
102
100
145
142
138
138
141
138
127
100
84
83
98
122
141
150
146
146
157
161
155
148
145
142
134
129
130
130
133
131
128
126
128
128
128
130
139
147
155
160
161
160
161
162
165
170
175
178
178
174
171
168
162
160
155
153
149
145
144
143
141
142
141
141
137
136
138
142
142
143
138
137
145
149
153
159
163
160
151
137
133
141
157
165
156
137
121
112
103
95
93
96
100
103
102
98
148
144
141
141
144
143
139
118
97
85
87
101
128
148
144
144
154
153
150
150
149
145
137
131
130
132
132
131
127
124
127
126
124
126
135
139
147
151
152
152
154
155
155
159
163
166
166
166
163
161
157
156
155
153
149
144
142
141
141
143
142
139
136
136
140
143
144
143
139
137
141
149
159
166
161
154
144
136
138
153
163
162
143
123
110
109
92
90
95
101
101
103
101
97
148
145
141
142
144
143
142
128
111
98
87
92
116
140
142
142
147
146
148
150
151
147
140
134
130
132
132
131
128
127
128
127
127
129
131
135
141
143
145
146
146
147
147
151
155
158
159
160
158
157
154
154
154
153
148
142
140
140
140
141
140
135
132
134
140
143
143
141
140
139
142
153
164
167
156
145
139
139
145
158
160
148
132
114
104
104
92
92
100
103
103
103
98
94
149
145
143
142
143
140
142
135
122
106
89
88
105
127
138
142
143
141
144
148
151
149
142
136
131
131
131
131
129
128
128
128
128
131
131
133
139
141
142
142
140
140
142
147
151
154
156
156
156
155
153
154
153
151
145
141
140
140
139
140
137
131
128
132
138
141
140
138
140
143
147
158
165
160
148
139
137
142
148
155
148
135
119
105
96
94
100
105
108
105
107
104
96
87
150
145
144
142
142
141
145
140
127
108
91
89
98
113
130
142
143
140
139
143
148
147
142
136
132
130
130
131
130
129
128
128
128
131
132
134
139
143
143
141
137
136
139
146
152
155
156
157
157
157
152
151
149
147
143
141
140
139
138
137
134
130
129
133
137
138
138
137
141
147
154
161
160
152
139
137
140
147
151
147
134
120
106
101
96
93
107
112
115
109
107
102
98
92
151
144
143
141
142
140
142
139
128
109
96
92
95
101
115
137
143
138
133
135
142
146
141
134
133
130
130
130
129
128
128
128
128
130
133
135
138
143
143
140
137
137
141
147
154
158
158
158
157
158
151
149
144
142
140
139
139
138
137
135
132
132
133
137
136
136
136
137
142
150
157
159
152
141
135
141
148
152
147
137
123
111
103
104
102
101
108
114
116
112
105
102
106
103
152
145
141
140
142
137
137
134
128
113
102
93
94
92
100
128
140
134
128
129
139
144
139
133
133
130
129
129
128
128
130
130
130
131
133
133
136
139
139
138
138
139
141
148
155
158
158
157
156
156
151
146
142
139
138
138
138
137
136
133
132
134
139
140
137
132
135
137
142
150
156
154
143
133
139
150
155
148
139
130
119
110
107
105
103
106
108
116
115
109
109
104
111
108
155
146
141
142
136
134
130
127
123
111
99
95
93
91
94
119
127
126
129
130
133
138
141
137
133
130
131
129
129
131
132
130
130
130
132
131
132
134
137
140
143
143
146
151
155
156
156
156
155
155
148
146
143
140
138
137
136
136
135
134
136
140
146
145
139
133
134
142
145
149
153
144
134
138
150
157
154
141
127
116
110
112
110
107
103
105
114
118
111
106
112
120
117
104
158
148
142
139
133
128
122
117
112
102
90
86
89
95
94
104
110
120
132
134
137
140
141
139
136
134
133
133
134
135
134
131
129
128
128
128
129
133
137
141
144
144
147
152
156
158
157
156
153
152
149
147
144
141
140
138
139
137
133
135
138
143
146
144
138
134
134
142
145
146
146
138
134
140
155
153
141
127
117
110
108
112
109
103
100
107
121
124
111
103
120
136
119
81
163
152
143
137
126
117
108
103
98
90
77
73
81
95
97
96
99
113
129
134
137
138
139
141
140
137
135
135
136
138
136
133
128
126
123
126
130
135
140
144
146
147
151
155
160
162
161
158
153
150
147
146
144
144
143
142
139
136
133
136
139
141
142
139
137
135
135
141
144
142
137
136
139
148
151
143
129
118
112
108
106
108
110
106
106
108
116
118
111
116
130
140
104
54
168
156
145
135
120
107
97
88
82
74
64
63
70
90
98
99
98
106
122
129
134
134
135
138
138
134
133
133
133
135
136
133
127
125
121
126
132
140
144
148
149
151
157
160
165
168
169
163
156
150
146
146
146
147
145
143
139
136
136
137
137
137
134
133
133
135
137
140
140
136
133
136
146
152
140
131
121
115
114
111
110
110
108
110
115
114
112
112
121
140
146
122
72
41
175
160
146
132
115
100
87
79
69
60
52
51
58
83
98
101
98
103
111
122
130
130
129
130
131
130
131
130
129
131
134
133
129
125
123
126
133
139
145
150
152
155
162
164
168
174
175
169
159
151
150
150
149
148
144
142
141
139
137
136
135
131
129
130
132
132
136
135
135
134
134
140
145
145
132
124
116
112
111
113
116
118
111
114
119
119
117
120
140
162
156
97
49
40
181
163
147
130
110
91
78
69
56
46
41
38
48
79
96
99
101
106
99
113
125
126
122
122
128
132
134
132
130
130
134
134
131
126
124
129
133
138
143
148
154
159
163
166
170
176
177
171
160
153
155
154
152
147
143
141
140
140
137
135
132
129
129
127
129
129
129
129
132
136
140
143
140
134
127
120
116
113
112
114
120
122
118
118
116
119
127
147
172
178
134
72
42
41
184
167
148
126
103
79
65
57
46
40
36
33
40
71
88
97
105
109
97
105
114
120
120
120
125
130
133
133
131
131
133
134
131
128
127
129
133
139
144
149
156
162
165
167
172
177
177
171
163
157
156
155
152
148
145
143
141
139
136
135
132
130
127
125
124
124
123
125
131
139
144
142
134
126
121
119
118
119
118
121
123
122
115
119
118
134
158
185
196
163
88
53
46
36
188
171
151
126
97
69
53
47
41
40
39
34
38
64
82
97
108
107
102
102
105
112
117
120
122
125
129
130
130
129
131
132
131
126
127
129
136
142
148
153
159
163
165
168
173
178
177
170
164
162
155
154
153
151
151
147
142
139
137
135
132
129
126
124
122
121
121
126
133
140
144
138
127
120
119
118
121
123
123
126
127
123
115
126
132
161
194
213
192
118
55
42
52
32
189
171
151
120
87
62
41
36
42
39
39
36
36
50
74
91
104
107
108
108
103
110
115
113
115
120
122
126
130
131
131
130
130
130
129
134
139
146
150
155
160
162
164
169
174
176
176
174
170
166
159
157
157
157
155
149
144
140
136
134
131
127
122
120
119
120
122
127
134
136
134
129
124
121
119
120
124
124
126
128
128
123
123
139
163
199
222
205
146
73
37
46
46
33
183
162
141
110
79
56
42
40
43
41
39
36
40
43
62
79
93
101
109
112
108
110
110
107
108
109
114
120
128
132
132
131
131
130
134
138
144
149
152
156
160
162
161
164
170
173
174
173
170
168
162
161
159
158
156
150
144
139
136
133
128
123
121
118
119
120
123
129
134
132
127
122
121
123
123
124
126
126
124
124
128
132
145
178
207
227
220
163
92
50
51
46
33
36
175
149
120
91
64
48
41
43
45
40
37
36
41
37
46
63
79
94
109
115
113
110
108
105
105
105
109
114
122
126
130
130
130
130
136
138
143
147
150
153
156
158
157
159
163
169
170
168
165
165
162
161
159
156
154
151
144
139
135
132
125
119
116
116
121
125
131
134
133
124
115
115
122
129
127
126
129
130
127
129
142
156
179
212
235
228
188
114
57
49
58
45
26
39
154
123
91
70
51
42
40
42
42
37
36
40
40
39
38
52
75
93
108
113
114
109
107
107
106
103
106
109
114
120
124
128
129
129
133
137
141
144
147
149
152
154
152
153
157
162
163
161
160
162
162
161
158
152
147
146
142
138
134
130
123
116
112
114
124
132
133
134
131
123
117
117
123
127
132
134
136
137
137
147
173
198
219
234
242
205
140
80
46
45
52
43
35
40
116
84
62
51
42
39
38
40
40
38
37
42
35
42
33
44
81
107
117
117
118
116
115
115
110
105
103
104
108
116
122
124
125
125
129
133
137
140
142
144
148
147
146
147
151
156
157
156
156
157
161
160
156
148
142
140
139
137
134
127
119
113
111
117
125
133
134
131
125
121
121
124
126
128
133
140
140
139
147
171
208
241
246
243
228
165
97
68
54
48
44
41
47
40
81
55
44
40
39
38
38
39
39
38
38
42
31
41
30
41
95
133
134
124
121
122
123
124
116
109
105
104
105
108
112
116
121
123
126
130
134
135
138
140
143
145
145
146
148
150
151
149
148
149
152
152
149
142
138
136
135
134
129
123
116
115
121
127
131
133
134
128
122
121
124
128
131
135
137
138
144
166
201
227
236
237
244
229
188
114
65
58
54
51
44
40
50
42
59
45
38
39
39
40
38
37
37
38
38
39
34
40
31
45
113
161
155
134
122
122
124
125
119
115
114
110
105
104
105
108
115
121
126
129
131
133
134
138
143
144
144
144
143
144
142
141
139
139
139
139
138
136
132
130
129
128
123
120
118
124
131
135
134
133
128
126
128
133
134
132
134
138
142
156
173
195
223
239
243
245
243
210
153
91
61
59
53
48
45
41
46
42
46
43
42
42
41
39
37
36
36
37
35
38
43
40
35
50
128
182
179
148
129
125
126
127
123
124
119
116
112
108
105
105
109
116
120
123
125
124
127
132
138
140
139
139
138
136
135
135
134
134
133
132
132
132
129
125
122
120
119
121
125
130
134
134
131
128
127
127
133
140
139
135
139
146
162
185
210
230
246
247
245
246
230
175
110
68
54
56
52
46
43
43
40
40
41
40
42
44
44
42
41
40
40
39
40
38
38
46
39
55
139
197
202
169
139
129
130
132
132
132
128
126
122
117
112
110
110
112
114
115
117
122
124
125
127
130
131
131
131
130
129
127
127
127
125
126
127
129
128
126
125
127
126
130
132
131
130
131
132
132
133
135
140
138
137
142
155
177
195
214
231
246
250
241
245
235
196
124
72
53
49
48
49
42
41
39
38
38
44
43
43
44
44
42
42
41
41
39
38
40
37
45
38
60
144
206
217
189
156
136
130
133
137
137
135
133
130
127
123
117
115
115
114
116
119
123
124
122
121
122
122
123
124
125
124
123
122
123
124
126
129
132
133
133
134
135
138
139
137
132
128
129
134
137
141
144
145
140
145
164
185
205
227
235
240
246
247
242
237
210
148
83
55
51
49
48
46
42
39
37
36
36
44
40
43
42
42
43
43
42
41
39
38
41
33
42
38
66
144
208
226
206
176
146
129
131
136
139
139
139
138
137
133
127
122
119
115
119
122
124
124
122
121
120
121
122
123
125
126
126
127
128
131
133
136
139
141
144
145
145
146
144
138
133
130
134
139
144
146
148
150
153
171
195
218
234
244
245
244
246
249
245
225
176
107
54
48
51
48
46
44
44
40
38
35
35
