32
31
21
21
16
14
12
8
16
33
38
31
34
43
48
49
50
57
71
82
93
99
105
110
112
117
121
125
129
128
130
132
135
138
143
145
146
147
149
153
156
157
159
159
157
155
155
154
152
152
151
150
148
148
150
153
153
151
149
148
147
145
144
143
141
139
139
137
136
139
140
138
137
129
123
118
111
101
90
82
76
70
56
45
35
30
26
25
31
38
42
44
42
42
13
10
14
13
9
9
10
8
16
29
31
29
34
47
53
52
57
58
71
80
91
100
111
116
117
120
122
128
130
128
131
135
137
140
144
146
147
147
151
156
158
158
158
159
157
157
156
155
153
153
152
153
153
152
154
156
156
153
151
152
150
149
151
153
151
147
146
143
140
140
141
141
140
136
131
126
121
114
103
93
84
77
70
60
49
43
36
29
28
33
42
50
54
52
14
21
22
21
16
12
13
14
17
22
20
31
45
55
62
62
60
63
71
79
89
101
114
120
122
122
126
131
134
135
138
142
146
149
148
149
150
151
152
155
157
158
159
160
159
157
156
156
155
152
152
153
156
159
160
159
157
156
158
155
153
154
156
157
155
153
151
145
141
141
140
141
139
135
131
128
124
117
110
104
96
88
80
70
60
52
45
39
36
35
42
53
58
57
30
35
35
31
22
16
16
17
17
18
20
35
53
67
72
68
65
68
73
78
84
94
106
116
122
126
130
135
140
143
146
149
152
154
154
154
154
154
155
155
157
158
160
163
164
163
161
160
156
153
153
154
157
159
161
161
161
161
161
158
156
157
158
159
157
155
153
148
144
143
140
140
138
135
133
131
127
122
116
113
107
100
89
79
68
61
52
47
45
44
48
54
53
53
42
43
39
34
25
19
18
18
15
13
20
38
60
75
79
73
70
73
75
78
80
85
94
105
119
131
135
141
145
147
151
155
156
158
157
157
156
155
156
157
159
160
163
165
168
167
165
163
160
158
158
159
160
161
161
161
162
163
162
160
159
159
160
160
158
157
155
151
148
146
142
141
140
137
133
131
129
126
121
118
113
107
96
86
77
69
60
53
49
48
53
56
57
58
36
35
32
27
21
17
17
14
13
17
27
44
63
77
82
81
79
78
81
84
86
87
88
97
114
131
139
142
144
146
151
154
155
156
155
155
156
157
159
161
163
163
165
167
167
165
163
162
162
162
163
164
163
161
160
160
160
161
161
160
160
159
160
159
158
157
155
152
150
150
146
145
144
141
139
136
134
131
128
125
119
111
106
96
87
80
69
60
53
50
54
61
63
65
22
23
27
21
17
15
12
7
13
26
40
54
67
78
87
95
92
87
89
94
100
99
97
99
113
130
137
140
142
145
150
154
154
154
153
153
155
157
160
162
163
163
163
163
163
161
160
161
164
165
167
166
164
161
160
161
162
162
159
159
159
160
159
158
156
155
154
151
150
151
150
150
148
145
143
142
139
137
134
131
126
119
112
101
90
82
72
65
61
58
57
61
60
60
24
24
28
22
17
14
10
8
20
40
55
65
72
80
94
103
103
98
98
105
114
116
113
110
118
130
136
140
144
148
153
156
155
154
153
153
154
157
159
161
161
160
161
162
163
163
162
162
164
165
165
165
164
163
163
165
165
164
161
161
162
161
160
158
157
156
153
150
150
150
149
149
148
145
144
141
138
137
134
134
129
125
112
99
86
78
71
68
69
71
71
71
65
62
34
31
27
24
18
15
16
22
40
59
71
76
80
85
96
106
110
109
112
116
123
128
128
124
127
134
139
146
151
154
157
158
158
159
160
159
160
161
163
165
164
163
165
166
166
166
166
165
164
166
163
163
164
165
168
169
169
166
163
163
164
164
163
161
159
158
154
152
150
149
147
147
148
146
147
144
142
140
138
137
134
128
115
105
92
84
75
71
71
73
79
83
77
75
36
31
26
23
18
18
26
40
58
75
85
87
87
89
96
105
113
120
126
125
127
133
136
134
135
141
147
153
157
159
160
160
162
164
167
166
166
168
171
172
172
171
172
172
172
171
168
166
166
167
162
163
163
165
171
173
170
166
164
164
165
165
165
164
162
161
157
155
153
151
147
147
149
149
148
145
145
143
141
138
131
124
121
114
104
93
80
68
63
62
70
77
77
75
28
25
20
21
23
31
43
60
76
85
89
92
93
99
104
106
111
123
131
140
135
133
134
137
147
148
155
158
161
162
162
162
165
170
171
172
171
171
172
175
174
172
173
174
174
170
167
165
166
168
164
163
163
167
172
173
172
170
164
164
164
166
167
166
163
160
158
157
155
152
150
149
149
150
149
146
146
143
140
138
135
130
121
115
106
96
85
74
66
58
59
62
60
63
23
19
23
29
41
55
64
71
82
90
94
95
98
104
106
103
107
119
135
143
142
138
134
137
147
154
157
160
161
162
165
166
166
169
172
173
173
173
176
179
179
176
176
177
176
173
171
170
170
170
167
166
166
168
172
174
173
171
168
168
167
167
167
166
164
162
159
158
156
153
151
149
149
148
148
146
144
142
139
138
136
132
126
115
102
92
85
78
72
67
60
61
59
60
32
37
43
51
61
72
75
78
86
95
101
101
106
112
110
104
106
111
123
132
143
143
140
140
143
151
154
158
160
162
165
168
169
171
173
174
175
175
177
179
180
179
180
180
178
175
174
176
176
175
172
169
169
170
174
176
176
173
172
173
172
169
166
165
163
162
160
160
158
154
151
150
149
148
147
145
144
142
139
138
137
135
127
114
100
90
82
76
74
72
70
69
65
63
48
58
67
69
72
70
73
81
92
102
106
109
116
118
114
112
113
107
107
114
130
138
143
145
141
147
154
161
164
164
165
169
172
175
175
177
178
177
177
179
180
181
184
183
180
176
176
179
181
180
177
175
172
173
175
178
178
177
176
176
175
172
168
164
161
160
160
159
158
154
152
150
149
148
146
144
143
141
137
137
135
134
123
114
104
93
80
70
69
70
80
80
75
72
63
64
66
67
68
72
81
93
105
111
111
112
118
121
117
121
123
117
106
105
117
126
140
151
146
151
160
166
167
165
166
170
173
175
176
178
180
179
178
180
184
187
188
188
186
182
181
183
184
183
181
178
174
174
175
177
178
177
177
176
172
169
165
162
160
158
156
158
158
155
152
151
150
148
147
144
142
140
138
136
133
129
122
116
109
98
82
68
64
64
75
79
75
73
63
57
54
58
69
86
100
107
111
115
114
109
115
120
120
124
130
130
116
111
116
123
138
151
149
153
160
161
160
159
164
167
169
169
171
174
176
177
176
178
183
187
189
190
190
188
186
185
183
183
179
176
174
172
171
172
173
172
170
168
163
158
155
154
154
154
154
157
157
155
153
152
151
149
148
144
141
140
138
135
132
126
125
117
108
99
87
74
66
61
63
66
64
65
61
60
58
65
80
98
110
112
111
112
110
109
112
119
121
125
132
135
126
125
128
132
139
147
147
152
154
153
152
153
159
162
162
163
163
165
167
169
169
170
173
176
178
179
180
182
180
176
174
173
171
170
168
166
164
163
163
163
161
159
154
151
148
147
147
148
152
156
157
156
153
154
152
149
147
144
141
139
137
134
130
125
125
115
106
100
93
85
74
64
57
58
55
58
57
63
72
82
92
100
106
109
110
111
107
110
116
120
122
127
133
134
135
138
141
139
140
143
147
153
152
152
152
155
158
159
160
163
161
161
162
163
162
162
163
164
164
163
165
169
169
164
161
161
162
162
162
161
159
157
156
157
155
154
152
150
147
146
146
146
151
155
158
156
154
154
152
149
146
143
142
139
136
134
130
126
123
114
106
102
98
93
81
69
60
55
52
55
59
70
80
91
103
105
108
111
111
111
108
112
116
120
124
129
133
135
135
139
144
144
142
141
145
149
151
153
154
156
160
161
159
159
156
160
163
164
164
165
164
161
160
161
163
166
167
163
159
157
158
162
164
161
158
158
156
154
156
157
157
153
150
148
148
149
150
153
156
158
158
156
152
149
145
146
141
138
138
133
128
126
125
114
107
103
100
97
83
72
65
63
61
56
64
74
82
91
99
103
107
109
111
114
111
115
119
122
126
130
135
138
138
141
144
143
142
142
144
147
153
154
153
155
159
159
156
155
153
157
160
163
166
170
169
166
163
163
163
166
169
166
163
161
162
164
164
162
162
164
164
161
160
162
163
162
158
155
153
152
152
154
157
156
155
154
152
149
146
145
139
136
138
135
130
126
121
118
116
108
96
88
77
70
68
66
64
64
73
81
84
89
96
102
107
108
111
116
116
120
123
125
128
131
135
138
138
141
143
144
145
146
148
150
156
156
153
154
157
159
156
155
155
157
161
164
168
171
170
167
167
166
166
167
169
168
167
166
165
165
162
160
161
164
164
162
160
164
167
167
164
160
157
155
157
158
158
156
156
155
154
153
149
144
138
135
139
137
131
127
121
117
116
109
97
86
72
64
65
65
69
70
79
85
81
86
92
101
108
109
112
116
120
125
128
130
130
131
134
136
137
140
143
146
148
149
150
151
154
153
150
150
154
157
158
159
159
159
161
164
168
170
168
166
167
167
168
168
168
168
168
169
167
165
161
159
159
159
159
158
156
161
165
165
163
161
158
157
160
160
159
157
156
156
155
155
152
146
138
136
139
139
133
127
122
115
113
107
101
92
75
61
56
60
68
70
76
79
77
83
90
99
107
109
112
118
123
127
130
131
131
132
135
137
137
141
144
147
148
148
148
148
148
149
148
149
153
156
158
161
161
161
161
162
165
167
166
165
165
167
169
168
166
166
167
169
166
165
162
160
160
159
159
158
159
161
163
163
161
160
160
162
164
162
160
158
157
157
156
155
153
146
139
138
139
140
135
130
122
116
113
109
102
92
78
65
54
56
60
62
67
69
74
82
89
96
103
108
113
119
123
126
129
130
130
133
136
139
138
141
144
146
148
148
148
148
148
151
154
155
158
160
162
164
166
164
163
163
164
165
164
163
163
165
165
164
163
165
167
168
162
161
160
162
163
164
164
165
169
169
169
165
165
165
167
169
170
166
163
160
160
160
159
156
152
148
144
141
138
137
136
131
122
116
113
108
102
93
79
66
59
56
54
53
60
63
72
82
89
94
100
107
113
118
122
124
126
128
130
134
139
142
140
142
144
146
148
150
152
153
154
158
161
162
164
166
167
170
172
170
168
167
166
165
164
164
163
162
160
159
163
167
169
168
160
158
159
162
166
168
169
170
176
175
173
169
166
167
171
173
172
168
163
161
163
165
161
159
155
152
151
145
137
134
134
131
125
117
113
109
105
97
80
69
64
58
54
53
56
60
70
82
90
93
99
107
113
116
122
123
125
126
129
134
141
145
144
144
144
145
148
151
153
155
160
163
165
165
167
169
171
174
174
173
172
171
169
167
167
167
166
161
156
157
164
171
173
171
163
159
158
163
168
170
171
173
174
174
171
167
165
166
170
172
171
165
160
159
163
165
163
159
158
158
156
149
138
133
132
131
127
120
118
114
109
101
86
75
65
60
58
59
55
64
76
85
90
89
95
105
113
118
124
124
125
128
131
134
139
142
142
144
143
143
145
151
156
158
161
163
165
166
170
173
173
174
174
175
173
170
173
172
170
172
170
163
158
157
167
182
173
172
163
159
160
164
169
175
176
173
178
182
178
167
164
167
169
166
165
157
153
154
156
156
153
151
151
153
153
149
142
136
133
132
129
124
123
118
110
105
91
74
60
58
60
64
56
65
74
84
88
89
95
105
113
118
126
125
126
127
130
134
140
141
139
139
140
140
144
148
152
155
157
159
161
166
173
176
175
176
176
175
174
175
176
174
174
176
171
165
162
161
169
182
171
169
163
161
163
166
173
183
186
182
182
184
179
171
167
169
168
162
156
152
147
146
144
140
135
133
135
140
144
144
140
137
135
134
130
126
124
119
112
106
95
79
61
55
54
57
56
60
71
81
88
90
97
106
113
118
123
125
127
127
129
131
132
131
129
129
131
135
140
146
151
155
157
158
162
168
177
181
181
182
180
178
179
179
175
172
173
176
173
170
165
164
169
182
173
169
170
168
167
168
176
190
193
187
186
183
179
173
167
167
163
154
145
142
136
130
124
119
115
114
117
122
128
131
133
135
135
133
133
129
127
124
118
112
103
89
69
57
49
51
58
56
71
83
92
95
100
106
112
116
120
125
128
127
124
122
117
113
108
107
109
115
122
127
133
139
140
142
146
155
167
174
179
184
186
187
190
187
176
170
170
169
176
173
166
163
168
181
177
174
176
171
166
167
179
195
195
183
174
168
164
160
152
149
145
135
121
119
115
109
103
100
101
105
111
113
118
121
125
131
133
132
133
130
129
128
124
118
108
96
80
62
48
46
58
59
75
87
96
100
103
106
111
116
121
126
125
120
112
105
98
92
84
81
80
86
91
93
97
102
111
111
116
124
135
147
158
170
175
184
193
189
177
174
175
174
178
175
166
162
166
180
179
177
170
162
155
160
177
190
183
165
149
143
139
134
124
119
116
110
104
104
103
99
97
97
102
107
111
111
113
117
122
126
129
130
132
130
128
126
124
119
110
102
89
69
50
44
54
62
75
86
95
99
102
107
114
119
123
121
115
105
96
89
85
82
80
76
74
75
75
73
75
76
78
77
77
81
91
104
123
141
155
168
179
176
168
168
172
173
178
179
168
162
163
175
176
175
164
152
146
154
170
176
160
136
120
116
113
105
96
90
90
88
90
93
98
100
101
104
109
113
111
109
112
117
122
125
126
127
131
132
130
127
124
121
114
106
97
78
57
46
50
62
77
87
94
99
103
108
113
117
117
112
102
94
88
87
87
88
91
89
87
87
84
81
81
82
86
82
79
81
89
100
121
140
154
167
173
169
164
164
169
174
180
183
171
161
158
168
171
171
164
152
146
152
162
158
136
114
97
98
97
90
84
83
87
90
88
94
103
110
114
118
121
122
117
114
114
119
123
122
121
123
129
136
137
131
128
124
116
109
98
86
69
55
52
64
81
91
97
102
106
109
110
111
109
102
94
91
91
94
97
99
98
98
98
99
98
96
96
97
97
92
86
83
84
90
105
122
142
152
157
154
153
156
164
173
184
186
173
160
154
161
168
170
162
149
142
146
148
138
117
97
89
95
96
94
95
99
108
115
120
126
131
135
137
138
135
134
130
124
122
124
124
119
116
117
125
136
141
135
129
124
115
106
94
88
77
64
52
67
83
94
102
105
111
110
107
109
102
97
92
92
100
108
115
117
117
118
119
120
120
121
118
113
107
106
98
92
89
92
101
114
128
138
145
146
149
153
160
169
179
181
173
161
154
156
166
169
160
145
140
142
140
128
111
100
98
104
108
110
113
123
138
148
152
158
162
157
151
150
149
144
141
138
135
131
128
123
118
115
120
131
137
133
131
133
126
115
103
91
84
74
54
69
82
93
103
108
113
112
109
108
101
99
98
101
110
120
125
128
131
134
137
140
144
143
137
131
123
127
126
117
109
107
111
115
128
134
136
135
141
146
153
162
173
177
169
158
151
154
162
166
156
142
137
137
134
127
114
109
110
117
124
128
134
146
162
172
177
177
176
170
163
157
155
150
149
145
141
139
135
130
123
118
120
124
126
127
133
137
133
125
108
96
86
74
56
70
83
92
104
110
113
113
111
107
107
107
108
113
119
124
131
133
137
142
147
153
159
162
158
152
146
145
142
135
125
120
117
115
121
128
134
139
145
147
150
156
166
170
165
156
149
152
160
162
154
142
136
136
131
126
118
117
124
132
140
142
148
160
171
177
178
177
177
176
170
164
159
154
151
147
143
140
138
132
126
122
122
119
119
126
139
144
138
128
120
105
87
70
59
74
89
96
105
111
114
115
112
106
104
107
112
118
123
128
133
136
143
149
155
161
169
175
175
173
165
155
150
147
137
130
128
128
130
137
143
143
144
143
145
152
159
166
164
156
151
153
159
159
152
140
135
134
131
127
122
123
129
137
146
150
157
168
177
180
181
182
184
184
180
173
166
158
154
151
146
142
138
134
131
130
129
124
122
131
144
149
138
125
122
110
90
69
58
78
93
99
108
114
116
117
113
104
103
108
115
122
127
132
136
140
148
155
163
168
174
181
184
183
182
172
165
159
147
136
134
134
134
138
140
140
140
138
140
146
156
165
165
160
156
157
159
155
147
133
127
127
127
129
129
133
141
147
151
154
160
168
175
176
179
182
187
188
185
181
173
165
152
148
144
142
143
142
139
137
134
130
129
134
145
150
140
126
117
111
99
78
57
78
93
102
112
116
118
117
112
104
106
111
119
126
133
137
141
145
152
160
168
172
178
185
187
185
182
178
171
162
150
143
134
128
127
129
126
127
132
134
137
144
157
167
169
165
162
162
160
152
140
124
117
118
125
132
138
144
149
151
152
152
154
160
164
166
171
176
183
187
186
182
172
160
149
143
140
144
151
150
143
136
132
136
138
141
146
148
138
125
119
118
108
87
55
80
94
107
115
116
119
117
112
108
108
112
119
127
135
141
145
147
154
158
160
162
169
178
179
176
172
170
164
159
156
152
145
139
134
129
119
114
119
125
133
145
158
169
170
168
166
165
159
148
130
117
112
116
126
135
141
146
149
147
144
143
142
142
142
143
153
155
163
169
171
169
161
151
143
139
138
144
152
152
143
133
136
146
151
151
147
142
133
125
125
123
110
89
54
82
98
112
119
117
118
116
113
114
114
116
121
127
134
138
140
141
144
142
137
135
143
153
156
152
146
146
139
135
133
130
129
132
134
130
122
115
116
120
129
142
158
168
170
167
166
164
156
144
125
113
111
120
128
134
135
137
130
124
116
106
95
81
73
69
76
75
82
96
110
119
123
122
122
121
126
137
149
152
147
140
149
157
163
156
144
135
130
127
126
122
109
90
51
84
96
113
118
119
122
122
122
120
124
123
126
124
127
127
117
118
124
119
124
122
121
119
119
122
134
111
109
102
105
117
114
121
126
127
120
113
112
117
127
139
155
164
166
164
162
157
149
135
117
114
119
129
135
133
127
122
116
106
98
99
101
81
53
40
57
51
43
44
60
70
75
81
91
101
112
124
142
161
155
150
152
160
160
145
129
126
131
134
125
119
112
102
55
87
96
111
116
120
124
122
124
124
125
128
129
125
122
117
111
108
108
99
100
94
84
68
74
96
128
81
71
77
84
96
99
110
120
124
120
113
109
113
124
138
151
161
163
162
158
154
144
130
115
115
124
136
139
131
118
108
101
95
94
103
119
95
59
45
66
59
42
31
36
44
48
53
65
77
95
117
139
155
150
145
144
150
154
149
139
132
133
136
125
117
113
105
63
93
95
108
115
123
127
126
126
128
126
131
131
127
117
107
99
88
79
68
63
61
56
38
52
91
125
62
47
64
75
87
95
105
115
120
119
112
108
111
121
135
148
159
162
162
160
155
145
130
117
117
125
136
136
126
111
99
95
92
93
104
132
111
78
70
93
87
72
62
64
69
65
62
66
71
84
103
124
141
140
139
140
145
151
152
148
144
141
141
127
118
114
106
68
94
94
105
116
125
132
133
131
131
133
132
130
126
112
96
79
64
59
54
49
52
56
40
52
91
118
70
58
72
82
93
97
97
105
109
108
105
106
111
120
131
143
156
160
161
160
154
143
126
114
114
120
130
131
126
116
107
106
103
99
105
127
120
103
105
122
119
113
112
118
116
106
97
95
92
90
96
113
129
136
140
139
144
147
146
148
149
145
139
129
120
115
105
68
91
92
101
112
120
129
134
131
128
122
116
123
118
104
85
60
49
63
75
80
82
86
74
82
107
119
99
93
97
103
106
101
98
101
103
100
99
103
111
119
129
142
155
160
162
159
152
139
122
107
108
118
129
133
132
128
123
121
121
117
118
122
127
127
134
142
138
134
134
137
133
126
121
122
118
112
111
122
133
142
145
141
143
144
145
147
146
139
132
128
120
114
99
69
93
93
97
105
110
116
123
121
117
115
104
106
100
93
86
75
78
102
118
122
118
118
111
116
125
132
131
127
125
124
120
115
116
116
116
110
105
106
110
119
129
143
156
163
165
163
155
141
123
109
110
120
131
137
138
136
135
129
134
138
141
134
145
150
157
159
155
150
147
141
135
134
136
137
139
138
139
145
145
147
144
141
138
139
146
147
140
129
124
124
117
109
92
72
97
99
100
106
108
112
118
118
117
111
109
114
118
121
117
109
111
121
130
132
130
135
138
148
149
150
150
143
137
133
129
129
132
135
132
122
113
112
116
124
133
145
158
166
170
167
159
145
126
116
117
124
136
143
143
140
138
133
137
145
151
146
152
155
160
164
163
163
160
152
146
144
144
151
153
153
153
155
146
146
143
141
137
137
142
144
136
127
121
120
113
104
87
73
98
107
105
113
118
121
126
126
129
128
127
123
129
137
136
133
130
131
136
139
142
149
154
166
166
165
162
149
138
133
132
136
137
135
131
119
111
115
121
130
139
151
164
173
176
173
163
148
130
116
118
128
143
151
150
144
139
132
132
139
142
143
145
146
150
149
152
159
163
164
163
161
156
159
155
151
149
149
139
145
148
147
144
143
142
144
142
135
128
119
111
102
88
78
99
108
109
117
127
130
131
136
142
145
138
126
121
129
143
150
150
149
151
153
155
157
158
158
158
159
154
144
135
134
139
140
137
135
131
124
115
116
124
133
142
155
165
175
179
175
166
150
132
117
117
131
145
153
153
148
148
148
138
136
145
145
140
140
140
138
138
141
146
151
151
149
147
147
143
138
140
145
149
155
157
158
151
146
144
143
141
138
134
123
111
104
92
85
99
101
102
110
122
125
123
124
128
130
131
130
132
136
140
138
133
133
134
134
135
136
139
143
145
146
147
143
138
140
147
147
142
137
132
124
116
118
127
136
145
157
165
171
175
170
163
151
133
119
118
131
147
156
157
155
155
162
155
151
154
151
144
140
135
134
134
136
139
141
140
137
134
136
138
138
144
153
160
166
165
163
157
151
148
144
141
136
131
127
117
110
97
87
92
94
97
106
118
126
124
123
125
128
129
128
127
126
126
124
123
119
121
123
125
127
129
133
135
139
142
145
146
149
153
151
147
141
133
123
114
117
127
137
146
156
163
166
167
164
159
149
135
121
119
130
144
155
161
161
162
166
163
160
161
160
156
152
144
141
143
144
144
142
140
138
136
137
143
147
156
164
169
170
167
165
161
157
151
146
141
136
129
123
118
113
102
84
85
89
95
103
112
119
124
128
131
134
135
135
131
124
118
115
114
112
116
123
129
134
136
137
137
137
139
145
152
153
149
149
152
145
136
124
113
116
126
136
145
155
161
165
166
163
159
150
138
126
121
125
137
148
157
162
167
165
166
165
167
167
163
159
151
152
155
156
154
151
150
151
151
157
159
164
173
175
168
164
162
161
159
156
151
147
143
137
129
118
116
112
102
83
81
90
100
104
105
112
124
136
143
147
150
152
150
142
132
125
123
126
126
131
136
142
144
144
145
143
144
148
153
151
146
147
152
151
140
126
116
118
127
136
146
157
162
167
169
167
162
154
142
131
123
123
130
139
151
161
169
164
168
169
172
172
167
163
158
160
163
165
164
160
161
166
169
175
178
179
183
178
167
161
158
154
152
150
148
146
144
138
128
117
117
112
103
85
79
94
105
109
106
114
130
144
153
166
170
175
177
174
167
163
162
154
150
146
147
150
152
154
156
155
158
159
156
152
151
151
152
152
142
127
117
118
127
136
147
158
163
168
170
168
163
155
144
133
124
122
125
133
146
157
165
162
166
169
173
175
171
168
167
164
166
169
170
170
172
178
182
187
191
187
182
175
169
165
158
152
149
147
145
144
143
137
128
119
116
112
103
94
82
94
105
109
109
121
135
146
154
158
164
172
179
181
182
180
178
175
170
165
164
164
165
166
169
166
169
167
161
157
158
157
154
149
141
130
120
120
127
136
147
155
160
163
167
164
160
155
144
133
125
124
126
132
143
151
157
161
165
165
170
175
174
172
171
168
166
169
174
177
179
181
184
189
192
189
183
178
174
171
163
158
153
149
147
144
141
137
130
121
115
110
102
107
90
95
105
111
116
129
138
144
150
152
155
159
164
169
175
178
179
178
176
175
176
176
174
172
172
168
167
165
163
162
162
160
158
149
142
133
124
123
128
137
148
152
157
159
161
161
158
153
142
133
126
126
129
134
143
147
150
154
160
160
165
174
178
178
177
173
170
171
179
185
185
185
186
187
189
187
187
185
181
177
170
165
158
153
150
145
141
138
133
126
116
107
97
120
95
89
99
111
123
132
135
138
146
146
148
153
161
169
173
172
170
172
172
175
176
175
174
171
166
162
162
168
162
161
160
160
158
154
145
136
131
128
131
139
147
153
154
155
154
157
152
151
144
136
132
129
134
141
146
146
146
147
151
157
163
171
179
182
181
177
173
174
181
187
187
185
182
182
187
189
189
185
183
178
174
170
165
158
151
145
141
137
133
127
119
110
99
127
99
87
98
110
120
127
130
135
145
150
153
158
167
174
179
180
179
178
176
175
173
172
172
171
169
164
162
168
163
161
158
156
154
153
148
139
133
129
132
139
146
152
153
153
154
157
154
152
147
140
135
132
136
143
147
147
146
142
149
158
165
170
175
180
181
181
179
179
183
186
185
182
179
182
187
189
188
185
183
179
175
172
167
161
154
147
142
137
131
126
120
114
104
129
97
88
100
112
119
123
126
135
147
157
160
166
172
178
181
181
180
179
177
176
174
173
174
176
175
167
165
167
161
157
152
147
146
147
145
139
133
131
134
140
145
156
157
155
160
160
158
155
150
145
139
134
136
141
145
146
145
146
156
168
175
178
180
184
188
190
188
189
190
191
187
183
180
184
190
190
187
183
182
180
176
173
168
162
156
150
144
137
130
125
122
118
109
127
96
92
104
116
121
124
128
137
150
161
165
169
173
175
177
176
175
174
173
174
174
172
174
175
172
167
166
164
154
149
145
138
136
138
138
135
130
130
136
143
146
161
165
164
169
167
164
159
155
150
141
133
131
136
141
143
145
150
160
174
182
183
182
186
191
195
195
196
198
197
192
187
184
187
191
190
184
180
180
179
175
171
167
163
158
153
147
139
131
126
123
119
110
123
95
97
109
119
124
130
134
140
151
159
164
168
170
171
174
173
172
174
175
178
178
176
175
173
170
163
164
157
146
142
142
133
129
131
131
129
126
131
140
145
146
160
168
172
180
176
170
162
157
150
140
130
128
132
137
140
141
147
153
165
175
178
178
182
187
190
192
195
198
198
195
190
188
188
191
188
182
178
179
178
175
171
166
162
158
154
149
140
132
127
124
119
109
116
93
100
112
122
129
135
140
144
152
157
161
165
167
168
172
172
171
168
169
172
173
171
169
166
163
158
159
151
141
136
136
127
125
129
128
125
123
130
140
145
145
159
172
181
188
184
174
162
153
145
136
128
126
130
134
137
137
138
138
145
156
163
165
169
174
180
184
189
195
198
199
196
194
193
193
189
183
178
177
175
172
168
164
160
157
154
149
140
131
125
123
117
107
109
93
101
112
123
131
140
144
147
152
156
159
163
164
166
171
172
170
166
167
169
170
168
167
163
158
154
153
143
133
128
131
126
130
134
131
125
124
130
140
145
144
156
172
187
194
193
180
165
150
141
133
126
126
131
134
134
134
131
124
124
134
144
148
152
157
166
170
177
185
193
197
199
198
195
192
188
183
179
175
170
168
163
159
155
153
152
147
137
128
121
119
115
106
102
89
102
113
123
131
141
145
148
152
153
156
159
162
164
169
173
172
165
167
168
169
166
162
157
152
149
146
134
128
123
126
127
140
137
134
129
126
132
141
146
146
151
169
188
197
199
185
169
151
141
134
126
126
131
134
134
134
133
122
118
125
136
140
144
149
151
156
163
173
183
191
194
194
189
186
183
180
178
173
168
166
158
154
151
150
149
145
135
125
120
118
114
105
102
90
104
113
120
126
137
142
145
149
152
154
160
166
166
164
164
165
163
167
169
167
163
159
151
143
142
138
127
122
118
126
134
146
146
141
133
131
135
139
143
148
153
166
180
198
204
191
170
154
139
134
131
133
137
138
138
138
138
129
122
126
138
145
143
137
135
138
148
157
165
177
184
184
184
182
178
177
169
171
166
161
157
155
152
149
145
141
133
123
115
117
113
105
100
90
102
111
118
124
133
138
141
145
149
153
161
166
164
160
157
156
160
165
169
166
160
154
144
137
137
131
123
120
116
124
137
151
144
141
137
135
135
137
142
150
153
161
175
196
207
198
174
154
142
140
139
142
146
146
144
141
140
135
127
128
137
147
146
138
129
129
135
143
152
163
173
179
179
179
174
173
168
169
163
158
155
153
151
148
144
140
130
119
114
114
114
108
99
91
99
109
117
122
130
135
139
144
147
152
159
163
162
155
152
150
155
159
161
158
151
144
136
130
134
127
122
120
113
117
131
146
141
141
139
140
139
139
144
153
152
161
174
195
207
200
175
152
144
145
147
151
154
154
149
144
140
137
127
122
134
150
154
146
132
130
128
131
137
146
157
169
173
175
171
169
166
166
160
157
156
154
151
147
142
137
128
116
113
110
112
110
100
92
98
109
116
121
129
135
140
145
146
150
155
158
157
154
152
151
149
150
149
145
139
134
130
127
131
126
124
125
109
109
119
132
135
139
140
142
144
146
149
153
152
165
178
195
205
197
174
154
148
151
152
154
156
155
148
141
136
132
121
119
136
156
159
150
141
140
135
130
131
133
142
155
162
166
166
165
164
161
156
156
158
155
151
144
137
132
124
115
111
106
109
110
98
91
98
109
116
120
128
135
139
144
145
147
151
153
154
153
151
149
144
140
137
133
132
130
128
127
129
127
127
127
110
103
110
120
127
135
141
143
145
149
151
152
155
169
182
196
203
196
178
160
152
152
150
148
148
145
139
132
128
121
114
119
140
161
160
149
144
148
145
136
131
128
132
139
143
151
157
160
161
156
150
150
154
152
147
140
133
128
122
115
107
105
109
111
96
88
97
108
116
119
125
131
135
139
141
144
146
149
152
151
147
142
137
134
130
130
131
131
131
130
131
131
132
128
112
104
103
109
118
129
138
142
143
145
149
153
163
174
183
194
203
199
181
162
155
153
149
145
143
139
133
126
118
110
105
115
137
156
157
149
146
154
155
146
138
133
131
129
132
138
148
154
158
152
146
142
146
145
142
136
129
124
119
112
102
105
111
110
95
88
91
106
115
117
122
125
129
134
137
140
142
144
146
145
140
134
131
127
125
128
131
134
134
133
134
136
135
129
115
107
99
97
102
112
124
132
136
138
144
152
164
174
181
190
201
200
183
162
157
152
147
142
138
132
124
119
108
104
104
115
134
150
152
149
147
153
156
151
145
143
139
134
130
127
133
141
150
149
148
143
143
141
138
133
126
122
115
106
102
105
110
110
94
86
86
103
114
116
119
122
126
132
135
136
139
140
141
140
135
129
123
120
121
125
130
133
134
136
133
137
135
130
119
110
97
90
86
92
103
117
127
131
136
146
159
170
177
186
198
200
185
165
151
145
137
131
125
115
105
100
102
105
112
124
138
148
148
145
143
145
149
148
146
149
150
144
130
118
118
125
140
147
153
150
146
143
137
130
125
121
114
103
106
107
109
110
92
84
91
103
112
111
117
121
121
129
133
137
135
136
137
132
128
126
119
117
118
122
127
129
131
131
130
131
127
122
120
111
99
93
86
86
91
97
106
118
129
143
154
164
167
169
172
173
169
161
151
134
121
105
103
99
95
97
101
111
123
138
142
147
140
136
136
140
143
143
144
144
142
139
131
129
128
125
134
136
143
150
150
145
136
132
125
120
107
100
108
111
109
109
93
83
97
106
110
111
115
118
120
128
131
136
134
134
134
127
125
124
124
121
119
121
125
127
129
131
131
128
121
116
116
115
111
108
103
91
81
77
84
97
111
127
151
152
148
149
153
152
152
150
146
120
98
87
96
102
105
110
113
119
129
138
140
136
133
132
136
139
141
143
143
141
139
138
136
137
136
131
132
132
138
144
149
145
138
132
123
117
106
102
111
113
110
109
94
85
102
108
106
111
112
114
117
125
130
134
133
132
128
124
125
126
129
126
122
122
123
126
129
132
129
122
116
114
114
117
119
118
115
105
95
87
85
88
96
112
131
137
135
134
140
142
136
125
101
83
78
89
111
118
122
128
125
124
129
129
131
126
129
130
135
136
139
142
143
141
138
137
140
143
144
140
131
130
133
136
143
140
133
128
118
113
105
104
112
114
111
108
104
87
100
109
105
112
108
111
114
120
128
132
131
129
124
123
128
131
133
130
125
122
121
123
126
128
123
116
113
113
113
117
122
121
119
119
119
113
103
94
88
91
104
114
115
114
115
112
102
90
89
89
102
120
135
131
127
129
130
126
125
124
128
128
131
131
131
133
136
139
142
142
139
136
135
138
142
145
134
131
131
133
134
133
127
122
111
107
104
106
112
115
113
107
117
91
97
108
107
112
104
107
112
118
126
130
128
125
121
123
133
136
135
128
121
118
120
122
121
120
113
110
109
111
112
117
124
126
126
127
127
123
119
110
93
85
86
87
87
92
93
90
94
100
105
109
119
130
137
130
128
126
129
130
128
129
129
133
130
128
126
129
132
134
140
143
141
133
127
126
133
144
138
137
133
134
134
133
126
118
106
103
103
108
112
116
114
106
128
101
96
106
108
110
103
106
112
119
126
130
128
124
122
126
136
136
129
122
115
115
121
123
119
113
108
107
110
115
117
121
126
130
132
130
129
128
131
130
119
112
112
106
101
105
112
113
119
126
139
135
133
136
143
138
134
130
133
139
136
133
126
128
125
124
126
130
131
133
138
144
143
135
123
119
123
138
141
140
136
137
140
139
129
119
105
102
103
108
112
115
114
104
136
111
98
103
109
112
107
109
113
120
125
129
129
126
124
130
138
131
124
120
116
117
120
123
119
114
110
112
114
120
124
127
130
135
136
135
135
134
137
140
139
143
149
148
142
145
154
159
161
159
153
149
144
146
155
151
148
140
144
146
142
135
126
125
125
126
127
129
130
130
136
143
144
141
129
123
123
131
142
141
139
139
145
142
130
119
106
103
105
110
113
114
110
102
136
114
100
99
110
114
114
113
113
118
123
129
129
126
125
132
137
128
124
125
124
122
120
118
117
115
116
117
115
119
126
131
136
145
148
144
143
142
143
143
147
156
166
163
157
159
160
155
156
160
163
159
155
157
162
154
152
147
152
149
147
139
136
129
130
129
127
127
127
127
131
137
142
145
137
130
127
129
141
141
141
142
145
141
128
118
105
104
106
112
116
115
110
97
120
106
94
97
110
116
114
115
116
117
124
130
129
125
125
130
130
124
119
126
126
122
121
120
119
118
118
110
109
117
128
129
138
151
150
147
147
150
149
149
147
156
165
166
163
168
166
164
165
176
180
168
161
158
158
165
164
155
155
155
153
143
138
142
137
129
125
125
125
127
129
128
134
142
143
133
124
128
140
143
138
134
135
132
122
110
104
101
102
109
113
115
113
98
97
87
86
97
113
117
113
112
115
119
125
131
128
122
122
126
128
125
117
120
121
121
124
126
122
120
116
109
110
119
125
125
131
141
145
141
142
146
143
145
148
161
170
171
171
179
181
182
181
188
181
162
154
159
153
146
151
157
157
147
143
140
138
135
129
127
123
125
128
127
125
126
131
135
134
126
119
126
139
140
131
126
127
125
116
103
97
98
103
108
112
113
107
97
74
71
76
94
113
114
112
111
112
117
124
131
128
121
118
120
125
126
121
120
123
123
126
128
121
119
120
117
122
122
115
116
122
130
135
131
131
133
129
136
144
157
167
166
173
187
194
198
195
193
174
156
151
156
144
126
123
126
127
120
122
123
119
114
112
116
119
117
118
120
119
124
130
132
126
120
118
128
140
139
128
122
122
122
114
99
92
98
106
108
109
109
100
97
62
63
69
89
108
112
114
114
111
114
123
133
132
124
119
118
123
127
125
124
130
127
126
124
115
110
107
104
110
102
89
93
98
106
108
104
103
110
112
122
129
135
141
141
152
168
175
175
169
160
146
135
133
131
123
116
114
109
106
105
108
106
100
96
89
86
92
85
93
107
114
119
125
126
123
119
121
132
142
139
128
122
124
123
115
100
92
100
110
108
106
106
95
99
55
58
67
84
103
112
118
118
112
113
122
134
138
131
123
116
120
125
124
124
129
125
121
117
103
90
82
72
79
78
77
86
87
91
101
98
96
107
114
122
120
116
118
118
128
140
146
145
138
130
125
121
115
106
98
109
125
129
120
109
103
103
110
116
105
90
77
76
89
106
112
117
123
124
123
122
125
133
138
135
128
124
125
120
111
97
91
101
110
108
107
104
92
102
53
54
60
73
94
108
116
116
112
112
120
134
141
138
127
116
118
121
122
122
123
120
117
113
98
73
51
41
60
72
94
112
113
119
142
143
138
145
151
149
133
121
119
116
114
111
115
120
124
122
122
123
130
131
128
139
166
184
162
147
140
146
154
147
122
102
88
101
118
125
126
129
132
130
128
128
131
133
132
131
128
125
123
113
100
91
92
101
107
107
107
101
91
107
58
56
55
59
78
99
113
115
110
108
115
129
138
138
129
117
117
122
120
124
120
116
117
118
109
81
67
73
106
113
140
166
177
190
206
213
206
209
211
203
188
177
172
167
153
133
137
149
159
157
153
158
179
197
200
208
225
236
221
212
212
210
191
153
117
100
101
121
139
146
145
144
141
137
134
134
137
134
131
130
131
128
119
106
92
91
99
105
106
107
105
100
95
114
64
61
56
52
66
93
112
117
111
105
109
124
133
137
129
118
119
124
118
126
120
116
118
127
128
104
96
120
158
139
149
172
193
209
226
239
235
238
241
238
230
228
231
232
217
193
199
215
225
220
222
221
229
236
237
238
238
233
229
221
217
203
167
128
107
110
127
137
145
146
145
142
142
144
138
139
140
137
131
133
135
132
117
103
90
94
106
109
104
105
103
100
101
118
74
70
62
54
62
89
110
120
118
108
110
119
128
137
130
118
119
121
121
128
121
116
122
133
139
124
120
140
178
144
146
149
160
178
207
236
239
241
245
245
239
240
241
243
232
214
231
238
244
244
243
238
239
238
234
237
240
235
218
189
161
142
127
117
121
136
147
140
145
145
144
140
142
142
136
139
139
135
135
139
139
129
107
95
89
102
117
113
105
100
105
99
108
116
86
83
66
53
55
78
101
118
122
116
112
115
123
137
134
123
121
120
122
129
124
122
123
129
139
131
126
130
156
143
133
118
110
132
190
218
224
227
232
237
236
238
242
247
244
228
239
243
245
243
237
227
229
229
211
197
202
211
178
147
117
107
117
130
141
154
150
142
144
148
152
148
148
144
140
139
138
137
136
139
139
124
104
94
98
115
124
116
105
101
101
102
111
115
85
82
68
51
47
63
89
113
124
121
115
111
118
136
142
133
128
124
129
130
125
125
124
127
133
130
128
124
128
136
156
173
155
150
155
154
146
157
172
188
205
223
233
238
236
224
231
235
235
224
207
194
195
199
177
148
141
149
130
116
110
117
132
148
151
152
145
138
141
147
154
154
155
148
144
138
138
143
143
145
143
124
101
93
108
130
134
123
106
97
99
108
114
109
80
74
65
50
41
52
76
103
120
124
119
107
111
132
146
145
139
132
132
130
125
127
125
124
128
126
125
119
114
118
133
153
150
151
161
137
122
134
146
156
171
193
203
203
198
185
187
196
205
202
173
151
139
133
120
105
105
111
116
121
134
144
150
149
144
143
141
143
149
151
154
157
164
160
150
142
143
153
154
152
144
121
101
100
126
145
138
125
104
96
103
112
110
96
79
73
63
51
39
43
61
88
113
126
124
107
103
122
144
155
148
138
130
130
129
128
126
126
129
127
122
110
103
103
116
126
137
145
153
145
143
150
150
156
163
170
170
166
156
136
128
136
158
169
165
155
148
142
128
119
119
124
122
127
138
142
141
136
133
135
145
153
158
154
152
158
170
165
152
146
152
163
164
153
133
110
106
123
152
155
130
114
99
104
106
111
103
85
79
74
68
55
42
39
49
73
105
128
128
114
105
112
138
160
154
143
137
133
130
129
128
129
129
125
113
110
112
102
104
104
118
126
134
140
153
160
159
167
170
172
166
161
153
137
128
133
149
160
162
158
156
151
140
132
134
139
135
133
136
137
136
136
134
139
146
156
157
150
150
157
169
159
147
147
159
167
164
147
120
107
121
147
161
148
116
101
94
107
102
106
105
90
80
78
73
64
50
39
40
56
88
117
128
127
115
108
128
154
155
147
146
138
131
128
126
129
125
119
111
104
106
106
104
100
108
121
125
128
140
151
151
155
152
152
151
152
150
147
146
150
154
156
153
151
148
145
140
135
134
136
133
128
125
124
127
132
135
139
146
153
152
148
149
154
163
151
139
145
162
161
154
135
108
114
140
158
147
124
101
94
90
107
95
106
122
115
80
78
75
68
55
42
35
42
70
100
125
135
127
108
119
145
151
152
148
141
134
128
124
125
124
122
116
109
107
108
101
103
106
118
120
122
132
142
145
153
151
153
153
159
161
161
163
166
164
161
159
155
148
139
134
132
128
124
123
118
119
121
129
137
138
136
142
147
146
144
144
145
152
141
136
145
162
153
142
122
99
120
149
160
130
104
90
89
89
106
90
108
142
142
77
77
77
73
58
43
35
34
51
79
108
137
134
113
113
129
147
153
151
147
138
126
119
119
122
124
123
114
109
106
99
100
110
115
116
121
130
138
143
147
154
157
163
176
184
190
192
188
181
171
166
157
141
131
126
124
123
122
123
123
124
125
132
138
139
135
138
142
148
144
142
145
140
141
139
146
156
147
126
107
111
136
146
135
112
98
82
85
97
97
92
121
164
174
76
76
80
77
62
45
32
26
36
59
88
123
132
118
110
116
135
153
154
149
136
125
119
116
116
120
120
114
111
110
106
108
114
117
120
123
128
134
136
140
145
147
155
170
181
190
192
186
173
162
153
144
133
124
122
123
125
126
129
128
129
131
136
139
140
139
139
143
150
148
144
140
139
147
149
148
154
133
116
114
129
138
137
123
104
90
89
91
98
96
106
145
190
196
77
76
80
80
67
51
36
22
24
40
66
104
124
122
110
105
123
150
154
150
137
127
122
115
111
117
116
114
113
113
118
122
125
128
125
126
130
132
132
134
138
140
142
154
164
173
178
173
163
152
146
140
132
127
124
125
126
126
128
129
132
137
139
139
142
142
143
145
149
148
145
141
142
153
157
149
143
112
112
126
144
135
127
111
95
78
93
95
97
95
123
171
212
212
77
78
79
80
72
58
43
26
21
26
49
79
106
117
112
105
117
138
146
148
140
131
128
120
115
119
120
122
118
113
117
120
122
127
131
133
137
137
135
136
140
141
143
151
155
161
164
163
158
151
146
142
138
134
132
129
127
126
125
127
133
139
138
137
139
143
147
147
144
141
143
145
148
156
157
146
125
99
119
136
139
122
116
103
89
72
89
98
99
104
145
189
218
214
78
79
79
80
76
64
49
32
18
15
33
56
85
105
113
111
113
123
136
146
144
135
132
125
118
118
123
129
122
112
113
114
116
122
129
134
139
140
138
138
139
139
140
143
143
144
148
144
143
140
141
139
137
136
133
131
129
127
127
131
136
140
136
131
133
138
149
149
141
134
139
149
156
159
153
136
115
109
129
137
127
110
103
92
85
79
91
99
104
128
171
207
221
211
77
79
81
81
78
70
58
40
22
12
22
42
69
92
108
112
109
112
127
140
144
138
132
123
114
111
118
123
118
110
109
111
113
118
126
132
138
140
139
138
139
137
135
135
132
134
136
134
137
137
137
135
133
131
130
131
130
130
129
133
139
140
133
128
130
136
147
149
143
137
141
152
162
159
142
125
117
130
134
131
121
106
90
82
84
94
96
103
118
157
199
223
223
211
79
82
82
82
80
78
69
52
31
14
15
29
53
74
96
108
107
108
119
131
140
139
134
124
116
111
117
119
115
108
107
108
108
110
114
117
123
126
127
128
128
125
126
126
121
124
128
129
133
134
132
130
128
128
127
129
130
130
128
133
140
138
132
128
133
141
145
144
142
146
146
152
157
149
129
120
122
141
134
119
109
100
84
81
87
101
98
113
145
190
218
227
218
208
81
84
83
82
81
81
74
59
35
15
8
18
40
59
83
103
107
110
112
123
134
141
139
131
125
121
121
121
115
110
110
111
110
110
110
112
116
120
122
126
125
121
119
119
117
122
127
127
128
128
127
126
125
125
126
128
128
129
128
134
139
137
131
129
135
144
145
138
139
150
150
149
148
135
120
122
124
139
132
108
92
89
81
83
93
101
98
126
173
215
227
226
211
204
81
82
84
81
81
80
77
67
49
25
8
13
31
53
66
87
110
108
105
111
127
143
146
141
132
122
123
122
116
112
117
119
115
112
112
114
115
119
122
123
124
121
120
116
119
123
128
131
131
130
127
126
126
129
132
130
129
128
134
136
139
138
135
137
143
147
142
135
134
151
152
149
132
124
115
128
134
131
124
108
85
78
84
90
97
104
119
156
199
224
224
221
214
215
82
82
80
79
78
78
78
78
65
43
14
10
18
33
49
75
101
104
102
104
117
134
143
143
134
124
126
125
119
114
116
117
116
116
118
120
119
123
125
125
126
123
121
119
125
128
133
135
137
135
132
131
132
133
133
131
130
130
141
138
138
139
141
145
149
149
141
133
133
150
149
139
122
118
118
130
132
121
110
98
85
81
87
91
100
114
145
188
218
227
222
221
219
213
82
82
79
78
79
77
78
86
82
61
31
12
8
19
38
64
87
98
98
101
110
122
131
137
136
131
130
127
121
116
116
115
115
116
120
122
120
122
124
124
126
122
121
122
128
130
136
138
143
140
137
136
136
136
135
134
136
138
145
141
140
142
147
153
153
148
138
132
132
149
145
130
115
119
123
128
125
107
94
91
88
91
96
95
105
133
175
213
229
223
216
219
225
215
81
80
80
78
81
80
77
85
86
71
47
18
7
16
36
56
71
88
98
101
106
112
120
128
135
136
133
127
123
121
120
118
116
115
119
120
118
118
121
123
125
123
124
127
134
134
141
143
150
146
144
143
143
140
138
138
142
148
145
144
144
145
150
154
151
142
134
133
135
144
136
119
113
125
127
123
113
97
89
90
93
100
103
105
124
162
200
220
223
220
217
219
226
220
81
79
80
79
83
83
78
80
82
74
61
36
18
19
36
52
62
77
94
98
103
109
117
127
132
134
134
129
125
127
129
128
123
118
121
122
119
119
123
128
132
131
131
136
142
147
156
158
162
155
150
150
150
149
145
144
148
152
146
145
145
146
148
150
146
136
132
135
136
136
122
111
114
128
127
114
103
92
89
90
93
100
108
125
159
195
218
222
222
226
223
224
222
221
81
80
79
79
83
84
80
77
79
76
72
55
35
30
40
47
52
66
80
93
104
109
115
120
126
131
131
127
127
133
138
139
132
124
126
128
126
126
131
137
143
141
137
144
149
163
171
172
170
159
149
150
152
153
151
149
150
152
151
147
144
143
143
144
141
132
130
130
130
125
113
110
119
130
120
104
96
93
92
90
92
102
122
155
195
218
227
224
225
230
227
226
221
220
82
81
79
80
81
82
82
78
74
74
70
63
48
51
56
46
45
59
73
90
102
103
106
110
118
127
127
125
129
135
140
143
139
129
129
132
131
132
138
144
148
146
143
149
153
174
182
182
173
158
147
146
149
151
151
150
150
150
151
148
145
141
136
134
134
132
128
122
120
116
110
113
123
126
110
97
93
94
92
94
105
122
155
189
219
228
227
225
227
231
229
226
225
222
83
81
79
79
78
76
80
76
70
69
64
61
58
77
82
55
47
66
74
88
95
95
98
105
112
121
125
125
130
135
139
142
140
130
130
133
133
134
140
146
149
146
147
153
154
179
187
188
174
158
148
146
146
148
148
147
147
147
148
148
147
141
129
125
128
130
128
117
112
111
109
116
123
117
102
92
92
94
93
99
122
147
184
210
229
230
227
227
228
231
233
226
230
226
81
80
77
78
76
74
72
65
60
61
59
62
67
86
95
67
72
86
85
73
83
97
95
96
101
113
122
126
130
131
134
141
140
133
129
131
134
137
136
135
139
143
148
153
158
173
182
184
175
163
153
150
148
149
149
144
140
139
142
144
144
139
131
125
122
123
122
116
109
108
116
124
121
111
95
90
92
94
101
117
149
185
214
222
223
224
231
232
229
230
230
230
230
229
78
78
77
76
73
72
71
65
60
61
62
63
76
93
96
77
91
110
99
62
70
89
90
89
91
102
115
122
128
130
132
136
136
133
129
131
135
137
131
124
128
136
146
154
157
166
174
180
176
169
159
154
149
150
149
143
139
138
142
140
137
133
128
124
120
117
111
106
108
117
123
121
112
102
95
91
92
102
123
153
186
215
227
227
223
224
231
235
233
234
233
231
230
229
76
76
75
72
70
69
71
65
60
61
62
60
76
90
84
79
102
131
128
66
59
75
85
87
90
93
104
115
124
127
129
128
128
132
128
129
134
137
128
118
123
134
144
152
152
159
167
178
180
175
164
155
148
146
145
141
139
140
143
137
129
126
126
123
117
111
103
101
106
118
124
118
107
99
93
95
104
124
157
193
215
232
233
230
224
226
232
234
234
237
234
231
229
228
74
74
71
70
68
69
72
67
61
61
64
61
75
85
79
80
106
145
160
103
64
63
78
90
93
90
93
105
114
118
122
121
120
127
124
124
129
133
130
124
127
137
142
144
143
153
164
177
180
176
168
156
147
144
144
142
143
144
140
132
124
121
121
119
112
105
98
100
107
117
122
112
94
80
87
106
133
163
197
225
233
231
228
231
232
233
234
232
233
237
235
231
228
226
73
73
72
70
67
67
70
66
61
62
62
63
73
85
87
86
104
150
184
156
85
55
68
87
89
85
85
95
101
108
115
117
117
123
121
120
121
126
130
132
134
137
136
137
137
149
160
169
170
168
162
153
145
143
142
141
140
141
133
128
122
117
113
109
104
99
101
106
111
115
112
99
86
82
103
140
178
205
226
238
235
228
225
233
240
239
237
236
236
237
235
231
228
226
74
73
73
70
66
65
67
63
60
62
59
64
73
88
96
84
96
144
193
193
112
60
58
75
82
84
83
88
92
98
108
113
116
120
119
118
117
120
127
131
133
131
131
134
136
148
152
156
158
158
153
149
144
143
142
139
133
129
125
124
121
113
106
99
98
99
110
118
121
115
98
84
93
115
149
184
216
230
232
230
230
227
228
235
239
238
237
239
238
237
233
231
228
226
73
73
72
71
67
67
69
65
64
67
65
66
76
89
98
78
92
143
191
207
143
88
64
64
74
83
84
84
84
89
96
105
111
114
113
113
113
115
120
124
125
125
127
132
133
139
139
142
144
144
143
144
143
142
139
136
127
120
114
118
117
111
100
96
100
105
114
119
115
104
93
94
122
159
198
218
231
236
232
229
234
235
233
234
234
235
235
237
237
235
232
230
227
226
70
70
70
72
71
73
75
72
70
74
68
66
73
86
93
69
93
146
186
205
169
120
79
59
65
75
83
80
81
81
86
96
105
108
104
106
109
111
112
115
117
120
122
127
126
128
127
131
132
130
131
134
136
133
131
127
119
111
107
110
113
107
98
95
103
111
120
111
92
81
96
127
173
212
233
238
234
234
234
234
238
237
239
235
233
235
234
235
237
237
233
230
227
228
71
72
75
78
83
84
81
80
79
75
71
67
77
83
93
73
98
143
183
196
195
149
107
61
68
72
78
78
79
76
77
87
96
104
100
101
105
110
111
110
114
121
123
123
122
121
123
125
128
128
128
129
128
125
122
118
113
107
106
107
103
99
99
98
112
120
117
100
92
108
144
186
217
233
241
240
238
236
235
235
235
234
235
236
237
237
236
236
235
236
233
229
231
226
78
79
82
83
86
86
83
83
81
78
74
71
77
87
95
82
96
135
184
190
205
183
140
83
73
70
70
72
77
76
74
80
86
92
95
96
99
101
101
102
107
112
116
115
113
111
113
117
119
120
117
119
118
115
111
110
111
112
106
98
93
94
97
102
112
113
101
103
118
153
194
227
239
238
236
237
237
236
234
233
233
233
235
236
237
236
236
237
238
239
235
232
233
228
82
84
86
84
84
84
83
84
83
79
78
80
81
93
96
89
96
133
190
185
206
206
168
112
86
76
71
72
77
77
77
79
79
79
84
88
92
93
95
101
106
110
109
108
107
107
109
109
108
106
106
105
105
103
101
101
104
107
102
89
87
99
108
115
106
95
103
141
181
208
228
241
239
234
234
238
239
238
235
233
233
234
237
237
236
234
234
235
237
238
236
233
233
229
