11
10
8
5
3
5
7
8
12
16
17
16
20
25
34
49
66
82
95
107
120
132
144
157
170
178
184
191
197
199
202
207
210
215
220
224
227
229
232
234
233
232
237
241
241
240
238
233
227
222
217
213
209
207
205
206
204
201
202
198
196
196
192
188
184
182
178
173
167
160
154
150
141
134
117
100
81
59
46
35
29
26
30
26
23
24
27
26
23
21
20
19
16
11
9
9
9
5
3
5
8
10
14
19
20
20
24
31
43
60
83
101
117
130
143
153
163
173
182
188
191
197
201
202
205
209
214
218
220
225
228
229
231
232
229
227
231
233
233
232
230
224
218
214
207
204
202
200
198
199
199
197
198
194
193
193
191
187
185
184
178
173
167
161
157
155
150
143
132
117
100
78
67
56
46
39
37
32
27
29
31
28
25
24
25
24
22
17
5
7
7
6
4
6
10
14
18
23
24
25
31
45
62
79
100
118
135
147
158
164
174
183
188
191
195
197
200
204
209
213
219
221
224
226
227
229
229
229
226
222
224
225
224
222
219
216
212
208
203
201
199
197
195
193
192
191
191
190
190
189
187
185
182
181
176
173
167
163
159
156
152
151
143
131
116
99
85
74
62
53
48
39
34
32
32
33
30
27
27
27
25
21
5
7
8
7
6
9
13
17
23
28
31
35
44
60
79
97
117
135
148
158
166
172
180
187
190
193
193
195
198
202
207
212
218
221
223
224
224
225
225
224
221
220
216
216
215
213
212
212
209
208
202
200
196
193
192
191
190
190
187
186
185
185
184
182
179
179
176
174
169
166
163
160
158
157
151
142
130
118
104
92
78
67
58
49
42
40
38
37
35
32
32
30
27
22
6
9
12
12
11
13
18
23
30
37
39
43
56
77
98
115
133
150
160
166
173
176
181
186
189
192
192
194
197
202
207
212
217
219
220
220
221
221
221
219
217
215
213
212
209
209
209
211
211
211
207
203
199
196
194
193
191
190
189
188
186
183
182
179
177
175
171
170
166
163
160
158
157
156
154
147
140
131
121
108
94
82
73
64
55
51
48
44
42
39
38
33
28
22
10
14
15
14
12
14
19
24
32
40
47
52
68
91
113
126
141
156
167
169
172
175
179
181
184
189
189
191
197
201
207
212
216
218
221
221
222
223
223
223
220
218
215
213
211
209
211
212
213
212
208
205
202
200
198
196
192
191
190
189
186
184
182
179
175
173
170
168
163
160
157
155
154
153
153
148
144
139
132
122
111
101
89
80
70
64
57
54
51
47
43
36
29
22
15
19
21
19
17
18
22
27
36
47
57
64
81
106
126
137
149
162
171
170
169
171
174
175
178
183
185
188
193
199
205
210
214
216
218
219
220
222
223
223
220
218
214
213
210
210
210
212
210
208
204
202
197
195
192
191
189
187
187
186
185
182
180
177
174
171
167
165
161
158
156
153
151
150
151
148
146
143
139
133
125
117
106
97
86
76
69
63
59
55
48
39
30
23
22
25
29
27
25
25
29
34
45
57
70
79
97
118
137
147
156
166
172
171
168
168
171
171
173
177
178
181
186
194
199
205
209
211
212
212
214
216
217
216
214
212
210
210
210
208
208
207
205
203
198
195
190
186
185
185
185
185
185
185
184
181
178
175
170
167
164
161
159
157
155
153
150
149
149
147
147
146
143
140
133
127
119
110
98
87
77
70
64
60
53
43
32
23
32
35
37
35
33
35
40
46
59
73
88
96
112
130
143
151
157
163
169
169
166
166
168
169
169
171
172
174
178
183
188
194
199
202
205
205
207
208
210
209
207
206
204
204
204
205
203
202
199
197
193
190
185
181
179
178
178
178
180
181
180
176
172
171
167
164
164
162
160
159
158
156
153
152
150
148
148
148
146
145
140
134
128
118
108
95
83
76
69
63
58
50
38
28
41
45
48
46
44
47
53
60
75
89
103
112
125
138
148
153
156
160
165
165
164
164
167
168
168
169
167
168
170
175
179
184
189
193
196
197
198
199
201
200
199
198
197
198
198
197
196
195
193
191
188
185
182
178
176
172
171
170
171
173
173
170
167
168
166
164
164
162
159
158
158
156
152
151
149
147
146
145
144
144
142
137
132
123
111
100
88
80
72
66
61
56
45
35
51
54
56
57
58
61
68
77
90
102
120
129
139
147
151
152
154
156
159
159
161
164
168
170
168
165
163
161
161
164
170
175
182
186
189
189
191
193
194
194
193
192
190
191
189
190
192
192
190
188
186
183
179
174
171
168
165
163
165
165
165
164
163
163
164
165
163
161
159
159
156
156
155
154
151
149
147
146
144
142
138
135
128
123
114
101
87
78
71
67
64
61
53
43
58
61
62
65
68
73
82
91
104
116
129
136
145
150
151
152
151
152
154
155
158
162
167
168
166
163
159
157
157
159
165
170
176
180
183
184
184
185
186
186
185
184
184
183
183
184
185
186
185
183
181
178
174
170
166
162
159
157
158
160
162
160
160
161
162
163
163
160
161
160
155
154
154
152
149
148
147
147
143
140
137
133
129
124
116
105
92
82
75
69
69
66
59
50
60
63
64
69
75
83
93
103
114
123
138
143
147
149
150
149
146
147
147
150
154
159
165
165
163
161
156
153
153
156
162
167
172
175
179
178
178
181
182
183
182
181
179
179
179
180
182
182
180
179
177
174
170
166
163
160
156
155
156
157
159
159
158
159
161
162
161
160
159
158
153
151
150
150
150
148
149
148
143
138
134
130
127
123
116
106
92
81
71
63
59
56
53
49
60
63
67
74
83
92
102
111
121
128
137
142
145
146
147
144
142
142
141
144
150
156
160
162
160
158
155
153
153
156
162
166
171
175
175
176
177
179
181
183
183
184
183
183
184
184
184
184
181
179
176
173
169
165
162
160
160
159
159
159
159
158
158
160
162
163
163
161
159
156
151
148
149
149
154
153
152
150
143
136
132
128
123
119
112
101
86
73
61
51
45
43
41
42
57
61
67
77
87
97
107
116
123
128
134
138
140
142
143
141
139
140
138
142
147
152
157
159
160
160
157
156
157
160
165
169
174
178
180
181
184
187
188
191
192
193
193
193
194
195
195
191
188
185
180
178
175
171
170
171
172
172
171
171
171
171
173
175
174
173
169
165
160
157
152
153
155
157
160
158
155
150
142
135
131
126
120
115
108
96
81
67
52
43
39
35
34
35
51
57
64
77
89
98
108
116
121
124
129
133
137
139
141
140
139
140
138
142
146
151
155
159
161
162
164
164
166
170
174
177
182
187
192
195
197
201
203
205
207
209
208
208
209
208
207
205
201
199
197
194
192
190
190
190
192
194
194
193
194
194
195
194
190
185
179
173
167
162
159
160
164
164
163
158
154
147
140
133
128
123
119
114
107
95
79
65
51
42
37
31
28
27
48
56
64
78
91
100
109
115
119
120
123
129
132
135
139
139
139
141
141
144
149
152
156
160
163
165
169
170
174
179
183
187
192
197
202
204
207
212
217
221
223
223
223
223
222
222
221
218
215
214
214
214
212
212
211
211
211
212
210
211
210
210
208
205
200
196
190
183
175
171
167
168
168
168
162
157
152
145
138
132
128
122
118
114
107
94
78
63
49
41
35
29
25
24
46
54
63
77
93
101
108
113
114
114
118
124
129
133
138
139
140
143
144
147
151
154
157
161
164
166
170
172
176
183
187
191
197
203
208
210
213
221
228
234
235
235
233
232
231
230
228
226
225
223
223
223
223
223
223
220
219
218
217
217
219
217
215
212
209
206
198
190
183
178
175
173
171
169
163
157
150
145
139
134
129
123
117
113
107
93
76
60
47
37
32
26
20
18
43
51
61
74
87
96
104
106
107
112
116
122
126
129
130
131
136
141
144
146
151
157
159
163
167
171
174
176
181
187
192
197
202
207
211
214
220
224
230
235
236
235
235
235
234
233
231
228
226
225
223
225
228
227
225
224
222
220
219
220
220
218
217
215
212
208
203
195
188
182
176
172
169
168
161
158
154
148
143
136
129
125
119
113
106
91
74
58
44
34
29
25
19
13
40
48
55
67
79
88
98
102
103
109
115
121
126
128
129
129
133
138
141
143
147
153
158
164
170
174
178
180
184
189
195
200
205
208
214
217
222
225
230
235
236
235
234
236
235
233
230
227
223
222
224
227
229
231
230
228
225
222
220
222
222
220
219
216
213
208
204
197
190
185
178
174
171
168
163
162
158
153
147
140
132
127
124
118
107
93
74
58
44
35
29
25
19
13
37
44
51
62
73
83
93
98
101
106
114
121
125
127
129
129
131
134
136
138
142
147
154
163
173
178
184
184
187
192
197
203
209
213
221
224
227
230
233
237
237
237
237
237
237
234
230
226
222
221
222
223
228
230
231
229
225
222
218
220
222
222
222
220
217
213
208
202
196
191
183
177
173
169
166
164
161
156
150
142
135
129
126
120
109
94
75
59
45
35
29
26
20
14
35
41
50
61
71
80
90
96
102
107
113
119
124
128
132
132
132
133
133
136
139
144
153
164
173
179
185
186
189
194
200
206
212
218
227
229
232
235
237
239
239
239
238
238
238
235
231
226
223
221
222
225
229
232
233
233
229
225
225
227
228
227
226
225
221
217
211
205
200
195
186
180
174
170
167
163
158
154
149
143
137
132
127
122
113
98
79
61
46
35
29
28
23
18
33
38
50
60
70
78
87
93
99
108
112
119
124
127
132
134
133
133
134
137
142
148
157
167
176
181
186
186
188
195
201
208
216
222
228
231
234
236
237
239
240
239
238
239
238
236
233
229
225
223
224
227
230
232
233
233
232
229
227
230
229
229
227
225
222
218
212
206
201
196
189
183
177
172
169
164
157
153
150
146
138
134
132
127
117
102
82
65
48
37
30
28
24
20
31
36
49
60
70
76
85
90
97
107
111
118
122
124
129
132
132
133
137
142
149
155
162
172
180
184
186
186
188
193
201
207
216
221
227
230
232
234
236
238
238
238
238
237
237
236
235
233
230
227
225
226
227
228
229
230
229
229
225
225
226
227
226
225
220
217
209
202
198
196
191
185
180
176
171
165
159
157
155
150
143
138
137
131
120
104
84
66
50
39
30
28
23
19
32
39
53
61
68
73
80
87
94
102
109
116
120
121
124
128
131
134
140
148
155
162
169
177
183
184
186
185
186
190
196
203
210
214
220
222
226
228
231
233
234
233
233
232
231
232
233
232
230
227
223
222
222
221
222
224
224
223
223
223
222
222
221
219
212
206
200
195
191
188
185
182
178
174
169
164
160
158
156
150
145
141
138
133
122
107
87
68
51
40
29
26
21
17
35
44
55
63
67
71
78
83
90
99
107
115
118
117
119
124
130
136
145
152
161
167
174
180
184
186
185
184
184
188
192
197
203
207
212
213
216
218
222
226
226
226
225
224
223
224
226
227
225
222
217
214
212
211
212
215
215
213
212
212
211
212
212
210
202
196
191
184
180
178
175
173
170
167
164
159
156
155
152
146
143
141
137
133
124
111
90
71
53
41
27
24
19
16
35
43
55
61
65
67
71
76
84
96
103
113
118
116
118
125
133
139
149
158
166
171
175
180
181
179
181
179
178
178
180
184
188
189
193
194
198
203
208
211
213
214
212
211
210
211
216
220
219
215
210
205
205
202
204
204
205
203
200
201
199
202
201
197
192
180
173
168
164
161
161
162
158
157
152
149
146
144
144
142
139
136
138
130
123
110
92
73
61
41
27
18
16
15
35
45
54
60
63
66
70
75
82
93
102
112
117
119
121
128
137
143
155
160
165
165
166
167
166
163
164
162
163
163
164
166
169
169
171
172
175
179
186
191
194
196
198
197
196
198
204
209
211
211
207
202
200
195
197
196
197
194
189
188
185
186
185
180
174
162
150
143
139
137
138
139
136
137
133
132
131
129
129
129
129
129
131
126
122
113
98
82
65
45
29
20
16
14
34
43
51
59
62
64
69
74
82
89
98
109
116
121
127
135
143
149
155
158
159
157
153
150
149
146
143
142
142
143
141
141
142
142
144
144
147
154
162
170
176
179
180
180
182
185
190
196
200
201
198
193
191
187
188
188
187
180
175
171
166
165
164
159
151
139
126
116
112
111
112
113
112
113
113
114
117
117
116
117
120
122
123
122
121
116
107
96
73
56
33
22
16
13
34
42
49
57
62
65
71
76
82
90
97
106
116
123
130
139
146
150
152
152
150
145
139
135
132
129
124
121
120
119
114
112
112
112
113
114
119
126
137
148
157
162
165
165
167
171
176
181
186
189
187
182
180
177
178
176
175
167
160
152
143
141
138
133
124
114
100
90
84
83
84
86
86
92
94
100
105
108
108
108
112
115
118
118
119
118
114
111
85
69
40
24
16
13
34
42
47
57
63
68
76
82
86
91
99
107
117
124
133
139
144
147
146
144
139
131
124
118
114
111
110
106
103
99
91
87
86
86
83
86
92
101
113
126
137
142
146
146
148
154
161
167
174
180
178
173
169
163
166
166
163
153
144
132
123
118
114
108
98
89
76
68
64
63
64
68
72
80
86
92
99
102
103
104
107
111
116
116
119
120
121
123
99
83
48
29
17
13
37
44
48
59
67
74
83
88
91
94
99
107
115
123
131
137
139
140
136
132
127
120
114
108
102
98
93
89
85
81
72
65
63
64
67
69
74
82
92
104
114
120
124
127
134
145
153
160
165
171
170
164
158
152
155
156
153
142
125
112
103
96
92
85
76
69
61
56
57
58
61
67
74
82
89
93
98
101
101
103
108
112
115
115
118
122
128
133
117
96
61
36
18
12
39
47
50
63
72
81
92
96
97
100
102
108
115
121
128
131
131
132
124
120
116
115
114
111
104
99
95
91
89
85
75
66
63
63
63
64
66
70
79
87
95
99
103
110
122
137
145
149
157
165
164
158
152
145
150
150
142
128
112
100
94
89
84
80
70
66
57
56
60
64
71
79
84
90
95
99
103
103
101
101
106
110
113
112
115
121
131
139
133
111
75
46
22
13
41
47
51
64
76
87
98
103
103
105
107
112
116
121
125
125
122
121
118
115
113
116
118
117
111
105
97
95
94
91
82
72
67
66
69
69
68
70
74
80
86
89
92
98
111
124
131
137
148
160
161
155
150
144
147
144
131
112
95
84
80
77
74
72
63
62
61
62
68
74
81
90
94
98
103
108
112
110
104
102
105
108
110
108
110
116
130
141
143
120
86
53
25
14
39
46
53
66
80
90
102
106
111
113
115
115
116
118
120
120
116
113
110
110
113
117
122
123
120
115
109
108
115
113
101
91
83
80
81
81
77
77
78
81
85
85
86
91
102
110
117
125
136
152
159
158
154
151
149
141
122
99
81
72
73
76
73
68
66
67
67
72
81
91
99
104
109
112
117
119
119
115
110
105
103
109
108
106
104
112
126
141
144
131
98
61
31
15
39
46
53
68
82
93
106
113
118
121
121
120
120
119
118
117
113
111
111
113
116
120
125
129
128
124
123
124
132
131
119
109
101
99
96
95
89
84
83
82
83
82
81
85
95
102
108
118
132
150
165
166
165
161
154
142
119
94
74
66
70
76
74
72
72
76
82
88
98
107
115
119
124
127
128
126
126
118
111
105
102
106
105
103
101
108
122
140
146
136
107
69
36
17
39
50
61
77
93
102
115
120
124
127
129
127
125
120
114
111
109
111
113
116
120
125
129
132
134
133
138
139
148
147
134
121
113
111
107
105
96
91
88
85
85
81
80
82
90
95
103
114
133
154
172
178
179
176
165
145
117
88
69
62
69
77
78
79
81
87
94
99
108
116
122
126
131
133
130
127
121
112
102
96
92
97
97
96
96
103
119
138
147
139
114
77
44
20
42
55
71
90
109
116
125
126
130
131
135
132
128
119
109
105
107
111
119
123
127
131
134
137
138
139
141
142
151
149
134
121
112
109
107
105
98
93
91
89
89
85
82
83
89
94
102
117
139
164
181
191
194
191
176
149
117
85
70
62
68
77
80
82
85
90
94
97
102
107
111
113
117
121
121
115
108
98
90
83
81
88
90
92
96
105
120
139
149
142
120
84
49
20
42
57
76
98
120
127
135
135
137
138
137
133
127
116
105
100
105
112
118
122
127
129
131
132
133
132
135
135
142
139
125
112
104
101
99
99
94
90
90
90
91
87
82
81
84
90
102
120
145
172
191
202
205
203
185
155
120
84
71
63
69
76
79
81
81
83
87
87
87
88
90
91
95
99
96
92
88
80
74
69
69
78
83
89
95
106
121
140
150
142
123
91
56
21
39
55
77
102
125
134
143
144
143
142
138
132
122
111
100
97
103
111
121
124
126
126
126
125
124
123
120
117
121
118
106
95
87
83
82
84
81
81
83
87
89
87
81
77
79
87
103
125
152
178
200
211
213
212
194
161
124
85
71
65
71
75
76
77
73
70
66
63
59
56
55
56
59
62
63
63
66
63
59
55
57
68
80
88
96
107
121
139
148
140
123
95
63
25
39
55
77
102
127
138
149
152
150
145
138
129
115
104
96
94
99
105
112
112
110
106
104
101
98
96
92
86
88
85
77
69
62
58
61
64
65
66
71
78
84
81
76
71
73
84
105
130
159
187
206
217
218
218
203
168
130
88
72
68
71
71
69
69
65
59
54
49
42
36
33
33
34
36
37
41
49
51
49
47
52
65
83
93
102
113
125
140
146
135
118
100
71
28
41
57
75
100
126
139
154
158
155
149
139
126
109
99
93
92
96
100
102
99
93
87
82
77
74
70
65
57
58
58
52
49
45
41
47
52
53
55
62
68
76
74
71
65
67
80
105
134
164
193
209
220
220
221
208
174
134
90
73
69
70
66
61
62
59
53
47
40
32
24
20
18
18
18
23
27
38
41
41
41
49
65
82
93
103
114
125
138
140
127
115
101
76
30
40
54
75
97
122
140
154
160
156
150
138
123
108
99
93
88
89
93
94
83
73
64
58
55
53
47
41
38
36
39
40
37
33
33
38
42
44
46
52
61
66
65
62
57
57
79
107
138
167
196
211
217
223
219
216
179
139
93
76
70
66
59
53
56
54
50
49
41
34
30
27
26
27
28
28
34
43
44
43
45
53
67
84
95
107
117
127
135
135
122
109
102
79
41
43
58
73
94
117
136
151
159
156
148
138
123
108
99
92
87
84
84
80
70
59
50
43
43
40
36
35
31
31
35
36
33
33
35
38
41
44
43
47
55
61
63
57
55
56
77
107
141
171
197
210
216
222
220
219
185
144
97
76
67
61
54
50
53
54
55
55
51
48
47
46
43
42
42
40
40
42
45
49
56
64
78
93
104
114
123
131
138
139
130
122
114
91
54
46
64
76
93
112
127
142
152
152
148
136
124
110
99
94
88
80
74
69
61
50
43
40
41
42
40
39
38
41
46
45
41
39
42
46
50
50
47
46
50
56
58
53
53
54
75
105
141
169
194
207
213
219
220
220
188
148
102
75
62
56
52
48
51
56
60
63
65
67
69
69
69
69
67
66
63
61
62
69
78
86
98
110
119
129
136
139
142
142
134
126
115
93
59
51
69
79
93
109
120
130
139
141
141
132
125
113
103
94
87
77
70
64
57
47
44
46
53
55
55
52
52
56
61
61
55
51
52
56
58
58
53
49
48
52
55
54
56
58
79
107
141
168
190
206
213
219
219
217
187
149
107
78
63
56
56
56
59
64
70
76
80
85
88
91
92
94
93
85
84
83
85
91
101
111
125
134
141
147
152
150
146
141
131
123
108
85
54
55
72
80
93
105
113
121
126
127
128
130
127
120
107
96
86
77
70
63
59
54
54
62
70
73
74
72
72
75
80
80
75
71
68
70
69
65
61
55
53
55
59
60
63
68
89
115
143
168
190
207
216
220
218
210
182
150
113
87
70
64
64
67
70
75
80
86
91
97
101
106
110
113
113
116
116
117
117
123
133
144
157
159
164
166
167
161
152
143
131
121
105
80
52
56
74
83
91
98
102
107
113
116
120
123
124
120
109
96
85
75
69
67
68
70
76
87
95
96
97
101
103
108
113
113
106
97
91
83
78
72
66
61
58
61
65
70
74
81
101
123
146
166
188
205
216
220
216
204
177
150
120
98
81
73
71
71
75
79
84
88
93
99
105
110
115
119
122
124
125
129
133
141
148
152
161
168
171
173
172
166
156
144
132
121
103
78
51
58
78
87
95
100
103
104
108
115
122
134
137
137
130
119
108
98
92
93
100
109
117
127
130
130
130
129
133
137
138
134
125
112
102
89
83
79
75
71
69
72
78
86
93
100
114
129
148
164
181
200
213
217
212
201
176
153
127
109
95
87
81
78
82
86
88
91
92
96
100
102
104
108
112
115
120
128
136
144
152
158
166
166
172
175
175
169
161
152
139
127
108
82
55
60
80
95
109
121
124
120
119
125
134
145
150
153
149
142
131
122
115
112
123
134
141
148
145
141
140
141
143
143
138
131
122
111
102
93
89
87
88
88
87
91
97
102
112
117
125
134
149
162
176
195
208
213
210
200
180
161
136
120
109
102
95
89
91
94
95
95
93
91
90
89
88
91
94
98
102
109
113
120
131
143
155
171
179
185
186
183
177
168
155
141
119
90
62
60
82
98
108
121
128
133
135
138
144
147
149
152
156
157
154
148
141
136
133
133
138
139
139
137
133
132
133
129
124
117
111
104
99
96
98
101
102
104
105
109
115
122
126
131
130
136
148
160
174
194
207
213
211
202
185
165
147
134
123
115
109
105
105
106
108
106
103
97
89
83
80
79
80
83
84
82
83
95
112
133
152
170
185
194
192
188
179
165
157
144
122
94
68
59
80
95
98
101
110
123
135
142
146
146
144
146
157
170
174
169
156
149
138
129
122
117
116
117
114
113
111
107
105
102
101
101
102
104
109
114
119
123
125
130
136
139
138
137
133
135
146
158
172
189
205
212
212
206
193
175
159
147
136
130
124
122
122
122
124
124
120
113
102
91
82
78
77
78
80
81
87
105
127
151
170
186
193
192
183
175
164
153
146
136
119
96
75
56
74
82
84
86
95
112
127
135
140
140
142
148
164
177
185
183
169
155
136
118
104
91
89
92
91
92
90
90
93
97
100
105
110
118
125
132
138
140
139
141
147
146
140
134
128
131
142
155
171
188
204
212
212
209
199
183
168
156
147
143
141
140
142
141
142
138
136
131
122
113
105
100
98
104
108
112
122
138
157
174
187
191
189
178
165
156
148
142
140
135
122
102
80
50
62
67
73
81
94
106
115
123
129
134
145
159
174
180
186
189
182
173
156
137
121
104
100
100
96
92
89
89
97
105
113
121
128
136
143
152
157
157
154
154
158
154
146
136
128
130
140
153
168
188
203
211
212
210
201
187
172
162
154
153
153
154
156
155
156
157
156
154
149
142
135
131
130
128
135
146
159
173
183
189
192
185
176
162
150
142
137
136
137
137
125
106
83
47
51
59
68
83
98
107
108
115
124
134
153
172
182
181
185
196
198
194
181
166
150
133
125
122
116
110
104
102
110
120
130
140
149
159
166
174
178
176
172
169
172
166
155
143
133
134
143
156
171
187
201
209
211
210
202
190
178
169
163
165
166
169
172
172
173
176
178
178
175
169
164
162
161
164
170
180
188
195
197
194
190
180
168
153
142
133
128
125
125
124
115
100
80
48
50
57
72
91
106
107
104
111
124
144
164
181
181
173
174
188
200
205
200
190
178
166
159
154
150
144
139
137
144
153
161
169
174
182
188
193
194
192
186
183
184
178
168
156
144
144
152
162
175
188
200
207
210
210
203
193
184
178
173
175
178
180
183
184
186
189
192
196
195
193
190
189
188
188
190
193
197
198
199
197
192
179
167
154
144
133
125
117
112
107
101
93
77
53
60
65
80
96
104
105
106
116
130
149
165
171
167
159
156
167
181
192
195
194
191
189
186
183
182
173
170
170
176
183
187
191
194
200
203
206
204
202
197
194
194
190
184
175
163
160
164
169
178
188
198
204
208
208
201
194
188
183
179
182
184
185
188
189
192
200
204
208
210
209
206
204
204
211
209
208
205
200
198
196
190
181
170
161
154
144
135
125
116
110
103
95
81
58
70
80
87
91
94
101
113
127
139
147
154
151
148
150
148
151
159
168
179
186
190
196
196
194
195
197
195
194
198
203
206
211
214
213
215
212
207
202
195
189
188
188
186
181
174
172
174
176
180
187
194
200
205
206
200
195
191
187
183
186
187
187
189
191
195
203
208
214
216
215
213
211
211
213
211
213
210
205
204
201
195
185
177
171
166
158
149
140
129
116
108
97
81
61
78
93
92
89
89
100
117
131
139
137
130
122
122
132
138
138
135
144
155
171
182
188
192
196
200
204
205
207
210
212
213
213
212
211
204
202
193
185
180
173
173
174
181
178
176
175
175
180
181
187
193
194
198
200
198
195
189
187
184
185
180
171
167
171
179
188
197
207
213
213
210
207
205
210
211
211
210
210
207
201
197
187
182
178
173
169
161
148
137
122
109
93
77
61
76
89
87
83
83
96
113
127
134
125
117
110
113
126
136
142
145
152
161
173
183
188
193
197
202
206
209
211
214
213
211
208
205
200
192
186
174
163
154
146
146
151
161
165
169
171
172
176
176
182
188
191
195
197
195
192
185
182
177
175
166
154
148
149
157
167
177
190
198
201
201
200
199
201
204
204
204
203
201
198
195
186
182
178
175
170
164
152
139
127
112
95
77
60
70
75
77
78
84
96
110
118
121
116
110
107
115
131
144
155
163
169
174
183
189
192
194
196
196
202
206
210
210
207
201
193
187
180
170
160
147
135
125
120
122
125
138
146
152
158
162
169
171
175
180
186
192
192
189
188
178
171
163
160
153
143
137
134
137
143
152
164
176
183
186
187
188
189
191
192
192
192
191
190
189
182
180
178
175
171
167
156
142
129
113
94
76
59
64
61
68
76
87
99
108
110
111
112
115
120
132
144
154
163
170
172
178
187
194
199
198
197
195
197
201
203
201
194
185
173
166
158
147
135
124
116
112
114
117
128
137
142
142
145
149
155
159
166
171
180
189
187
184
182
173
159
149
147
147
146
142
135
132
127
130
138
151
162
169
173
176
174
175
177
177
178
178
178
177
173
173
173
171
169
165
154
141
126
109
91
75
59
60
59
66
75
84
94
101
107
111
120
132
144
153
160
165
167
169
172
178
186
194
198
198
195
192
189
191
191
186
177
165
152
145
135
126
116
113
119
129
142
149
149
151
148
140
136
136
139
145
155
162
174
184
183
179
178
170
152
141
139
146
156
158
147
136
121
116
116
125
138
149
155
159
157
159
161
163
164
165
166
164
162
164
165
164
162
159
149
135
120
104
86
72
60
58
61
66
74
82
90
97
105
114
127
142
157
164
168
171
171
172
177
180
185
190
191
188
183
180
177
177
174
166
156
144
132
124
116
110
103
107
124
145
168
177
183
174
161
144
133
128
129
137
148
156
168
179
179
174
174
167
152
139
136
147
167
178
167
151
128
114
103
105
115
124
131
135
139
142
146
149
151
153
153
153
152
153
155
156
155
151
140
127
110
95
82
70
58
57
57
64
73
82
90
95
103
112
126
138
151
158
163
166
167
169
173
175
178
179
178
174
170
168
165
162
156
148
138
126
115
107
95
96
95
108
136
170
200
212
213
199
182
161
143
131
126
133
145
154
164
173
173
169
167
165
152
141
139
152
178
197
187
170
140
120
100
93
97
103
109
114
121
126
131
135
136
137
138
140
140
140
143
146
145
140
128
116
101
88
76
66
55
54
54
61
72
82
90
95
103
111
125
134
144
153
158
159
160
164
167
169
170
171
167
161
156
154
150
146
140
131
121
110
99
92
88
90
91
105
133
169
202
213
214
203
191
175
158
141
129
133
146
156
163
170
170
165
163
162
152
142
142
156
183
204
196
178
145
123
98
89
90
94
100
106
106
113
121
125
124
125
126
128
128
128
132
135
134
129
118
106
95
83
72
63
49
51
53
61
71
79
88
95
100
106
117
127
137
143
148
151
152
153
156
157
159
157
153
147
142
137
134
128
122
115
106
97
90
85
85
86
91
101
131
162
191
202
205
204
200
194
177
154
134
139
156
156
165
174
171
166
164
164
158
150
149
161
181
198
194
174
148
121
98
84
87
93
94
97
97
101
107
113
113
112
113
115
114
116
118
120
121
118
108
99
86
76
66
59
47
49
55
63
71
77
86
91
97
102
107
116
125
131
136
138
138
139
143
143
143
142
138
132
127
124
118
113
106
99
91
85
83
82
84
87
90
98
117
137
159
166
170
177
185
192
185
168
151
154
165
167
175
181
178
172
169
167
163
153
154
165
178
188
181
160
135
113
94
84
88
93
93
95
93
95
98
102
104
103
103
104
103
105
107
109
109
107
98
89
81
70
62
56
45
47
54
63
71
75
83
87
91
95
99
107
114
120
125
126
125
125
129
129
128
127
123
119
114
111
109
106
100
94
86
82
84
85
90
91
90
90
101
113
128
134
140
151
165
178
179
171
158
161
175
178
184
188
183
178
174
171
168
155
156
165
167
166
156
137
115
100
87
85
89
94
92
93
91
92
93
95
97
97
96
96
99
100
100
100
99
96
87
79
70
62
55
52
45
47
52
61
70
74
81
85
87
88
94
101
107
113
117
118
116
116
119
119
118
116
113
110
106
103
102
100
98
93
87
85
86
86
92
93
86
82
86
93
104
112
118
129
143
156
161
163
159
165
179
184
189
190
186
180
176
173
166
151
149
154
146
135
124
108
95
88
83
85
87
90
88
89
91
93
95
96
96
96
96
95
95
95
94
91
89
84
76
67
60
53
48
48
48
50
51
59
66
72
77
81
82
83
87
93
99
104
108
109
108
108
111
110
109
107
104
101
98
96
93
92
93
92
89
88
88
86
91
93
84
78
79
82
88
93
97
106
118
129
133
142
147
158
169
177
183
183
181
176
169
165
157
138
133
133
120
105
95
87
83
85
85
89
85
83
82
83
89
94
99
99
97
96
95
94
92
92
90
85
81
76
68
60
53
46
43
44
52
53
53
58
62
67
73
76
76
79
82
87
92
97
102
103
102
103
105
104
104
101
98
95
93
91
94
93
93
93
92
93
92
88
90
94
83
75
73
75
77
81
83
87
94
99
100
112
125
139
151
160
167
169
168
163
154
149
141
121
111
109
98
82
76
77
83
93
96
99
86
79
75
78
87
95
100
98
94
94
94
93
93
92
90
85
79
72
64
56
49
43
42
44
52
53
55
57
60
66
72
73
72
74
78
82
88
93
97
98
98
100
103
102
101
99
95
92
90
89
93
92
93
93
93
93
92
88
91
99
87
77
72
71
68
71
72
73
78
81
80
91
105
120
128
137
143
145
144
138
130
127
119
99
87
86
80
68
67
75
89
105
112
113
91
78
74
79
88
93
95
92
90
90
91
90
90
90
88
82
76
69
60
52
46
43
44
46
51
52
54
56
60
67
73
72
69
71
74
78
83
89
92
93
93
97
100
100
99
96
92
89
87
87
88
88
90
92
92
94
92
88
95
108
100
90
81
76
66
64
61
63
69
73
68
74
82
94
104
112
115
115
115
110
104
104
99
81
68
68
67
59
60
73
93
113
121
121
95
79
76
82
89
91
90
85
83
87
88
86
86
88
86
81
76
69
61
54
46
43
44
47
50
52
53
57
62
67
71
73
72
70
73
75
80
85
87
87
89
91
96
96
94
93
90
87
85
86
87
87
89
89
89
90
90
91
106
117
111
99
89
75
65
61
60
63
66
66
64
65
72
80
90
95
97
99
96
87
84
84
82
64
56
56
56
57
63
74
93
120
127
129
112
90
83
80
85
86
84
81
82
85
86
83
85
86
85
83
77
69
59
52
46
47
46
47
49
50
53
56
62
67
71
72
71
69
71
73
77
83
86
87
88
90
95
94
92
90
88
86
85
86
88
88
88
86
85
87
92
97
113
125
120
104
91
78
68
66
66
67
70
68
65
64
67
72
80
84
84
85
81
73
70
69
66
57
53
52
56
62
66
73
91
120
131
134
119
99
89
84
81
81
81
82
83
85
84
82
83
83
83
82
76
68
58
53
47
49
49
50
49
48
51
54
60
65
69
70
69
66
69
72
77
81
84
87
87
89
93
92
89
88
85
84
84
85
86
86
86
83
82
86
94
101
115
129
125
108
94
82
75
71
70
73
77
77
74
72
73
75
80
83
80
77
73
66
64
62
56
54
53
53
59
65
66
74
93
124
137
142
126
104
90
82
77
77
79
82
84
84
82
80
81
82
82
81
76
68
59
53
49
52
52
53
51
49
51
54
60
65
68
69
68
67
70
72
76
81
85
87
88
89
90
89
87
86
84
83
84
83
82
82
84
84
88
92
100
106
116
128
124
111
97
84
78
75
78
80
84
85
84
81
81
81
83
86
82
78
75
72
71
70
67
62
60
62
66
62
62
74
95
127
142
145
129
104
87
77
76
75
77
82
84
83
80
80
80
82
82
81
75
68
59
55
51
53
54
52
54
51
51
54
60
67
70
70
69
69
70
72
76
81
86
89
89
89
88
88
88
86
84
82
82
81
78
78
79
85
91
97
104
109
115
122
119
110
98
86
79
78
80
81
83
87
88
89
88
87
89
92
87
85
84
84
86
84
81
76
72
71
68
61
60
74
94
124
140
142
126
104
85
79
77
75
75
79
80
79
78
79
81
82
83
79
73
65
57
52
52
54
55
53
57
50
50
53
60
67
71
71
71
71
70
71
75
81
87
90
90
87
87
87
86
85
84
83
81
80
77
75
75
79
84
90
96
102
108
112
109
106
98
88
85
84
81
82
84
87
92
95
96
94
96
98
93
91
90
90
91
89
83
81
78
73
72
70
71
81
95
119
132
133
120
101
86
84
79
76
73
76
77
77
78
80
82
83
82
78
70
62
55
51
50
53
56
56
56
48
48
51
58
67
71
72
72
72
72
73
75
81
87
90
89
85
84
83
83
83
83
84
83
83
81
78
76
77
78
81
89
96
105
108
106
103
99
93
92
90
90
89
89
92
97
101
101
97
99
100
95
93
93
88
87
83
80
79
79
76
77
82
84
87
94
111
118
118
107
95
85
87
82
78
74
72
73
76
79
81
83
84
81
77
68
60
53
49
49
52
55
55
56
47
47
50
58
68
72
72
73
73
75
75
77
81
88
91
88
82
80
80
80
82
83
85
87
87
84
82
81
81
81
83
91
100
110
113
109
106
101
99
99
95
92
91
92
96
104
109
108
104
103
104
99
98
97
92
88
85
82
79
80
80
82
86
85
86
90
102
104
105
97
89
82
87
85
81
75
72
73
77
80
83
83
83
80
75
66
56
50
48
49
51
53
53
51
47
48
50
56
66
72
72
73
77
76
78
79
81
87
90
85
81
78
78
79
81
84
87
90
91
90
90
87
86
84
83
88
96
105
106
105
101
94
93
93
90
90
89
89
93
101
107
109
111
110
107
107
108
104
97
88
81
78
78
78
78
78
78
77
76
79
85
93
94
88
83
84
85
84
80
78
76
77
78
82
85
83
82
80
73
63
54
47
45
45
48
50
51
42
41
44
47
53
62
68
69
71
76
78
81
80
81
86
89
86
81
80
81
82
84
86
89
91
93
92
94
91
88
87
86
85
87
88
86
85
84
81
81
83
86
85
84
84
89
98
103
102
100
105
102
102
101
97
90
82
74
70
72
72
70
67
66
64
63
66
73
81
83
78
75
76
78
82
79
78
80
82
83
84
86
85
84
79
71
61
52
45
42
43
46
47
49
31
36
41
43
49
59
66
67
71
77
82
83
81
80
85
89
87
83
82
83
85
86
88
89
91
93
95
98
95
90
88
86
81
77
75
76
78
80
80
80
81
83
85
86
85
86
89
90
91
92
85
83
84
85
83
80
75
69
68
74
76
72
69
68
67
64
59
60
62
62
59
61
68
74
76
74
75
81
85
87
88
89
86
84
77
69
58
50
43
40
40
42
44
47
25
34
43
43
47
56
65
69
73
80
83
83
81
79
84
89
89
87
87
87
86
86
86
88
89
90
92
94
91
86
81
76
71
67
65
71
79
84
87
87
89
91
98
100
99
97
96
96
98
103
93
89
88
90
89
87
86
82
83
91
95
92
87
83
75
68
59
52
46
42
42
50
62
71
75
72
73
79
84
88
90
91
86
83
75
67
58
49
42
39
38
40
42
46
22
36
46
44
46
54
64
70
75
81
84
84
80
78
82
89
91
92
91
88
86
85
86
88
87
86
89
90
86
80
72
64
61
62
70
83
96
104
112
118
124
128
128
130
128
126
127
125
123
123
110
100
95
96
97
96
95
96
107
117
124
121
115
105
89
74
59
48
38
35
38
47
59
66
76
73
73
77
83
88
90
91
86
82
74
66
57
48
42
39
37
39
41
45
23
37
51
47
46
54
64
70
75
82
84
84
81
77
81
89
93
96
93
89
86
86
87
89
88
86
87
86
81
75
66
55
53
58
75
94
110
120
132
143
151
156
162
163
161
158
155
153
153
157
149
136
128
129
131
132
132
131
138
147
152
151
142
126
102
80
60
47
37
36
41
51
63
69
71
70
72
79
85
89
90
91
86
82
73
64
55
46
40
38
37
38
39
43
25
38
51
49
47
53
62
68
75
82
86
86
82
77
81
89
96
99
94
91
89
88
90
90
89
88
84
83
78
72
64
54
50
54
74
91
106
118
131
142
150
157
167
169
170
167
169
172
178
186
176
165
156
156
158
158
152
144
151
154
154
150
139
120
94
73
57
47
42
44
50
60
70
75
71
70
73
81
87
89
89
90
85
81
72
62
52
44
39
38
38
39
39
42
26
37
49
47
46
52
60
66
72
80
88
88
82
78
81
90
96
99
95
93
92
91
92
91
91
89
88
88
83
77
72
62
57
57
67
79
89
98
111
122
133
146
154
156
156
158
164
171
176
182
174
167
161
161
163
161
149
134
129
130
128
122
114
99
78
61
52
47
49
56
64
69
73
75
75
74
77
83
87
88
88
88
85
80
72
60
51
43
39
38
41
41
41
43
21
35
43
45
43
48
59
61
65
79
87
89
85
80
82
89
94
96
94
94
94
94
96
94
92
92
91
91
88
85
80
75
69
65
65
67
72
80
87
93
102
110
117
116
116
120
131
143
153
157
149
143
141
146
147
141
126
113
104
100
95
93
89
80
67
56
49
49
55
63
69
72
76
77
80
82
85
87
84
84
85
85
81
76
69
61
52
45
42
38
40
41
42
44
17
29
37
40
42
48
57
58
62
74
87
90
87
82
84
88
92
94
94
97
97
97
97
96
93
93
92
94
94
92
90
86
82
80
71
68
68
70
74
78
84
91
95
95
97
100
107
115
120
121
116
112
111
111
107
100
91
83
70
66
61
61
63
62
56
50
51
52
60
69
74
77
79
79
81
83
87
89
87
87
86
84
79
73
67
62
55
49
45
40
40
39
42
48
16
26
35
39
41
47
54
54
59
71
85
90
90
87
85
88
89
91
92
97
100
98
97
95
94
92
94
97
100
99
99
98
95
92
83
78
75
74
75
78
82
86
90
91
90
88
89
88
87
84
87
84
84
84
79
75
69
64
60
57
55
58
63
65
63
59
57
59
67
77
82
84
85
83
83
86
90
92
91
91
88
83
75
69
65
64
60
56
49
41
38
36
43
52
19
27
35
40
43
47
50
50
56
67
79
85
89
88
88
88
87
86
90
99
104
99
96
94
92
92
95
99
103
102
102
102
100
97
91
88
84
85
85
87
89
93
95
94
92
88
88
86
83
80
78
76
76
78
78
76
71
66
62
60
61
62
65
67
67
66
68
69
76
83
88
89
90
87
86
88
92
92
91
92
89
83
73
68
64
65
65
60
50
41
36
35
43
57
17
25
31
37
42
46
47
46
51
60
69
77
83
87
90
90
86
83
89
101
107
101
95
94
93
92
96
99
102
103
103
104
101
98
96
94
92
92
91
91
94
97
99
97
94
93
93
92
89
86
81
79
78
80
80
79
75
70
68
66
64
64
65
69
74
77
76
77
83
90
94
94
92
88
86
88
92
92
91
92
90
83
74
68
65
67
67
61
49
37
34
34
46
62
11
18
25
33
42
45
46
44
46
52
62
70
79
86
92
92
87
84
86
100
108
103
97
95
94
93
95
96
99
101
102
104
103
101
100
99
96
93
91
93
96
99
100
99
98
97
98
98
94
90
89
87
86
84
80
79
77
74
72
70
68
67
68
73
78
83
81
83
89
96
99
99
95
89
87
88
90
91
91
92
88
83
76
71
68
68
65
57
43
32
31
34
48
66
7
14
24
32
41
46
46
44
46
49
56
66
75
84
91
93
89
86
84
97
106
104
101
99
96
95
93
93
95
99
102
102
102
102
100
97
94
91
89
90
94
96
98
99
101
104
106
108
108
107
104
102
99
93
88
85
84
79
75
74
74
75
77
78
81
82
82
84
90
96
100
100
96
89
88
87
91
93
92
91
87
81
79
76
73
70
61
49
35
25
28
34
51
70
8
15
24
32
40
45
45
43
46
47
52
62
73
82
90
91
89
88
83
95
104
106
105
103
99
97
93
91
92
98
102
102
102
103
99
96
93
89
87
89
91
93
98
101
105
108
111
115
118
119
116
113
107
101
95
91
86
80
78
77
76
77
80
82
82
82
82
83
87
92
96
97
94
88
88
87
91
95
93
90
85
80
79
78
77
69
55
40
27
21
24
34
51
71
8
11
19
31
40
44
43
44
46
44
50
57
67
77
87
93
92
88
85
91
98
103
105
104
103
101
94
92
92
97
103
104
103
103
99
99
95
90
88
89
91
94
99
103
109
114
117
120
124
126
122
116
109
102
96
90
87
84
81
80
79
79
81
83
81
77
78
79
82
89
93
94
92
90
89
89
93
97
95
91
84
77
79
84
79
67
51
35
21
18
21
31
49
72
8
11
17
29
36
42
43
43
46
44
45
51
62
72
83
91
91
89
84
88
93
98
102
104
104
103
96
94
94
97
100
100
100
99
97
99
96
91
88
88
90
93
99
102
106
110
112
115
117
119
115
110
103
98
93
89
87
86
83
82
80
78
80
80
79
77
75
76
81
87
94
97
95
93
92
92
95
97
95
88
82
75
76
81
76
60
45
29
18
15
20
32
49
70
9
9
16
25
32
39
42
43
45
43
42
48
57
66
77
86
89
89
84
84
86
92
98
104
105
105
99
98
97
97
95
94
95
95
94
97
96
91
87
86
87
91
95
98
101
104
106
107
107
107
102
98
93
90
90
88
86
85
84
81
78
76
75
73
74
74
75
76
79
86
94
98
99
97
95
94
96
96
92
85
78
72
74
74
67
53
38
24
16
15
20
32
47
66
12
11
16
24
30
37
41
44
47
44
43
45
50
58
69
79
85
86
84
81
80
84
94
100
104
105
102
101
100
97
95
91
88
87
88
92
91
87
84
83
85
88
91
94
95
96
97
97
97
95
91
87
85
84
85
86
86
86
83
79
75
74
71
69
71
73
76
77
80
87
96
101
102
99
97
95
95
93
86
80
75
71
70
66
57
45
32
22
17
15
20
32
46
62
19
16
19
25
31
38
43
46
49
47
44
43
44
50
60
71
79
82
83
78
75
79
87
96
100
103
104
104
102
98
94
89
84
81
79
82
82
79
78
80
83
86
90
91
92
93
92
93
90
87
86
83
81
82
85
86
87
87
84
79
75
72
70
68
71
76
80
80
83
91
100
106
107
104
100
96
91
86
77
73
71
71
65
58
48
37
28
21
17
14
21
32
46
61
24
21
21
28
34
40
44
47
50
49
44
42
41
45
55
65
73
78
80
76
73
77
83
90
97
100
104
105
104
100
94
87
81
78
76
78
76
74
76
79
82
86
91
93
93
93
93
93
91
88
84
82
80
81
83
85
86
86
83
79
75
73
71
70
74
79
85
86
89
96
106
112
111
106
100
95
87
78
70
66
68
70
63
51
40
32
24
19
16
14
18
30
43
58
25
24
26
32
39
44
47
47
50
49
45
43
42
43
49
58
68
74
79
77
75
76
79
83
90
97
104
107
109
104
99
92
86
82
80
81
79
75
77
80
82
84
89
91
90
89
89
91
89
87
84
82
80
80
81
83
83
84
80
78
76
75
75
78
83
88
94
93
95
100
109
114
109
102
95
88
82
75
67
64
65
64
56
44
32
25
18
15
15
13
16
27
41
58
25
25
30
37
42
48
49
48
51
49
45
44
43
43
46
53
62
70
78
76
75
74
75
78
85
92
106
111
114
111
105
99
94
91
87
86
82
77
78
80
80
81
83
85
84
83
83
86
86
83
84
82
81
79
80
80
81
82
81
80
79
79
82
87
94
100
102
101
100
102
109
111
105
96
88
82
78
74
68
64
62
58
49
35
24
19
13
11
13
12
15
27
42
60
23
27
35
50
56
59
54
51
53
50
45
45
45
45
48
51
59
68
73
77
80
78
74
73
80
91
103
114
120
118
113
108
101
98
96
94
89
83
80
80
80
79
81
82
83
84
84
84
84
85
86
87
86
84
83
81
79
81
78
80
82
86
91
96
102
106
112
108
106
108
110
106
95
85
78
76
74
71
67
64
57
48
37
25
19
12
12
10
8
9
12
24
41
60
17
22
39
57
65
66
62
56
54
51
45
46
46
47
50
52
58
64
70
77
80
79
75
73
78
87
99
109
117
117
116
113
108
104
98
96
91
86
81
79
78
78
79
80
82
84
84
85
86
88
92
92
90
88
85
82
80
80
81
82
87
93
98
103
109
113
117
116
115
116
114
105
91
80
73
71
68
66
64
60
52
43
32
22
15
10
10
8
8
9
12
24
41
61
13
20
43
66
76
74
70
59
52
48
46
48
49
51
51
50
50
55
62
71
78
77
74
72
75
80
91
101
110
114
117
117
113
110
103
100
95
91
86
81
79
78
78
80
83
86
87
88
90
92
94
96
94
92
89
86
84
84
86
89
95
102
108
114
117
120
123
124
125
124
116
103
86
74
67
64
62
61
59
54
46
39
29
19
14
8
9
6
7
8
11
22
39
60
11
21
44
75
90
83
75
59
46
45
47
50
53
54
53
48
44
47
53
64
73
73
72
72
74
76
83
91
100
107
114
116
115
113
109
105
101
98
92
86
82
82
81
84
87
90
92
93
94
96
97
99
98
95
93
90
88
89
91
95
103
110
116
121
124
124
125
127
128
123
111
94
78
69
63
58
57
56
53
47
41
36
29
19
14
8
8
5
5
7
12
23
41
62
9
17
45
82
104
92
82
60
47
46
48
52
55
56
54
48
43
42
49
59
67
69
70
72
74
75
78
84
91
100
109
114
114
115
114
113
110
106
99
92
87
87
86
89
92
95
96
97
99
101
104
106
104
100
96
91
90
89
95
100
108
116
122
127
129
129
128
128
124
115
99
81
68
63
59
56
53
50
45
40
38
35
29
20
15
8
8
5
4
6
12
24
43
63
9
15
43
83
112
100
90
67
54
52
51
54
56
57
55
48
42
40
48
56
61
64
67
70
72
73
75
79
84
91
101
108
112
115
119
121
120
115
108
101
95
91
90
92
95
98
99
101
103
105
109
111
108
102
97
94
93
93
99
105
114
121
128
131
132
131
129
125
118
104
85
68
60
59
63
59
53
47
39
36
36
35
30
20
15
7
6
4
4
6
10
25
43
64
11
17
41
81
114
106
99
80
64
58
56
55
55
55
56
51
44
42
48
53
56
58
62
66
68
70
72
74
76
81
91
99
106
112
119
123
125
120
113
107
103
98
95
95
98
100
101
103
106
109
112
115
112
105
100
98
97
98
103
109
117
123
127
130
130
127
124
118
107
90
71
59
55
58
64
61
55
46
40
39
41
41
37
25
17
6
5
3
3
6
12
24
41
58
14
20
40
80
116
111
107
89
73
64
57
54
52
54
58
57
51
49
48
51
53
55
60
64
66
68
69
70
70
74
83
91
99
107
114
122
125
122
116
112
106
101
98
99
99
100
101
104
108
110
115
118
115
108
102
99
98
99
105
110
117
121
124
125
123
120
116
109
96
79
63
52
53
58
60
58
53
45
42
45
49
49
45
31
20
8
5
2
3
5
8
18
30
45
13
20
42
79
117
121
118
98
82
68
60
51
49
52
57
61
57
52
52
51
51
55
59
62
65
66
66
65
65
67
73
80
88
97
107
114
121
121
118
115
109
105
103
100
98
99
100
102
108
114
115
117
114
108
102
99
98
99
104
108
112
114
115
114
112
110
105
96
83
68
57
51
51
55
56
53
48
45
47
51
58
64
59
40
24
11
6
1
1
2
7
8
20
29
13
22
43
79
118
124
125
107
91
75
63
53
49
50
58
65
63
58
55
53
53
54
58
62
63
64
63
63
62
64
69
75
81
89
99
106
113
115
114
113
110
106
102
99
96
97
98
101
106
112
113
114
110
105
100
98
96
97
100
103
106
106
104
102
98
95
89
82
71
62
55
50
50
52
53
49
47
49
54
62
71
78
72
52
33
16
9
2
1
2
5
4
11
16
13
25
47
81
117
128
133
118
101
85
70
58
51
49
56
65
64
61
57
56
54
55
58
59
61
62
62
63
62
63
67
70
75
81
90
95
101
105
107
107
106
105
101
97
94
93
95
98
103
109
108
108
103
98
96
94
92
92
93
95
96
93
90
86
81
78
76
69
62
57
54
52
50
50
49
46
48
55
64
73
82
90
85
62
40
19
10
3
2
2
2
2
5
9
12
28
50
79
112
127
136
128
114
101
85
69
58
53
56
61
60
56
57
57
56
57
57
57
59
61
61
62
62
64
66
68
72
77
81
85
89
93
97
100
101
100
97
94
91
90
91
93
99
103
102
100
94
90
90
88
86
85
86
87
86
83
79
76
71
67
64
58
53
50
52
52
49
47
49
49
53
65
76
83
89
95
89
66
43
20
10
5
3
4
5
4
9
13
12
28
49
77
107
127
140
139
130
121
107
88
71
62
59
58
55
55
55
57
58
58
56
55
57
59
60
62
63
63
64
67
69
72
75
78
80
84
87
91
93
93
92
89
87
86
87
90
94
98
96
93
88
84
85
83
81
81
82
82
80
76
73
70
66
62
55
51
47
47
52
54
52
48
51
54
64
78
90
96
99
100
92
69
45
22
12
8
7
8
8
8
11
17
10
23
49
74
104
126
140
143
139
136
128
107
89
74
66
61
58
58
54
56
58
58
56
54
55
57
61
63
63
63
65
66
67
70
71
72
74
76
80
83
85
86
86
85
83
84
86
88
91
95
91
89
85
83
83
81
80
81
79
79
76
73
69
66
63
60
54
51
49
49
52
54
54
52
54
62
76
93
106
110
108
108
95
72
49
26
15
10
10
10
10
12
15
22
9
20
45
69
99
121
137
143
143
146
143
127
108
92
81
77
68
64
57
57
58
58
58
55
56
57
62
65
65
64
64
65
66
69
69
70
71
71
72
75
78
80
81
81
81
83
85
86
89
91
88
87
85
82
81
78
76
77
77
76
74
71
68
65
61
58
54
52
49
47
49
53
55
56
65
75
91
107
117
120
116
110
98
77
54
28
17
11
12
13
14
15
18
23
8
16
38
63
92
115
131
141
147
153
155
142
126
108
96
91
80
70
60
60
59
59
59
58
57
58
61
64
64
63
62
62
63
66
68
69
69
69
69
71
74
76
76
77
79
80
83
84
86
88
85
85
84
80
78
73
70
71
74
74
73
70
68
65
61
57
56
55
51
48
49
56
62
67
78
89
104
117
125
125
118
110
101
80
56
31
18
13
14
15
13
15
18
24
7
14
33
55
84
110
126
139
141
147
150
149
139
128
120
112
101
84
69
62
59
59
61
60
60
59
61
62
62
62
63
61
61
63
67
70
70
69
68
69
72
73
75
76
78
80
82
82
81
81
81
80
79
76
71
68
67
66
68
69
69
68
68
66
63
60
55
57
53
51
56
64
72
81
92
105
118
126
127
124
121
113
104
86
60
37
18
18
17
17
17
16
19
23
7
12
30
51
78
104
121
134
136
143
150
153
147
141
135
128
118
103
82
71
62
62
61
58
55
53
55
57
59
62
63
61
61
63
67
69
69
68
67
68
71
73
75
76
76
77
77
74
73
72
73
72
70
67
66
65
65
64
60
61
63
65
67
66
63
59
55
54
54
58
65
75
86
97
109
120
129
133
129
124
122
115
105
87
64
40
21
21
20
20
18
18
20
23
7
11
26
46
72
100
117
132
134
140
148
153
153
151
149
143
136
124
105
88
74
68
62
56
54
52
53
55
58
60
59
61
60
61
66
68
69
68
66
67
71
74
74
75
75
75
72
69
66
66
63
61
60
60
61
64
64
63
58
59
60
63
65
65
61
57
54
52
57
67
77
89
104
116
128
136
140
137
128
122
121
117
106
88
66
42
21
21
21
24
22
20
22
24
