93
95
98
100
94
118
142
131
98
61
38
29
22
27
30
30
42
57
73
90
106
118
133
142
149
154
160
166
171
172
173
175
178
179
175
176
175
174
176
178
181
183
189
192
193
194
199
202
204
207
212
216
216
214
213
212
208
206
206
203
200
197
192
184
173
161
157
153
149
138
128
115
107
99
92
82
79
75
67
60
51
42
33
29
24
22
20
16
12
10
9
7
6
8
102
106
105
99
98
110
123
117
94
68
53
44
36
40
48
51
62
76
96
111
124
135
149
159
163
166
173
179
184
184
185
186
188
190
193
194
191
187
187
188
190
193
194
194
193
194
197
200
205
210
213
215
212
208
207
204
202
201
202
200
199
199
196
191
178
166
159
153
148
139
132
124
118
109
102
91
87
82
75
67
58
49
38
34
29
27
25
21
16
12
10
7
5
6
111
107
104
105
105
107
105
95
80
70
58
55
54
62
72
77
86
102
121
132
144
154
166
173
177
179
184
181
180
183
185
186
188
190
193
194
194
192
194
198
199
196
193
192
192
194
196
199
203
207
211
209
207
206
204
202
201
201
203
204
203
201
199
193
181
169
164
161
155
147
140
131
123
119
109
102
94
88
81
74
64
55
46
40
35
32
30
28
24
19
14
8
4
4
118
115
108
109
108
107
104
92
75
67
66
68
74
85
97
103
112
124
140
148
158
167
178
186
188
189
188
187
184
183
185
187
186
184
180
180
180
181
186
192
194
192
187
186
186
188
191
194
198
202
202
203
204
202
201
200
201
202
204
204
204
201
199
195
186
175
170
165
158
152
146
139
131
125
119
112
103
96
87
81
71
62
56
51
45
42
38
34
27
22
18
9
5
7
101
100
106
106
100
93
90
87
80
74
78
86
96
112
123
130
135
144
152
160
167
175
183
189
191
193
197
199
197
193
193
196
193
186
179
175
172
173
177
179
179
177
176
175
176
178
181
183
187
191
194
197
198
195
192
194
196
197
204
205
204
200
197
193
186
177
173
166
158
153
150
144
137
132
128
121
113
105
97
90
82
75
65
60
57
53
47
41
34
28
23
14
8
10
77
79
89
88
79
68
72
84
87
86
91
104
118
130
140
144
145
150
159
166
171
176
181
184
187
190
199
204
205
202
201
203
200
194
188
184
179
179
180
178
174
172
169
169
172
174
175
175
178
181
186
188
190
188
186
187
187
187
193
196
196
192
191
190
184
177
167
162
156
152
150
147
142
137
134
127
119
112
106
101
94
87
75
71
67
64
57
49
41
34
25
19
18
20
65
69
69
71
69
67
75
87
94
97
103
119
133
141
149
151
151
154
159
166
172
173
173
174
176
182
192
198
202
201
199
200
201
199
198
194
190
189
186
180
175
173
171
172
174
176
174
172
173
175
178
181
183
182
183
184
184
182
185
186
185
182
181
181
177
173
164
161
156
153
151
148
144
142
137
130
123
118
114
110
106
99
90
84
79
74
66
56
46
37
31
26
27
31
55
61
61
67
76
87
92
90
93
101
110
127
141
149
155
156
155
157
159
165
170
169
167
165
169
174
183
188
193
193
191
193
196
200
205
202
199
196
190
184
180
179
187
186
185
183
178
172
170
171
176
178
179
179
182
184
183
180
179
177
174
172
172
173
173
170
168
165
161
156
152
147
144
141
138
132
126
123
121
119
116
111
102
97
90
83
74
64
53
44
42
34
30
30
49
57
64
73
85
93
89
82
89
103
116
133
147
155
159
157
155
158
160
164
168
168
169
168
169
173
176
181
184
186
185
187
191
193
200
198
195
192
190
190
192
193
198
195
193
189
184
178
175
175
177
176
176
179
182
184
183
181
173
169
166
168
171
173
172
171
169
167
162
157
152
148
145
144
142
138
133
129
126
125
123
119
111
106
99
91
81
71
61
52
52
44
38
34
51
61
71
84
93
89
78
74
90
110
125
141
156
162
163
159
154
156
158
161
164
168
172
172
172
175
176
181
185
187
189
191
191
190
191
188
184
182
182
186
192
196
194
189
186
185
183
179
177
177
176
175
175
179
184
186
186
186
178
172
169
170
171
170
166
164
163
161
158
156
153
152
151
151
151
147
141
135
128
127
125
124
119
113
106
97
85
74
65
57
56
54
51
46
64
69
74
75
76
79
81
86
102
121
132
143
154
160
163
158
154
154
156
159
165
171
177
182
182
181
181
180
182
187
191
190
184
181
181
182
177
174
176
181
186
184
178
174
173
176
182
185
183
180
178
173
173
180
185
184
185
188
183
174
169
170
170
163
156
153
153
155
155
153
152
154
155
156
159
153
145
137
133
129
126
123
123
117
110
100
89
79
69
58
56
55
60
63
66
67
62
62
63
70
80
90
106
122
132
142
153
158
159
156
154
155
155
159
164
168
171
174
171
168
162
162
165
170
174
174
172
172
174
176
174
174
177
179
182
179
178
175
174
175
179
181
180
178
172
170
170
174
179
181
182
185
181
175
170
169
167
162
157
154
153
156
158
156
153
152
153
155
153
150
146
141
137
132
128
127
125
119
112
102
92
85
76
66
57
52
58
69
52
49
47
54
60
63
65
71
87
109
129
139
149
155
155
153
153
156
159
161
161
158
154
150
145
140
132
133
136
139
141
142
143
145
153
157
160
167
172
176
179
177
174
171
168
168
167
168
168
167
164
164
164
166
169
172
175
176
173
173
171
168
165
161
158
155
156
157
158
157
153
148
146
147
145
146
147
144
140
134
130
127
124
119
112
103
94
89
82
74
56
58
66
75
42
41
47
57
62
57
51
54
77
104
130
138
146
152
152
151
151
155
156
156
156
155
154
154
155
155
153
152
150
147
142
135
132
131
138
142
145
152
158
161
166
166
166
164
161
158
156
155
155
156
155
158
159
157
158
161
163
161
163
168
172
170
167
166
164
162
161
158
157
156
154
149
144
142
142
143
144
144
141
136
132
128
125
120
114
104
97
92
87
78
66
68
72
72
37
38
50
53
49
44
45
59
90
119
138
144
150
152
152
152
153
157
163
162
162
166
167
168
173
177
183
181
178
173
164
154
147
143
144
146
143
144
144
145
151
153
152
150
147
143
141
140
140
141
140
144
146
143
143
146
146
144
148
155
160
160
160
161
163
163
161
157
155
154
152
147
142
140
142
142
141
142
141
139
135
132
129
124
118
108
100
95
89
79
80
76
70
66
31
36
46
44
37
37
49
72
102
129
144
148
152
154
155
154
156
162
162
162
165
170
173
174
178
182
184
184
185
188
187
181
177
175
169
169
163
156
150
146
148
147
144
142
138
134
132
131
130
130
126
129
131
131
132
135
136
134
136
141
145
147
148
149
154
157
161
158
156
155
149
145
143
143
142
138
135
135
136
135
133
132
131
126
121
112
102
97
90
79
78
77
73
70
32
37
42
42
40
43
56
77
105
128
144
150
157
158
157
155
156
161
163
167
170
173
175
175
176
175
175
176
179
184
188
188
187
187
192
193
187
180
172
166
162
155
150
146
141
139
137
137
136
135
129
129
128
129
129
129
130
129
132
132
134
135
135
135
138
142
156
157
156
154
151
149
149
148
142
136
130
127
127
127
127
127
126
122
117
109
101
97
90
78
69
71
79
80
25
26
37
41
42
45
58
78
105
129
144
153
161
163
161
155
152
153
162
167
173
175
178
181
181
175
171
172
175
179
181
181
182
183
188
193
193
193
192
190
185
177
172
168
163
162
162
163
163
163
164
159
155
153
151
147
145
146
147
143
143
144
142
137
138
142
145
146
145
146
149
151
151
147
145
137
130
124
122
121
121
123
120
116
113
106
99
96
90
78
65
65
75
87
24
20
28
32
41
46
57
79
105
128
140
152
159
160
156
153
155
158
167
172
176
180
189
195
196
193
190
185
182
183
184
183
183
186
185
185
185
185
187
191
196
199
198
191
184
184
186
184
183
186
191
188
187
186
184
181
177
176
175
172
169
166
162
157
155
155
153
150
148
145
142
143
145
144
145
141
134
128
122
120
119
119
116
111
107
102
96
90
87
85
77
65
59
63
20
18
21
24
32
40
54
80
108
131
144
154
160
159
156
156
159
166
174
180
186
190
201
211
216
216
211
209
205
201
195
189
187
189
190
189
189
188
188
190
195
200
200
199
195
192
194
193
190
188
189
186
183
182
181
180
179
179
177
176
174
173
172
170
170
171
172
167
162
155
149
146
145
142
145
142
135
127
123
122
121
119
114
110
105
100
95
89
86
83
77
64
50
49
16
17
21
27
35
38
47
70
101
129
145
152
156
154
153
157
165
173
183
189
194
201
210
219
224
225
225
225
223
214
207
199
195
193
195
192
191
193
191
187
184
183
190
195
196
194
196
197
193
188
186
183
179
178
179
179
178
179
176
175
173
172
171
173
175
178
182
175
169
163
156
150
147
145
143
141
135
126
122
123
121
118
113
108
104
99
92
86
81
78
75
65
48
43
15
19
28
31
34
31
35
60
98
129
143
148
151
151
155
163
173
182
192
199
206
210
216
220
222
224
227
227
226
222
219
214
207
200
193
188
184
184
181
176
173
175
185
193
197
197
200
202
199
195
189
187
184
186
186
186
184
183
179
176
172
170
169
172
175
177
176
168
164
164
160
155
150
147
141
138
132
127
125
125
121
116
112
108
103
98
92
84
79
75
73
66
54
46
14
21
30
25
18
11
25
62
105
136
142
147
150
155
165
175
182
188
194
201
206
210
215
217
216
218
221
224
224
223
223
222
216
207
201
198
196
192
183
174
174
180
190
198
202
203
204
205
203
202
196
196
196
198
199
198
195
193
189
184
178
176
176
177
176
175
168
162
160
163
162
157
149
144
141
135
129
127
128
125
119
115
109
105
101
98
91
84
78
73
69
64
54
46
13
20
25
19
10
6
25
69
110
135
142
147
153
160
170
177
180
182
182
186
189
190
196
200
203
203
204
211
218
220
221
221
219
215
209
207
206
203
195
182
177
179
193
200
204
204
204
205
206
208
207
208
209
209
210
210
208
206
203
198
192
188
187
184
177
171
165
160
160
162
161
155
147
140
139
132
125
125
126
123
117
114
109
104
99
95
88
79
72
66
60
58
52
43
13
16
17
17
13
9
29
73
113
135
146
151
155
162
169
171
167
164
162
162
161
161
167
173
178
181
184
193
202
207
210
214
216
216
214
209
206
207
203
196
190
188
193
200
204
205
205
207
209
212
215
217
218
218
218
219
218
216
212
209
204
200
196
190
180
171
164
161
160
160
156
151
145
140
135
129
123
122
121
120
116
113
110
105
100
94
85
74
65
60
53
51
48
39
13
11
9
12
11
9
31
79
121
143
153
157
162
165
168
165
157
151
142
140
136
137
144
151
155
159
164
172
181
188
194
200
204
205
204
204
207
210
208
199
189
183
191
201
206
205
206
208
211
213
214
217
218
219
219
219
217
215
212
210
205
200
196
190
180
172
165
163
161
158
151
147
143
139
133
129
123
120
118
118
116
113
111
106
100
95
85
74
66
59
52
45
42
37
13
13
6
9
8
9
38
95
130
146
154
161
163
167
165
158
150
142
129
122
119
117
121
128
131
135
140
150
163
168
174
183
187
192
195
198
201
203
199
190
181
169
178
187
195
199
205
209
211
211
213
214
215
214
211
208
204
202
201
201
200
196
189
184
177
172
166
163
158
150
142
142
143
139
135
132
125
120
117
116
116
116
115
109
103
95
85
76
67
61
56
48
41
34
12
10
8
8
8
9
41
108
146
155
151
161
165
163
156
146
137
127
112
105
99
94
90
92
94
99
112
122
134
141
151
161
166
172
180
187
192
195
193
184
174
162
170
180
189
195
201
206
206
206
206
204
202
197
190
184
180
177
178
180
182
180
178
174
169
166
158
153
148
140
134
135
138
136
134
132
127
121
115
113
113
114
115
110
104
97
88
80
72
66
58
48
41
34
14
11
11
6
7
15
53
117
149
154
150
158
159
154
146
136
127
115
106
93
84
76
68
67
67
71
84
94
108
120
133
146
152
158
164
172
180
186
186
180
171
160
169
177
184
186
188
188
186
184
184
181
177
169
161
156
151
149
152
155
160
161
159
157
154
151
144
138
131
127
125
130
134
134
136
135
132
123
115
110
110
113
114
108
102
97
89
82
75
69
59
48
39
32
13
10
9
6
7
19
62
125
151
154
158
162
158
149
137
126
120
113
107
95
87
77
67
59
57
57
62
69
83
99
115
129
136
142
149
160
167
173
175
172
168
162
170
177
178
172
168
162
158
157
156
152
145
139
135
131
128
127
130
134
137
138
136
133
129
128
128
124
122
121
126
132
137
139
141
141
138
129
119
111
110
112
112
106
100
96
89
83
75
69
57
47
36
29
11
12
8
12
8
18
72
145
170
172
173
180
171
152
132
122
122
119
108
97
93
87
76
69
65
64
58
60
69
80
97
110
118
126
133
146
153
158
163
161
160
156
163
168
167
158
147
139
136
135
133
128
122
118
116
113
113
112
114
115
116
116
113
111
111
111
118
118
119
123
129
135
139
142
142
142
141
136
127
118
113
111
110
105
100
97
93
86
77
70
59
46
36
28
22
23
24
21
15
34
96
166
186
186
192
199
190
168
152
149
150
143
123
106
99
94
89
87
83
77
72
68
68
72
83
94
102
113
122
136
144
148
152
151
149
146
153
158
156
143
130
121
116
116
112
105
100
98
96
96
95
95
96
95
94
94
93
96
101
106
111
114
115
118
125
128
130
132
133
135
138
137
134
126
117
111
108
103
100
100
97
89
79
69
60
48
38
28
42
45
40
35
44
72
114
162
180
186
198
202
195
183
176
175
171
162
141
122
112
105
99
99
96
88
86
80
76
75
78
82
87
99
114
131
138
141
143
141
139
137
143
146
141
127
115
106
102
104
94
89
84
80
78
76
76
78
79
78
77
78
81
85
92
98
103
108
108
106
110
113
114
115
119
121
126
133
136
131
122
114
110
105
104
105
103
95
82
71
63
50
39
28
46
43
41
52
82
102
112
143
169
182
189
189
185
182
176
166
159
151
140
130
130
124
112
110
107
102
98
94
92
89
87
85
88
98
111
128
133
135
136
134
131
130
134
135
128
114
104
100
99
101
95
90
83
78
73
69
69
71
72
73
74
75
79
84
89
95
99
104
103
98
100
102
103
106
107
109
116
126
133
133
126
118
112
109
109
110
109
100
87
75
65
53
41
28
89
80
77
88
107
99
91
121
158
178
182
177
169
166
167
159
147
142
140
131
126
124
117
113
112
109
111
111
112
105
98
87
81
94
108
123
133
138
136
132
129
127
130
128
116
103
95
97
100
101
98
97
92
85
82
84
85
82
84
82
82
84
88
91
93
94
99
107
108
107
110
111
111
111
114
114
118
120
128
135
126
121
119
116
116
116
114
108
99
83
73
59
44
29
138
127
126
125
124
102
87
114
156
179
180
172
164
160
157
147
136
130
125
123
117
113
109
107
105
105
113
118
123
116
106
93
85
93
99
114
125
131
133
131
131
130
128
122
110
98
94
100
107
109
107
112
115
113
112
114
114
112
103
102
103
105
107
107
106
106
111
115
112
107
106
110
114
118
121
123
118
115
121
128
129
125
122
120
119
121
120
116
107
92
77
63
49
33
159
164
164
154
128
101
96
127
164
179
175
169
164
155
138
121
109
104
104
111
109
102
99
94
90
94
100
107
114
111
102
91
82
85
89
106
119
129
133
130
130
129
130
120
104
92
92
99
106
108
106
113
117
114
110
108
109
108
114
113
114
118
120
119
117
116
114
121
122
119
119
121
123
125
133
133
120
114
116
123
131
127
125
125
123
124
122
120
112
95
81
67
54
37
123
144
159
162
137
107
101
130
168
179
170
158
150
137
117
107
107
108
112
115
112
106
97
87
78
76
76
81
88
92
88
83
80
79
90
109
127
136
138
135
133
131
127
114
98
88
94
102
109
108
108
113
114
109
103
102
102
103
101
102
104
106
110
113
114
113
119
123
126
126
128
133
138
140
138
134
124
120
122
126
129
124
123
124
123
125
124
122
113
95
82
70
56
38
89
114
138
153
134
106
96
121
158
169
162
146
133
122
109
107
112
109
89
79
77
82
81
76
69
63
58
61
72
82
82
78
81
82
97
114
126
134
137
138
141
138
127
113
98
90
99
105
111
109
102
106
107
104
99
96
96
96
98
101
104
106
111
118
121
120
124
124
125
126
130
137
142
144
133
124
124
126
130
130
123
118
120
123
125
127
127
123
112
93
77
66
52
35
87
109
131
144
131
113
116
146
180
186
159
144
131
116
99
91
88
79
63
45
40
47
47
45
46
47
52
55
67
80
76
73
78
78
91
106
111
113
118
127
135
135
129
113
101
92
101
103
106
104
101
102
102
98
94
92
91
91
98
105
111
115
119
126
129
127
123
123
125
128
130
134
135
132
126
114
119
125
128
129
122
119
121
124
124
125
121
113
100
81
69
60
48
33
90
105
128
146
143
122
121
150
175
172
157
144
128
106
84
73
67
58
44
31
24
25
24
24
36
51
59
59
65
72
66
64
71
65
79
98
104
102
102
111
120
120
113
102
97
90
98
97
100
98
97
96
93
88
84
82
83
82
87
96
106
113
119
123
125
127
120
116
116
118
120
125
128
126
122
117
124
132
131
128
126
124
120
118
116
114
109
102
93
78
71
63
55
41
87
102
127
155
159
138
137
169
184
168
151
140
124
103
85
74
64
50
42
35
26
25
27
30
46
71
73
65
63
64
59
61
67
57
74
101
115
109
103
104
110
110
97
91
92
89
95
91
92
90
90
89
85
78
71
66
63
61
64
70
83
95
102
105
109
113
109
105
106
109
112
119
124
123
118
125
137
149
142
131
131
124
115
110
106
104
101
100
98
89
82
75
67
53
92
104
125
155
164
155
149
177
188
163
154
142
125
110
103
97
85
72
60
46
39
40
42
48
64
77
79
68
52
52
60
71
70
71
90
124
136
138
128
123
117
114
101
93
90
89
90
85
88
85
81
82
77
67
59
56
51
46
45
45
54
67
74
78
85
92
94
96
97
100
105
113
121
124
122
127
132
135
138
137
122
103
100
100
103
105
107
114
114
104
95
88
77
61
94
103
116
151
170
170
162
179
187
165
161
149
135
127
127
127
118
103
85
77
73
75
74
75
81
87
86
68
52
51
68
79
75
91
121
156
169
173
168
159
143
130
119
99
92
91
91
86
87
85
79
72
64
58
54
50
44
37
31
33
38
46
49
54
65
76
86
92
96
97
99
106
117
125
128
116
105
103
112
121
121
115
112
114
118
118
120
123
120
111
99
91
79
64
95
97
108
142
169
177
170
179
186
174
168
159
152
153
156
158
151
140
127
118
111
107
102
99
100
103
95
77
65
62
76
78
67
102
151
180
190
195
196
186
165
148
126
97
93
97
93
83
79
81
72
61
53
51
49
46
42
34
25
27
33
41
44
51
62
72
81
90
96
98
99
104
116
125
124
111
102
102
110
119
128
134
135
137
135
130
127
124
117
109
103
94
81
66
94
95
103
131
160
177
176
178
186
183
178
172
170
171
170
167
164
162
154
144
137
134
126
118
115
114
108
95
93
93
92
79
72
116
173
195
198
201
206
195
176
159
121
90
94
101
92
75
67
69
62
50
42
44
47
51
48
38
35
37
45
54
58
61
62
63
64
71
80
89
97
106
117
124
120
116
117
120
121
121
127
133
135
136
130
123
121
119
114
110
106
96
85
70
95
96
99
122
153
176
185
184
186
187
185
178
176
176
167
159
159
163
161
152
146
144
136
125
118
115
104
98
102
109
99
86
98
144
190
205
207
207
209
196
176
160
119
86
88
96
88
70
59
60
57
48
43
46
55
63
61
53
52
56
65
72
74
72
69
63
57
64
73
83
93
103
114
121
121
119
121
123
124
126
128
129
129
128
122
117
118
118
117
114
107
99
87
73
99
99
98
119
148
173
190
189
191
193
190
184
183
185
176
164
160
159
153
145
141
139
131
120
109
103
96
95
99
107
99
103
135
175
196
207
208
208
206
189
172
155
118
83
76
84
85
74
66
62
61
61
60
59
64
71
75
75
78
84
91
95
92
91
90
86
82
86
92
96
97
102
112
120
125
124
125
128
131
137
139
137
135
131
126
123
122
121
117
113
106
98
87
73
102
101
100
119
150
173
193
195
195
199
189
183
178
177
170
160
150
142
137
133
130
125
118
108
98
87
89
97
101
103
102
117
151
185
195
203
204
199
195
181
168
148
115
83
71
81
92
86
79
71
66
72
71
72
76
81
88
98
110
115
119
115
110
109
111
110
109
114
117
115
110
111
119
130
131
135
138
140
142
146
145
142
139
133
131
129
125
122
117
110
105
97
87
75
105
100
99
123
155
176
197
199
198
201
197
188
176
165
156
148
140
132
126
121
111
99
94
95
92
83
95
112
117
115
114
132
158
187
190
198
199
192
186
172
160
135
113
88
76
87
102
98
89
75
75
77
74
79
93
100
106
118
130
133
134
130
125
126
128
126
130
134
136
132
126
123
130
138
138
139
141
144
147
152
153
148
143
137
136
135
129
124
120
111
107
99
89
77
108
96
98
130
160
180
194
199
200
203
203
193
177
160
143
128
118
112
109
103
96
94
101
103
103
105
125
144
144
135
126
139
161
184
188
192
189
183
176
165
150
132
112
93
86
89
101
106
104
89
79
74
77
90
99
105
116
126
136
143
144
137
130
128
129
131
137
141
143
140
139
141
146
148
145
146
147
149
149
152
156
152
145
140
138
138
135
128
120
112
109
101
91
82
107
95
95
130
163
182
192
197
200
203
204
198
185
167
150
138
132
129
124
118
115
123
133
134
134
141
157
167
161
147
137
146
162
181
188
190
183
174
165
156
144
129
113
99
87
82
93
111
118
107
90
78
79
91
96
97
107
121
135
141
144
139
131
125
127
129
136
138
140
143
148
154
155
153
150
149
153
157
153
155
160
156
150
142
139
141
138
131
123
118
111
104
94
85
106
97
96
136
171
187
194
198
198
201
199
198
190
179
166
157
156
158
158
156
152
154
159
161
164
169
181
179
163
148
142
148
162
180
188
190
185
175
163
153
140
125
112
101
89
79
89
111
129
127
117
103
93
94
92
89
99
114
129
137
143
141
132
125
123
126
131
135
139
146
156
166
167
162
152
148
154
161
160
163
167
161
154
145
140
141
137
129
121
117
111
104
95
87
109
100
101
143
178
190
195
198
195
193
194
193
191
186
171
157
151
154
156
157
159
161
164
167
173
179
175
167
153
143
142
151
167
181
190
195
191
181
168
154
139
124
114
103
94
88
97
112
133
140
144
136
122
109
100
97
102
108
116
123
129
129
125
122
125
128
140
148
156
163
170
174
173
170
158
151
153
165
168
172
174
165
156
148
142
138
132
124
117
112
109
103
95
87
108
101
106
148
182
192
195
194
188
181
184
187
191
186
172
155
142
137
130
124
124
129
135
140
150
161
161
154
147
144
149
158
174
185
195
199
194
183
168
154
140
125
118
109
103
99
106
114
132
143
155
158
152
141
134
130
123
120
120
122
123
124
126
134
144
152
163
171
178
182
182
178
173
167
163
155
156
165
169
170
170
161
158
153
145
136
127
122
118
112
109
104
96
89
104
101
113
153
184
191
192
189
178
171
170
179
187
186
178
166
151
138
129
123
122
127
134
143
151
154
151
146
144
146
156
167
184
195
201
204
199
187
173
158
144
129
118
113
106
99
105
113
127
135
148
156
159
159
159
154
146
143
139
140
139
138
143
154
165
170
171
171
172
174
173
171
166
163
164
161
161
166
166
165
164
159
155
153
146
136
127
125
122
117
110
105
97
90
102
102
119
157
185
188
183
176
166
160
156
165
172
175
173
165
152
140
131
138
148
155
159
164
162
152
144
141
144
149
160
171
189
199
202
205
201
190
177
164
149
134
122
116
107
100
105
111
120
125
133
141
146
150
155
152
145
144
143
145
143
140
142
149
154
154
147
145
146
152
158
160
162
163
166
169
168
171
171
168
165
161
154
150
143
136
129
127
125
120
111
104
96
90
99
101
122
159
184
183
174
163
153
148
146
147
153
163
164
154
144
139
143
150
162
166
161
155
149
142
138
138
148
156
168
175
190
195
200
202
196
186
175
163
150
136
129
121
113
107
113
114
117
122
128
137
140
141
146
145
135
133
132
134
131
125
124
129
131
129
121
123
132
145
155
159
162
166
168
173
170
172
174
170
163
158
152
146
140
134
130
127
124
119
114
105
96
91
99
98
120
160
181
177
164
149
140
139
139
135
131
132
137
143
149
155
162
163
167
167
158
145
136
133
137
144
155
167
175
178
183
190
192
194
187
176
170
164
151
139
131
126
124
121
120
121
120
124
127
131
138
144
146
145
137
128
124
124
118
112
112
113
118
126
129
133
141
155
168
171
169
167
171
170
170
171
172
170
163
156
149
146
141
134
127
123
121
117
113
105
99
93
98
96
120
158
180
173
159
145
138
137
140
136
132
133
139
149
161
169
173
173
171
164
152
139
131
129
128
141
161
177
185
185
183
183
187
186
180
172
168
165
155
143
135
134
136
134
129
125
125
130
135
133
138
146
152
148
143
138
131
130
123
114
113
119
130
143
152
155
162
171
178
176
169
166
167
166
166
167
168
167
162
157
153
149
145
137
129
123
118
113
110
103
99
95
98
97
118
154
177
171
158
145
142
145
147
143
141
142
148
158
168
175
178
177
171
161
148
135
126
121
119
136
160
179
190
193
191
190
186
182
177
172
169
168
159
146
141
140
143
140
132
126
125
132
133
132
136
146
156
156
154
150
147
143
132
123
121
128
142
155
163
162
162
165
167
163
158
157
161
163
165
167
168
167
163
158
154
150
144
136
127
122
117
112
109
102
99
96
99
100
119
155
176
172
157
147
147
149
150
148
147
149
155
163
171
176
178
176
169
157
144
132
119
109
109
126
153
179
194
196
194
191
188
182
180
178
175
172
163
147
138
136
138
137
131
125
124
129
133
138
142
145
154
161
160
155
154
151
144
138
139
146
155
161
164
161
156
155
154
152
151
153
157
161
165
168
169
167
161
156
150
145
138
129
123
120
118
115
109
101
97
95
101
102
115
150
173
171
159
150
152
155
157
154
152
152
157
163
168
171
169
167
161
152
143
132
117
104
98
115
143
170
185
188
187
186
183
178
178
179
177
174
164
148
134
132
135
132
126
118
114
117
129
137
143
146
152
158
156
155
153
154
156
156
154
156
158
157
154
152
149
149
149
146
146
149
153
156
160
163
165
162
156
150
142
136
129
123
119
120
121
118
109
101
97
95
101
101
107
143
169
171
160
153
156
159
161
161
161
163
164
163
163
163
159
160
159
154
146
132
111
95
88
106
134
158
170
174
176
180
175
171
171
172
170
165
155
141
131
129
129
123
113
106
102
106
116
130
144
154
158
152
147
145
147
154
162
163
159
156
154
150
143
142
140
141
142
141
142
145
149
150
152
154
155
154
148
142
134
129
124
121
120
122
120
116
107
100
98
95
100
99
106
142
170
172
157
149
153
155
157
163
169
173
172
167
163
161
158
160
159
156
146
128
105
88
90
115
145
160
163
165
168
171
171
167
162
159
156
150
140
132
126
124
123
117
110
104
99
98
106
126
147
160
165
156
144
143
144
150
159
162
159
159
158
153
148
146
143
143
145
143
142
145
145
145
144
145
147
147
142
136
130
125
122
122
122
123
119
114
105
101
99
95
100
98
100
137
169
173
157
146
151
153
159
166
173
175
171
165
161
160
158
157
155
150
140
126
109
97
114
140
162
163
154
155
163
169
168
164
156
149
145
140
132
128
129
128
128
123
118
109
95
86
91
117
140
152
161
161
156
153
154
155
159
161
160
163
163
158
156
154
151
150
149
144
139
139
142
141
139
141
144
144
138
132
130
125
123
122
123
124
119
112
105
101
99
93
98
93
97
134
165
170
156
147
156
158
160
162
167
170
165
159
156
154
152
149
144
136
128
121
123
137
158
174
176
162
151
151
158
167
168
164
156
150
143
134
130
132
135
137
138
136
132
122
103
83
81
100
129
135
144
157
163
162
164
165
166
167
165
164
164
166
164
163
161
157
152
146
142
142
143
142
140
139
141
141
136
131
127
125
122
121
123
122
117
112
104
102
95
90
96
90
95
142
172
172
158
151
157
159
157
159
165
166
160
152
149
149
145
140
135
127
119
122
143
171
192
195
185
168
159
160
163
166
171
168
161
153
146
141
140
145
150
152
153
152
150
140
116
88
76
88
115
127
139
151
158
160
167
171
173
171
166
164
166
171
168
165
162
159
155
149
147
146
144
141
138
136
137
138
134
129
124
122
120
120
120
119
114
110
103
100
94
91
97
92
105
162
190
177
159
153
155
155
152
152
157
160
156
149
144
139
137
128
123
116
116
131
159
185
197
199
194
181
175
172
170
171
173
172
165
156
150
149
152
159
165
168
168
164
163
156
129
97
76
78
102
120
134
144
152
158
163
166
171
171
168
166
166
167
165
161
158
156
153
150
148
147
143
139
135
132
132
131
128
125
121
120
119
117
117
117
112
108
101
97
94
93
101
101
122
183
205
181
161
152
153
153
147
145
148
154
154
150
140
131
126
120
116
112
117
139
164
179
191
198
201
196
188
181
176
172
173
175
172
165
160
159
165
173
179
181
177
167
165
161
139
111
84
80
99
114
125
133
142
149
152
159
166
170
169
166
162
160
156
153
150
149
149
148
145
143
140
136
131
129
126
123
122
121
118
118
117
115
114
113
109
105
98
94
93
94
102
103
131
188
204
180
159
152
154
155
148
147
149
154
154
149
138
127
121
116
118
119
123
141
162
176
186
192
195
192
187
182
174
165
166
172
174
172
169
168
173
178
183
181
172
159
155
155
139
117
93
89
101
105
110
119
129
138
148
156
166
168
164
160
159
158
154
151
148
149
149
146
142
141
136
134
132
128
123
118
117
119
117
117
115
113
111
108
105
101
97
93
93
95
96
99
131
173
185
171
157
152
155
154
153
153
156
157
152
145
138
132
129
126
132
138
142
148
155
163
173
175
178
178
175
170
163
155
156
166
173
173
172
172
174
176
176
168
155
145
142
142
131
117
102
103
109
100
101
112
124
134
145
149
155
156
156
156
156
157
155
152
149
150
149
146
141
138
135
133
131
129
123
117
115
118
116
116
114
111
108
105
102
99
96
94
93
95
94
96
122
146
157
159
156
154
154
148
149
151
153
152
147
143
144
143
146
148
156
163
168
166
154
149
151
153
161
166
161
151
145
141
147
157
164
166
166
166
164
164
157
147
136
129
127
125
122
115
109
118
122
104
102
112
121
130
137
139
141
143
147
151
153
151
150
147
145
145
144
140
137
135
132
128
127
125
120
113
110
112
112
112
111
108
105
103
100
98
96
96
93
94
97
97
113
123
134
149
155
153
152
142
141
141
143
143
141
145
150
151
157
168
178
181
187
184
165
150
127
127
138
151
148
137
131
129
134
144
151
150
150
149
146
144
134
124
117
114
109
107
109
112
114
128
132
110
105
109
113
121
130
135
139
141
143
146
147
147
142
140
138
138
137
135
133
133
127
122
120
119
115
107
104
104
106
107
107
105
102
101
99
97
96
97
93
93
110
108
113
111
121
143
159
160
150
139
137
138
138
132
134
139
146
160
170
184
189
195
196
190
178
151
118
101
117
132
126
121
118
120
127
132
136
135
134
134
133
130
123
114
108
106
101
95
96
109
116
135
136
122
112
108
111
113
120
125
130
132
140
142
138
140
138
137
136
135
134
133
131
129
123
119
116
115
112
107
102
101
105
106
106
105
102
98
96
96
97
95
94
96
110
112
103
101
111
134
154
159
150
139
133
135
134
126
126
134
147
165
183
196
201
205
201
191
177
152
117
93
97
106
105
107
109
113
121
127
130
126
118
111
104
98
84
75
68
64
64
68
81
101
123
142
146
137
127
120
116
114
115
118
122
125
132
136
133
135
134
133
132
132
132
131
128
126
120
116
113
112
110
106
103
103
105
105
104
102
100
97
94
94
94
93
92
94
110
114
100
98
106
127
150
160
150
133
132
133
128
119
119
131
153
178
196
204
207
208
202
189
175
155
130
104
93
91
92
98
100
105
111
116
118
111
97
82
70
64
55
49
45
46
50
60
82
107
130
146
152
150
143
132
121
113
112
111
116
120
124
130
131
131
130
129
129
129
129
128
126
123
117
112
109
109
108
105
103
103
104
103
102
99
97
94
92
90
92
92
92
93
110
113
105
102
107
125
148
161
149
127
123
121
115
107
109
129
159
188
205
207
204
204
196
185
174
161
142
118
100
87
82
80
78
78
86
89
90
84
71
57
50
47
42
42
48
54
63
75
92
114
136
148
156
159
159
149
135
121
115
111
116
121
123
128
129
126
126
125
124
124
124
123
121
119
113
108
105
106
106
104
102
102
102
102
101
98
96
93
91
90
90
92
93
95
107
109
106
103
106
121
146
160
147
125
116
111
105
100
107
132
165
195
209
205
202
200
196
187
180
170
160
141
118
100
88
80
66
58
56
56
56
52
46
43
43
46
46
50
60
71
80
90
104
120
138
147
155
163
168
163
150
135
121
115
119
123
123
128
129
125
123
121
119
118
118
117
116
114
108
104
102
104
105
102
99
98
99
100
100
98
95
92
91
91
91
93
93
94
107
108
107
104
105
118
142
160
151
129
120
113
108
108
121
147
176
200
206
203
203
205
204
199
191
184
178
159
136
118
103
88
71
56
51
50
49
47
46
47
53
59
66
69
76
85
94
102
113
126
138
147
155
165
172
171
162
148
131
121
121
122
122
126
126
124
119
117
114
113
112
111
110
108
103
100
99
103
104
101
97
96
97
98
99
98
94
92
92
93
92
92
92
92
107
108
109
106
105
117
141
161
157
140
133
124
121
124
137
158
179
194
199
198
203
209
210
207
200
193
187
172
152
135
117
101
83
68
64
66
67
66
66
69
75
80
85
87
91
96
103
111
119
130
144
152
159
165
170
172
170
160
141
129
122
118
116
120
120
119
114
112
110
108
107
106
104
102
99
96
97
102
105
103
99
97
97
98
98
97
95
93
94
95
95
95
94
92
105
107
108
105
104
115
139
162
162
149
146
136
133
137
149
165
178
187
197
197
204
210
211
207
198
192
184
172
156
139
118
101
88
74
72
77
82
83
83
86
91
95
99
100
107
112
118
125
130
141
146
154
158
160
162
166
169
162
149
134
121
114
110
113
113
114
111
109
107
105
104
102
100
98
96
94
96
103
107
105
101
100
99
99
98
97
96
96
95
96
96
96
95
94
106
107
106
107
106
116
141
162
163
154
149
141
137
140
149
161
175
187
196
199
203
209
201
198
189
186
183
178
168
152
136
116
94
78
71
73
80
89
93
97
102
106
110
117
126
135
140
142
147
150
154
153
153
153
154
158
160
161
151
142
127
114
108
107
107
107
106
105
105
103
100
101
100
93
91
93
97
102
106
107
106
104
99
99
99
99
96
95
96
96
96
96
94
92
106
107
107
107
105
114
138
159
160
151
146
141
139
143
153
164
174
180
184
188
192
200
201
203
195
187
188
190
185
174
156
135
111
93
77
81
91
101
105
106
113
121
127
133
143
154
157
155
155
157
160
158
155
152
153
153
153
152
152
143
130
116
108
105
105
106
105
103
102
100
97
99
99
94
94
95
98
102
106
108
106
104
101
99
97
97
96
94
93
93
95
95
91
86
105
106
108
106
104
109
131
153
156
147
143
142
142
147
157
167
174
175
172
170
174
188
196
197
190
185
181
180
176
167
156
141
125
111
100
103
111
121
124
124
130
139
150
153
158
162
161
160
163
167
166
161
155
153
153
150
146
143
141
134
123
113
107
103
104
106
106
103
101
97
94
98
100
97
97
98
99
102
106
108
107
105
101
98
96
95
94
94
92
91
91
92
90
87
105
105
107
107
103
104
124
150
158
148
142
142
145
151
158
165
167
167
166
165
172
182
184
178
169
163
158
152
142
134
131
129
125
121
120
119
120
128
135
138
143
147
153
158
163
163
161
162
165
168
166
158
152
151
151
146
139
133
126
120
114
109
106
104
105
109
108
103
101
97
93
96
100
99
98
98
99
101
104
106
105
103
98
97
95
94
94
93
92
91
91
94
95
94
105
105
106
108
104
102
119
148
163
154
145
145
148
153
154
154
152
152
161
171
178
171
159
147
135
122
115
107
99
95
98
105
113
118
120
117
111
109
114
121
126
131
138
148
156
156
156
159
163
163
160
152
145
145
146
141
132
124
120
114
111
109
109
107
107
109
110
105
101
98
94
96
99
98
97
98
99
100
102
104
103
101
95
95
95
95
94
93
92
92
93
93
92
89
105
104
104
106
103
101
112
141
161
157
150
149
151
153
149
142
137
134
144
153
158
145
126
107
94
81
72
66
63
62
63
71
86
98
106
104
93
83
84
90
98
104
119
132
142
146
151
158
159
156
150
144
140
140
143
138
129
122
115
111
109
110
111
110
108
108
110
104
101
99
94
94
97
95
95
97
99
99
100
102
102
100
94
93
93
94
93
92
92
91
89
88
87
86
105
104
104
102
102
99
105
128
148
151
149
149
148
145
139
132
124
119
120
119
120
108
93
75
67
61
53
46
42
41
39
40
50
64
76
78
68
60
59
64
72
81
89
101
118
132
142
148
146
140
139
137
136
136
135
133
126
119
110
111
109
111
112
111
109
106
109
102
99
97
93
92
93
92
91
94
96
96
97
99
100
98
92
90
91
90
91
90
90
90
88
87
88
90
106
105
106
102
101
98
99
117
138
144
145
145
141
135
129
124
117
110
105
100
95
80
73
65
63
54
41
35
31
33
32
30
33
40
48
48
42
38
38
39
43
51
58
67
81
100
118
129
131
128
131
132
133
131
129
125
118
112
111
112
112
113
113
112
109
106
107
100
96
96
92
90
90
89
88
91
93
92
93
96
97
96
90
88
88
87
90
91
90
89
88
86
86
88
107
106
101
102
102
99
105
119
134
146
149
148
138
135
124
122
115
106
99
100
101
93
82
85
86
76
56
38
29
29
31
29
28
34
34
35
33
30
32
35
37
39
44
52
62
74
86
98
108
116
119
124
127
123
119
116
112
109
110
114
115
114
113
112
108
102
101
97
93
92
90
88
86
85
86
87
89
90
91
94
97
95
92
89
87
88
89
89
90
91
89
88
87
85
105
105
102
102
102
101
102
113
126
140
155
149
131
128
123
124
111
98
100
111
126
129
123
125
132
132
119
85
50
32
31
38
38
39
39
36
34
34
39
47
53
55
51
47
48
52
59
67
76
83
89
96
102
106
107
107
106
104
110
114
116
116
115
112
106
100
98
95
92
90
88
85
82
80
80
82
85
87
89
94
95
93
90
88
89
91
92
91
91
91
91
91
91
91
104
104
103
102
104
103
102
104
115
130
154
149
128
123
117
115
104
93
101
116
134
144
145
144
147
154
155
141
123
104
100
103
98
91
75
64
58
62
75
91
102
102
90
74
63
58
53
53
57
60
69
75
82
89
94
96
98
99
105
111
115
116
115
112
106
99
95
92
89
88
86
82
78
76
75
77
81
85
88
91
93
91
88
86
87
90
91
90
90
90
88
91
93
94
105
105
105
104
105
104
102
101
108
120
146
146
126
121
111
104
97
97
100
106
114
124
133
133
130
131
137
153
166
159
153
155
152
147
135
121
113
114
122
133
135
125
104
88
80
81
78
78
82
83
79
78
79
82
86
89
93
96
101
108
114
115
114
111
105
100
93
89
85
85
85
82
78
75
72
74
78
83
86
89
89
86
85
84
83
85
85
87
88
89
90
93
93
95
107
107
106
106
106
103
102
102
104
111
142
144
121
117
108
99
98
104
106
104
99
102
112
115
110
109
119
138
157
157
152
157
160
163
161
157
154
149
145
141
129
110
102
94
95
103
103
102
102
100
96
91
87
85
85
87
92
97
104
111
115
114
110
107
103
99
92
87
82
81
82
81
79
76
74
74
78
82
85
87
86
83
83
83
82
84
84
87
89
91
91
95
97
97
107
107
108
107
107
104
103
103
102
104
136
143
119
114
106
99
102
113
117
111
99
92
94
96
96
97
103
115
130
130
128
130
134
139
144
147
151
144
134
124
111
97
96
95
101
110
112
111
110
107
102
98
93
90
89
90
94
98
106
111
114
111
108
105
103
100
91
86
80
79
80
80
78
76
76
76
78
83
85
86
85
81
82
83
84
87
87
90
95
97
96
98
100
100
107
107
109
107
106
105
104
102
99
98
121
138
118
110
102
97
104
117
118
109
95
86
87
88
89
92
92
96
105
107
107
108
111
118
119
122
124
119
111
104
98
94
96
100
102
103
101
99
99
99
98
97
95
93
92
93
96
99
106
108
108
106
105
105
103
99
91
87
83
81
83
82
81
80
81
79
80
84
86
87
86
83
82
85
87
88
90
93
98
102
106
104
104
103
107
107
108
106
106
106
106
101
96
96
109
131
113
105
99
98
104
114
121
106
91
85
86
88
86
87
84
84
90
93
96
97
97
101
101
101
99
99
99
96
93
94
94
99
98
92
88
89
93
96
97
97
96
94
93
93
97
99
104
105
104
102
103
104
101
96
92
90
87
86
86
85
85
84
86
82
82
85
86
87
86
83
83
86
87
88
88
93
100
104
106
102
101
101
106
107
107
109
108
110
108
104
100
95
98
122
111
101
97
95
101
110
115
105
91
88
89
86
85
85
84
84
85
86
85
84
84
86
88
88
88
89
88
87
86
85
91
92
91
87
84
87
92
96
100
100
98
97
99
100
99
97
100
101
102
102
103
105
103
97
93
93
92
90
90
90
89
88
90
87
85
85
87
87
85
82
82
87
90
90
90
98
103
99
106
105
106
99
106
106
108
110
109
109
109
106
105
99
94
114
111
100
94
92
98
107
110
106
95
90
84
79
82
86
85
86
86
85
82
79
80
81
84
83
84
86
88
89
88
89
90
91
92
90
90
93
97
98
100
100
101
103
105
105
100
96
96
96
98
100
103
107
107
102
96
93
90
88
90
93
94
93
92
88
85
85
86
87
85
82
83
83
87
92
94
100
104
101
105
101
101
101
107
106
109
112
110
109
110
109
109
104
93
107
115
102
90
88
97
103
106
99
91
88
85
85
88
90
90
89
88
85
80
76
74
75
77
76
76
80
84
88
90
92
94
95
96
96
97
97
97
96
98
100
102
106
109
108
102
96
96
95
96
98
101
104
105
102
97
93
89
89
94
98
98
96
91
88
85
84
84
85
83
80
82
82
87
92
93
100
104
101
104
101
101
104
108
106
109
112
111
108
108
109
111
104
94
104
121
109
91
87
96
100
103
92
85
85
90
94
94
91
88
86
82
79
75
70
68
67
69
70
71
76
80
85
89
93
96
98
99
99
99
98
96
93
97
97
99
104
108
107
102
99
100
99
99
97
97
100
101
99
95
93
91
93
98
101
98
94
90
87
84
83
83
83
81
79
80
84
89
87
85
97
105
98
99
101
103
110
108
106
108
111
110
108
107
109
111
102
91
99
123
116
98
93
98
101
102
91
88
90
90
90
89
85
81
78
76
72
69
67
65
64
65
67
71
74
77
81
87
92
93
95
98
98
99
98
96
94
94
93
95
100
105
105
103
102
102
101
100
98
96
97
98
97
92
92
95
98
101
102
97
92
89
87
86
85
84
83
81
80
80
84
87
83
83
98
104
99
94
100
106
118
108
106
108
110
110
109
108
111
112
102
87
96
119
118
105
102
105
105
102
93
93
98
94
89
81
77
75
73
72
69
68
68
66
65
64
67
72
75
75
79
85
89
92
95
97
98
98
99
98
96
92
89
91
98
103
104
104
104
104
102
101
99
95
95
96
96
92
93
96
98
99
98
95
92
90
90
89
88
86
85
84
83
83
81
82
87
93
99
101
101
96
96
106
129
108
106
109
108
108
109
109
111
112
103
92
98
111
114
107
106
105
106
103
92
98
105
105
96
81
74
72
72
73
72
72
71
70
69
69
72
76
77
78
79
84
89
94
97
99
100
100
100
99
97
91
86
86
93
101
103
104
105
104
102
100
97
94
94
95
94
94
95
97
97
97
96
94
91
91
91
90
88
87
85
85
85
84
81
81
92
100
98
97
104
100
95
107
144
108
106
108
106
106
109
108
109
110
100
99
102
105
107
102
103
102
105
101
92
102
112
110
98
84
76
76
80
82
82
80
79
78
77
76
78
80
81
81
82
86
90
94
96
98
100
101
102
100
97
92
84
82
89
98
102
103
104
103
100
97
96
94
95
97
95
96
96
97
96
95
94
92
90
91
91
90
87
85
85
84
85
84
83
85
95
100
95
94
106
101
94
111
160
108
105
107
109
109
106
103
104
105
104
105
103
103
104
104
106
106
106
99
95
105
116
112
97
88
85
84
87
91
88
87
85
80
82
80
81
83
83
82
81
84
89
92
95
97
98
99
100
98
96
89
85
83
86
92
99
101
101
101
99
95
92
93
96
98
96
95
97
96
94
92
92
91
90
90
89
88
88
83
80
82
84
84
86
88
93
93
89
94
99
100
101
131
198
107
105
106
106
106
103
101
101
103
102
105
103
100
100
102
105
106
103
95
99
112
117
109
103
98
89
90
92
94
91
89
88
83
84
82
81
81
82
81
81
85
90
93
95
98
99
99
101
99
97
93
91
90
90
93
96
98
98
100
96
93
91
92
96
98
97
95
97
97
94
93
93
93
92
91
88
85
83
78
76
78
80
78
86
91
91
90
90
92
95
101
124
167
219
107
106
103
104
104
100
99
100
101
103
106
103
98
98
102
104
106
100
92
105
120
118
106
105
105
94
92
94
95
91
91
92
88
88
84
83
83
83
83
84
88
92
95
97
99
99
99
100
99
97
98
98
97
95
93
93
94
95
97
94
90
89
90
95
97
98
95
96
96
95
94
95
95
94
92
87
83
80
76
75
77
80
82
91
97
90
88
89
90
99
122
164
208
235
107
105
101
101
102
100
97
98
104
107
107
105
97
99
100
98
102
97
91
104
121
120
105
102
106
100
94
94
94
91
92
94
92
92
88
88
88
89
90
91
93
95
97
99
100
100
99
99
98
97
99
101
102
100
96
93
92
93
94
92
89
89
92
94
96
96
93
94
93
94
95
96
95
94
91
86
83
79
75
76
80
82
83
88
95
89
88
89
94
118
156
199
229
237
105
103
100
102
102
101
99
99
105
110
110
106
99
100
98
92
93
93
95
101
114
119
110
104
105
103
96
97
95
92
93
95
94
95
94
94
95
95
95
96
97
98
100
100
100
99
99
99
98
98
101
103
105
103
99
95
92
93
91
91
91
91
93
94
93
93
93
91
89
91
95
97
94
89
84
83
83
80
77
80
83
85
88
87
90
85
87
94
110
143
189
222
234
237
104
102
101
103
105
104
101
102
106
110
108
104
101
102
99
94
92
96
105
101
109
120
118
108
102
101
97
99
99
93
94
98
97
99
100
101
100
99
98
98
100
101
102
101
101
100
101
101
101
101
103
105
106
105
101
96
93
91
90
91
92
93
93
92
91
91
93
90
88
89
94
97
93
87
81
82
84
83
82
84
87
87
88
87
84
80
90
110
142
178
215
235
234
237
101
100
103
103
106
106
105
105
106
107
103
99
104
104
104
102
95
96
102
103
107
115
117
109
101
99
97
100
101
94
93
96
96
98
101
103
105
104
103
103
104
106
107
105
104
105
105
105
104
104
104
105
106
105
101
96
92
91
89
91
93
93
92
90
89
90
92
89
86
87
91
93
90
85
80
82
85
86
87
89
89
86
79
80
84
93
112
142
179
212
229
238
237
238
102
101
102
102
103
107
109
106
104
102
97
94
104
105
107
108
94
90
91
100
106
110
112
107
100
97
98
101
101
93
90
92
92
94
100
104
108
108
107
107
108
109
112
110
109
109
109
108
106
104
103
104
105
103
99
94
92
91
90
91
93
93
91
89
89
91
89
87
84
83
86
89
86
82
79
81
83
86
87
90
88
83
81
86
99
124
148
172
203
227
228
235
239
242
105
106
104
107
102
103
106
107
104
93
89
98
107
113
107
100
96
87
78
93
119
111
104
109
103
94
101
99
94
90
90
87
86
90
96
103
109
109
109
111
113
112
113
112
110
108
108
108
105
103
104
103
102
100
97
94
90
87
88
91
94
92
90
89
91
92
90
87
87
85
84
83
80
81
82
82
85
90
90
91
91
90
96
108
130
165
186
202
218
232
235
240
243
247
108
107
103
103
104
104
106
106
100
94
94
104
114
112
101
92
88
78
70
107
153
132
103
103
99
97
96
96
91
87
88
88
86
89
93
96
101
106
108
107
108
111
107
107
107
106
106
105
104
102
100
100
99
97
94
90
88
88
90
91
92
91
90
90
92
93
89
86
88
89
86
83
81
87
87
90
95
98
95
97
104
110
124
142
165
194
207
216
225
232
235
239
242
247
109
107
107
104
108
105
103
103
94
93
105
113
115
103
85
78
79
73
67
116
190
166
116
99
91
96
98
96
94
92
92
89
87
89
92
93
96
100
101
100
101
104
101
103
105
104
104
103
101
100
98
97
95
94
91
88
87
89
91
92
92
90
89
90
93
95
89
87
90
91
88
88
89
98
101
103
104
102
100
103
119
134
154
173
191
208
214
223
231
234
237
240
243
247
111
110
109
108
108
104
101
102
100
99
113
112
104
88
69
64
70
69
64
108
209
204
151
106
86
91
95
94
94
95
92
86
87
93
95
97
96
94
93
95
96
94
97
100
103
105
104
103
101
99
97
94
92
91
89
88
89
92
94
95
93
90
87
88
92
95
94
92
95
93
93
96
98
105
106
104
103
105
109
120
141
160
178
193
202
211
216
228
237
239
240
242
244
248
113
112
113
113
106
101
99
102
107
106
111
102
89
75
60
55
61
63
54
87
208
236
197
129
95
89
92
93
95
93
86
83
86
93
97
97
95
92
90
91
92
92
97
99
101
105
107
106
102
98
94
91
88
88
90
91
94
96
98
99
98
93
89
89
92
95
98
98
100
98
99
102
101
101
102
105
108
117
129
143
163
182
195
205
211
219
225
235
241
242
242
243
245
247
107
106
109
112
103
100
100
105
113
109
106
92
76
65
52
48
56
63
50
68
184
245
232
172
126
97
86
88
91
88
86
88
92
90
92
90
91
94
93
91
91
95
96
97
99
102
103
103
100
96
91
88
86
87
91
95
98
100
100
102
101
97
94
94
98
102
99
99
102
101
101
101
96
95
103
114
127
142
158
170
182
197
208
214
217
228
234
241
244
243
243
244
246
249
101
99
98
100
102
105
109
113
112
107
96
82
67
58
45
42
57
66
57
57
150
237
244
213
173
133
99
89
82
82
86
95
97
92
87
88
93
98
97
94
94
98
96
96
96
97
97
97
94
91
88
88
88
89
93
98
101
100
98
100
99
96
95
96
99
102
95
96
98
97
93
92
94
102
114
130
149
167
183
192
200
212
218
224
227
236
242
247
248
247
244
244
246
250
102
100
98
99
109
115
118
116
101
94
85
75
64
55
42
39
56
68
61
54
128
227
245
238
213
177
139
109
86
82
88
94
97
94
85
92
100
104
102
99
98
97
97
97
96
94
94
93
91
89
87
89
90
91
95
101
102
99
96
96
94
92
90
89
90
91
94
91
92
90
85
86
96
114
135
150
165
180
195
203
207
214
222
230
234
243
246
248
249
246
245
244
245
249
107
106
105
111
119
123
120
110
95
82
76
71
64
56
48
43
51
64
64
61
101
214
247
246
237
212
181
147
120
104
96
98
96
95
89
100
107
104
105
104
103
101
100
99
96
95
95
92
92
96
97
94
94
98
98
101
102
99
98
94
92
92
90
87
88
91
87
85
81
77
84
94
114
145
165
174
187
195
201
208
216
221
225
232
240
244
246
247
248
248
245
248
247
247
116
119
125
126
128
125
116
104
90
78
74
68
62
55
46
42
51
66
68
54
79
199
243
248
242
230
211
185
161
139
122
107
97
93
95
97
99
101
104
104
105
108
109
108
105
100
96
93
93
97
98
97
97
97
97
96
94
91
89
85
82
82
86
88
86
84
76
67
69
78
98
120
146
171
190
192
198
204
211
217
223
228
234
241
246
248
248
247
248
248
248
248
246
246
138
142
143
136
130
123
114
101
88
78
71
65
59
53
44
41
52
69
71
50
59
177
236
246
240
236
227
213
193
177
155
130
113
102
93
90
89
93
99
101
103
105
105
105
103
99
96
95
96
97
95
92
91
88
85
82
80
76
76
75
73
72
75
77
72
66
64
58
75
102
128
153
174
190
201
202
206
214
221
227
233
237
241
247
251
251
249
248
249
249
250
248
246
247
