42
41
42
45
50
53
52
52
48
41
35
36
35
32
32
35
38
44
50
53
60
66
65
60
57
59
63
67
76
87
101
113
123
132
142
155
171
181
187
192
195
195
200
200
194
188
181
175
173
170
168
164
158
152
147
146
140
133
125
121
118
119
119
117
115
114
113
109
106
102
100
97
95
95
93
91
86
83
77
69
62
51
43
37
31
29
26
23
22
20
17
15
15
12
48
50
51
52
54
55
53
53
48
42
36
38
41
43
46
50
57
65
76
78
83
84
78
71
72
78
82
89
99
111
127
140
152
160
165
173
182
189
197
203
204
202
203
203
197
191
185
179
178
175
174
167
160
153
146
140
135
130
126
121
117
115
115
115
116
118
118
114
110
107
104
101
100
100
97
95
92
89
83
77
69
59
50
43
37
33
28
25
23
21
21
18
16
13
56
57
58
57
55
53
54
54
51
46
44
48
51
55
62
70
82
96
109
112
106
97
92
87
89
97
105
115
127
140
156
171
179
182
182
183
185
189
197
206
208
206
204
202
198
193
189
184
180
178
175
169
163
157
146
139
135
131
129
126
121
119
118
119
119
118
119
115
113
111
107
104
102
101
99
96
92
90
87
81
71
64
58
51
42
38
34
30
26
23
24
23
21
16
61
60
57
54
52
54
56
58
57
58
57
62
65
69
76
80
87
96
104
105
99
92
91
93
100
112
125
137
151
165
181
194
202
207
205
204
203
204
208
212
211
207
202
199
196
194
191
185
180
177
175
167
160
153
146
141
136
131
129
128
127
125
124
123
123
122
119
115
112
111
107
104
102
101
97
94
90
89
87
82
75
69
63
56
49
43
40
34
27
24
25
25
23
19
65
64
59
56
55
58
62
64
68
71
71
77
81
83
84
84
84
85
89
90
88
87
93
101
114
130
143
155
171
184
195
205
211
215
215
213
211
211
214
216
213
208
200
197
191
190
187
183
175
170
168
161
153
148
146
143
136
127
124
127
129
128
126
124
123
123
119
115
113
111
108
105
104
102
97
93
88
87
86
81
75
71
66
61
54
50
45
39
33
29
25
27
26
21
67
66
60
59
60
65
72
77
81
82
83
88
90
89
87
83
78
75
77
81
86
93
103
113
128
145
159
173
187
199
209
215
219
223
222
220
216
213
214
213
208
201
194
188
184
181
178
174
167
161
158
152
147
145
145
144
135
124
119
123
126
126
123
122
121
121
119
115
113
110
108
106
104
101
97
91
87
86
86
82
76
72
68
65
58
55
50
45
38
34
31
31
30
25
54
53
54
57
63
71
82
90
94
93
92
93
93
90
88
88
87
85
84
92
104
117
127
135
151
166
181
191
202
210
215
219
220
222
225
223
218
213
210
206
197
191
182
178
175
173
172
169
162
155
148
145
142
141
142
142
135
125
120
122
124
123
121
119
119
118
116
112
110
107
105
104
101
98
94
89
86
86
87
84
80
76
74
70
63
58
53
47
41
37
36
36
33
31
49
50
51
56
65
75
86
97
102
102
99
96
95
91
90
93
100
102
108
118
134
149
158
168
180
191
206
213
218
220
221
222
222
224
223
221
216
210
205
200
192
184
176
176
175
173
172
167
158
151
144
141
139
140
140
140
135
128
123
123
122
120
117
116
116
115
114
110
107
104
101
99
97
93
90
86
84
86
86
83
79
78
74
71
65
59
56
51
46
41
38
37
33
30
49
51
55
61
69
80
89
98
106
110
109
105
106
106
105
110
120
124
135
145
161
174
181
189
197
204
209
213
214
213
212
214
217
222
221
219
213
206
201
196
188
181
175
177
178
176
173
168
161
153
147
144
144
145
144
141
135
128
124
124
122
118
115
113
113
113
113
110
106
101
97
95
94
90
87
84
82
84
84
81
77
75
74
72
67
63
59
55
51
46
40
36
32
27
52
55
60
65
73
84
92
100
109
118
122
121
125
128
127
133
142
147
153
161
175
185
189
194
198
199
204
206
205
201
198
198
204
211
210
208
203
197
194
191
185
181
176
177
178
176
173
170
164
159
153
150
151
153
151
144
136
128
125
125
123
119
115
114
114
115
112
109
105
100
95
93
92
88
85
82
81
83
84
80
77
76
76
75
70
66
63
58
53
48
43
38
33
27
53
58
63
72
80
88
98
105
113
124
130
137
143
149
152
154
159
160
165
171
181
189
194
196
196
195
198
197
193
187
183
185
191
196
196
194
191
187
183
181
179
178
171
173
172
170
168
166
162
159
154
153
155
153
149
143
136
130
127
126
123
118
115
115
116
116
112
108
103
98
95
93
90
88
83
82
81
82
82
79
76
75
75
73
71
69
67
60
52
46
42
42
39
32
51
57
64
73
83
92
101
109
116
124
135
147
155
162
165
169
173
171
169
173
180
188
194
197
196
194
192
191
186
180
175
176
181
185
186
182
178
174
171
169
167
166
166
166
165
161
158
158
156
153
152
152
152
150
144
139
132
126
127
125
121
116
114
114
114
115
111
107
102
98
96
93
90
88
85
83
81
82
80
77
74
73
72
71
68
66
64
59
51
46
44
45
42
38
53
60
72
82
91
99
106
110
115
123
135
148
158
165
170
175
178
174
172
174
178
185
191
195
194
192
189
186
181
175
172
172
173
174
175
173
170
165
163
162
162
160
160
159
156
152
149
149
150
150
150
149
148
145
138
132
126
120
123
120
116
113
112
112
114
115
110
106
102
99
97
95
92
90
87
84
81
81
80
77
74
72
71
68
66
64
62
57
50
45
44
43
42
39
57
66
80
90
97
102
106
106
112
123
135
147
156
163
168
173
178
176
173
174
176
179
185
189
189
187
185
183
179
175
173
173
172
171
167
166
164
164
161
159
157
156
154
153
149
145
145
146
149
151
150
148
146
141
134
128
123
118
115
113
109
107
107
108
110
111
108
106
102
101
100
98
96
94
89
86
83
81
80
78
75
72
71
68
65
62
60
55
49
44
41
38
35
33
60
69
81
91
97
99
101
103
111
123
138
147
155
163
168
172
177
178
175
175
175
176
179
181
181
180
176
175
175
175
175
174
172
169
166
165
163
162
161
158
155
153
151
149
145
142
142
144
147
150
151
148
145
139
132
127
123
118
114
112
108
106
105
106
107
109
108
106
104
103
102
100
98
97
91
88
86
83
81
79
76
73
72
69
64
61
58
53
47
42
38
34
29
27
60
68
79
87
91
93
95
99
110
123
137
145
153
162
167
170
175
176
173
174
174
173
173
174
173
172
168
170
172
175
176
176
173
170
167
166
163
162
160
158
155
152
151
148
145
143
142
143
145
147
148
145
141
135
128
124
121
117
112
110
108
107
107
107
108
110
111
110
109
108
105
102
99
97
94
92
89
85
82
79
76
73
71
68
63
59
56
51
45
40
38
35
29
26
59
66
75
81
83
86
91
98
110
124
136
145
152
160
165
169
174
173
170
171
171
170
169
168
168
166
166
169
174
177
177
176
173
171
167
165
164
163
163
161
158
156
156
154
151
150
149
148
147
147
146
142
138
133
128
124
122
118
113
111
110
111
111
111
111
114
118
118
118
116
111
105
99
96
95
94
91
86
82
78
75
72
70
66
62
58
55
50
44
40
37
35
30
26
59
65
69
74
76
80
89
99
111
125
134
144
150
155
159
165
171
168
167
167
168
167
166
166
164
163
168
172
176
177
177
175
172
170
168
168
169
171
172
170
167
164
163
160
158
157
156
154
152
150
148
144
140
135
130
128
126
122
123
121
121
121
120
117
118
120
125
126
126
123
116
107
100
96
95
94
92
87
82
78
75
72
69
65
61
58
55
50
46
40
37
34
29
26
58
62
65
71
74
82
89
102
113
125
135
142
148
151
157
162
165
164
162
165
165
164
165
165
166
169
172
176
179
180
181
179
176
175
170
174
177
179
182
184
180
176
172
167
167
168
165
161
159
157
152
149
146
144
142
139
136
135
137
137
139
136
131
128
128
128
134
136
135
129
120
112
103
97
96
96
94
90
84
80
74
70
67
64
60
58
54
53
48
41
37
31
26
24
54
60
63
71
76
85
91
102
112
123
130
138
145
149
154
159
161
161
159
163
164
163
164
165
168
171
177
179
180
181
184
184
182
181
179
181
183
186
189
191
188
184
176
175
176
177
174
170
166
163
161
158
156
155
153
151
149
148
149
151
155
154
148
143
140
138
141
142
141
134
125
116
107
101
99
98
97
92
87
82
77
71
67
63
60
57
53
52
47
41
36
30
25
23
48
55
63
73
80
89
94
102
110
120
126
135
143
146
151
155
156
158
157
161
162
161
162
164
168
175
178
179
180
184
189
191
190
189
188
189
190
193
195
196
194
190
182
179
180
180
178
175
173
169
167
166
164
163
163
161
159
158
159
161
165
166
161
156
153
150
149
149
146
139
131
121
111
106
103
102
100
96
92
85
79
73
67
63
60
57
54
51
47
41
35
29
25
23
44
53
63
73
81
90
94
100
107
116
125
133
140
143
148
153
154
154
156
158
158
157
158
160
166
174
178
180
184
188
192
194
193
194
193
194
195
195
196
196
193
191
183
181
180
177
175
175
174
170
168
168
167
167
166
164
162
161
161
162
165
166
162
159
157
155
154
151
147
141
133
125
117
111
107
105
103
99
95
88
80
75
69
66
63
60
56
52
47
41
36
30
26
23
44
52
60
71
78
87
90
97
104
114
123
129
136
140
146
152
154
154
155
157
156
154
154
156
161
170
177
183
186
188
191
191
191
192
194
196
198
197
196
193
191
190
187
183
180
176
173
173
173
169
168
167
167
168
168
168
167
166
165
163
163
163
160
159
158
156
155
151
145
139
133
126
120
115
112
109
106
102
98
89
82
76
71
68
64
62
58
53
47
41
37
32
27
24
41
47
56
65
74
81
85
93
102
112
121
128
133
137
145
153
155
155
157
158
156
155
155
157
161
167
173
179
183
185
187
188
189
192
193
196
199
198
195
192
190
191
195
187
180
174
170
169
172
171
167
166
165
166
168
171
173
174
171
168
166
165
163
162
160
157
155
149
142
136
130
124
120
117
115
111
108
104
100
92
84
80
75
70
66
64
58
53
48
42
39
33
28
24
35
43
52
61
70
78
82
90
99
110
121
127
133
137
144
152
155
157
159
158
158
158
160
160
162
167
169
174
179
183
189
192
192
193
193
196
198
198
195
192
191
192
198
190
181
176
171
170
170
170
166
164
161
160
163
171
177
180
176
171
167
165
164
164
163
159
155
149
139
131
125
119
117
116
114
111
107
104
100
93
87
84
79
73
68
65
59
54
49
45
42
36
29
24
33
42
51
60
67
77
80
90
99
109
120
127
132
136
143
151
154
155
158
158
158
160
162
162
163
167
170
174
179
186
194
197
195
193
195
197
198
198
196
193
193
194
195
189
186
184
179
173
169
165
167
163
158
155
159
168
177
182
178
170
165
162
162
164
164
161
154
147
136
127
121
115
114
113
112
108
105
102
100
94
90
87
82
76
69
65
60
55
51
47
44
38
31
24
33
43
52
60
71
78
84
89
99
110
120
128
132
136
142
149
152
154
156
157
159
161
163
164
167
169
172
175
181
188
192
194
195
195
195
198
200
199
197
195
195
200
200
192
193
189
186
173
167
166
165
163
156
153
147
154
176
183
178
175
169
162
156
157
161
158
153
142
130
123
117
110
107
110
108
107
104
101
99
95
92
90
87
78
70
64
60
54
52
50
47
40
31
22
34
43
53
61
71
78
84
90
100
110
123
130
133
137
143
148
150
150
155
157
159
162
164
166
170
172
174
176
181
187
190
192
192
192
194
196
198
197
195
192
195
199
200
194
194
189
186
175
168
167
165
164
158
153
145
149
169
176
175
174
169
161
153
153
156
152
146
135
122
114
108
103
103
106
109
106
103
101
98
95
92
91
88
80
71
65
60
55
53
49
48
40
31
21
35
42
51
58
69
77
86
96
106
116
128
133
136
138
144
149
149
149
155
157
161
164
167
169
173
176
179
181
184
188
192
192
192
192
196
198
199
197
196
193
195
200
201
196
196
189
186
179
171
168
165
166
161
154
143
143
159
165
167
170
166
157
147
145
148
144
140
130
119
112
106
102
104
108
111
107
103
100
97
94
91
90
87
80
72
64
60
56
54
50
47
42
32
22
33
40
45
52
63
75
91
105
116
126
133
136
138
140
145
148
149
150
155
159
164
168
171
173
177
179
182
184
187
190
192
193
193
194
198
200
201
200
197
194
195
199
203
197
195
187
185
181
172
166
162
165
162
154
140
136
148
154
160
169
166
154
141
139
141
139
134
126
119
114
110
107
109
112
112
109
102
98
94
90
87
85
81
76
70
64
59
58
56
51
46
42
35
26
30
36
38
47
60
78
99
116
128
135
138
139
139
140
144
147
149
151
158
162
168
172
175
178
181
182
184
186
190
193
194
194
196
198
201
205
205
205
202
199
198
202
200
194
187
180
178
176
164
154
151
156
157
149
136
129
135
140
152
165
163
145
130
128
134
134
129
122
117
113
109
107
108
110
113
108
101
95
89
84
79
76
74
70
67
63
60
59
56
51
48
45
39
29
27
32
36
49
65
87
111
128
137
143
145
144
142
142
145
147
150
153
161
166
172
175
178
180
181
180
177
180
183
185
186
186
187
189
192
194
195
195
195
191
191
194
194
188
178
172
169
168
152
139
135
145
152
147
133
124
125
130
149
163
158
135
117
116
125
129
126
120
113
107
101
99
100
102
105
101
95
89
83
76
71
68
66
64
64
62
58
57
55
52
52
49
43
33
25
30
36
54
78
103
126
140
146
149
151
148
144
144
147
149
151
155
161
166
171
174
175
175
173
170
170
170
172
173
173
172
170
169
170
172
172
173
172
172
172
175
178
171
163
159
156
155
137
123
118
133
147
143
129
117
115
120
150
163
151
121
102
103
115
120
115
108
99
91
86
83
83
84
86
85
82
78
73
67
62
60
58
57
57
57
54
53
52
51
53
52
48
38
25
30
37
59
88
114
137
149
153
155
154
149
144
145
149
150
152
155
159
164
167
169
169
167
163
158
153
151
151
151
151
148
143
140
140
140
140
139
141
141
143
146
153
148
141
140
138
137
118
105
105
125
142
140
125
111
107
113
144
154
138
104
85
88
101
107
98
90
81
73
67
64
64
65
69
69
69
67
64
59
55
54
53
51
53
54
51
49
50
50
53
53
51
43
22
27
41
64
93
127
145
154
158
161
158
150
145
148
151
153
152
150
154
157
159
157
155
153
150
146
140
136
132
135
136
131
121
117
114
110
107
105
103
102
105
107
122
123
113
112
119
116
101
88
89
118
139
136
121
108
98
108
137
145
124
87
66
73
87
85
78
70
61
55
50
49
50
52
55
56
57
59
57
54
51
50
48
48
48
48
49
48
48
48
51
56
52
45
24
33
47
74
107
139
149
154
157
160
154
150
149
152
153
154
152
148
151
148
143
139
138
138
139
137
134
128
122
122
120
113
103
97
93
88
84
82
79
78
78
80
97
98
93
93
101
97
81
72
81
115
134
133
118
103
90
97
127
134
106
66
52
58
67
68
61
54
46
41
39
38
39
41
46
47
48
50
52
52
50
49
46
46
47
47
48
47
47
47
52
55
54
47
25
36
59
91
125
150
153
152
153
156
156
154
154
155
155
156
154
150
147
139
131
127
128
129
129
127
122
119
115
112
110
103
93
85
77
72
66
64
62
59
58
59
76
77
73
75
84
79
66
62
72
115
131
134
118
101
87
91
111
120
90
51
44
47
48
49
45
40
36
34
35
36
37
38
41
42
43
46
50
51
50
49
46
47
48
49
48
48
47
48
54
55
56
48
25
40
64
96
128
152
155
157
160
161
161
157
155
154
154
156
156
151
146
136
126
124
124
120
113
105
108
110
113
110
107
101
91
83
75
69
64
60
57
54
52
52
63
61
57
59
67
62
51
54
71
120
132
138
122
106
92
95
107
111
84
49
39
43
45
47
46
41
35
33
34
36
37
38
39
40
42
46
49
50
49
47
48
49
52
53
52
50
49
48
54
54
57
50
31
46
66
93
119
140
148
158
164
165
160
156
152
152
154
156
153
146
138
131
127
130
135
133
124
115
111
119
124
123
117
109
98
89
83
75
67
61
57
52
49
48
54
50
46
48
53
49
41
49
77
125
134
143
133
120
106
104
108
101
77
46
33
46
59
66
63
54
43
34
30
31
34
36
37
40
44
49
50
50
48
46
49
52
55
57
56
53
51
50
53
56
57
51
38
53
70
90
106
121
131
148
157
155
154
149
149
154
159
158
149
137
127
124
123
128
134
135
130
123
128
136
142
139
132
123
111
101
91
82
71
63
57
50
46
46
49
44
42
42
47
44
39
52
88
128
137
149
147
139
125
117
109
93
71
45
31
46
64
71
73
61
44
30
25
28
34
39
42
45
50
55
57
55
52
49
50
51
55
58
59
56
53
51
52
59
57
52
47
65
77
92
100
108
117
136
147
146
142
139
144
157
164
159
143
126
115
117
122
127
133
138
139
137
137
140
142
138
132
123
111
100
90
79
68
61
53
46
44
45
45
40
40
38
42
40
41
61
99
132
141
149
149
142
130
121
110
88
70
49
35
40
48
49
53
45
33
23
21
26
34
39
45
47
52
56
58
58
55
52
49
51
54
57
59
57
55
52
53
65
56
52
57
78
92
104
106
107
110
128
138
137
131
130
139
156
165
157
137
117
117
124
130
133
135
138
141
140
137
135
132
128
123
115
101
89
80
69
58
53
47
42
41
44
46
42
41
37
40
40
46
70
106
134
144
144
139
130
120
114
101
79
62
47
39
40
38
36
30
29
25
21
22
28
35
39
42
43
46
51
54
54
51
48
49
50
52
56
59
57
55
52
54
69
57
53
62
85
108
119
123
120
120
126
131
129
124
125
136
153
159
150
133
119
118
136
143
139
136
139
144
142
128
115
107
105
99
89
77
66
60
54
46
43
41
34
31
36
42
42
40
39
40
39
51
71
104
131
136
133
122
105
101
99
85
68
49
37
35
36
35
30
24
21
20
21
23
24
24
24
22
25
31
36
38
38
38
40
40
45
54
55
58
59
60
56
59
67
51
60
68
95
119
132
135
134
132
129
128
126
128
133
142
148
145
137
123
110
114
133
140
139
137
136
137
132
120
99
78
67
58
53
48
42
36
35
33
35
37
32
29
31
33
35
35
37
39
40
49
67
94
121
131
125
111
94
88
90
83
66
48
35
32
33
32
27
21
20
21
20
18
15
12
11
13
15
19
24
26
26
25
27
34
37
45
47
51
56
60
59
61
66
55
66
74
102
129
141
148
147
140
129
124
122
134
145
153
150
142
135
124
111
115
129
135
132
126
118
106
93
78
62
48
41
36
31
26
19
21
23
25
28
31
28
23
21
28
31
31
31
34
38
48
62
78
104
121
121
115
103
95
95
88
70
51
38
32
29
27
23
19
22
23
21
16
12
10
9
13
14
16
19
21
21
21
22
25
27
34
37
44
50
57
60
62
62
59
71
78
107
128
144
155
159
152
138
128
123
133
145
155
153
148
144
133
119
117
128
132
127
116
99
77
61
44
38
33
30
27
23
19
16
18
23
26
29
31
29
26
22
28
30
31
32
35
41
50
60
67
94
118
131
139
135
121
116
100
80
60
46
36
28
24
23
22
24
24
22
19
18
20
21
21
21
22
23
25
26
25
23
24
25
28
32
41
47
54
58
59
58
63
73
82
107
124
144
159
167
165
154
143
133
133
138
146
150
154
154
141
124
120
132
135
120
101
77
55
41
33
36
38
36
32
28
24
24
25
28
31
33
33
34
31
26
27
32
35
38
41
48
56
63
65
98
132
151
164
161
143
134
115
92
70
56
42
30
25
26
27
26
22
22
23
27
31
33
33
33
33
33
34
34
33
31
29
28
29
31
41
45
51
57
56
57
66
72
85
108
126
143
156
163
165
163
158
149
141
137
138
143
151
153
140
123
120
128
128
104
74
52
39
37
44
55
64
67
65
57
49
46
45
46
49
49
48
49
47
41
38
42
44
47
50
58
66
70
70
114
152
169
175
167
152
143
130
106
81
61
43
29
27
29
27
23
21
25
34
39
44
45
47
47
44
43
42
41
40
38
35
33
31
30
39
41
48
56
56
62
70
67
92
113
130
143
150
154
160
164
165
162
151
141
134
136
142
145
135
119
115
118
112
87
65
57
61
72
89
99
104
105
105
100
90
85
80
78
78
76
74
74
73
68
60
64
69
72
75
80
84
84
83
132
167
180
179
168
157
147
139
116
86
59
39
29
30
31
29
23
23
33
46
54
58
60
60
59
55
49
45
43
41
39
38
38
37
34
40
40
46
57
61
72
76
66
101
121
133
143
149
154
160
165
168
167
160
149
138
135
139
143
134
120
119
117
108
87
77
86
102
121
129
133
133
132
135
133
125
118
111
106
101
94
87
84
82
77
78
86
97
105
106
107
105
100
99
145
173
183
183
173
162
148
138
117
84
53
33
29
32
35
32
25
26
39
56
66
69
71
72
69
64
56
49
46
44
41
42
44
45
42
46
42
49
61
68
82
83
68
108
126
136
140
149
159
163
162
164
165
162
156
149
144
139
133
129
130
128
127
116
105
106
120
140
153
153
150
142
140
145
146
143
135
130
119
110
101
89
81
76
78
85
96
109
125
125
123
116
108
113
150
176
183
182
176
163
147
134
107
78
56
37
31
33
34
32
26
27
37
51
61
65
68
69
69
64
57
54
55
54
52
51
49
46
47
49
44
49
66
79
93
86
70
111
125
136
141
152
158
161
159
159
159
163
164
161
154
143
134
127
125
130
135
136
134
137
146
157
164
155
155
149
150
150
142
136
132
123
115
107
97
88
81
76
80
95
106
122
139
143
143
135
129
128
156
176
183
183
176
163
147
127
104
81
60
40
32
35
36
35
30
29
36
45
51
54
55
61
61
60
59
62
68
70
69
64
58
50
47
44
41
54
78
92
98
84
67
107
122
135
142
152
156
157
156
156
156
163
168
169
162
151
142
131
121
127
136
147
153
155
155
155
155
157
158
155
152
144
130
119
113
105
100
95
89
86
83
84
94
110
122
135
145
143
144
141
140
144
161
175
183
184
175
159
143
122
104
87
67
45
35
38
41
40
38
38
39
45
50
51
51
48
47
49
53
61
68
73
74
69
63
54
49
47
47
66
93
102
97
78
61
109
121
135
141
147
151
153
155
158
160
161
164
166
163
161
159
145
129
123
126
138
151
155
153
149
150
166
167
158
149
138
124
109
97
86
84
83
83
86
86
93
111
125
142
154
149
132
126
126
134
147
160
171
181
184
176
161
144
126
109
92
73
50
39
41
45
41
41
42
43
48
53
54
52
45
45
46
51
56
61
64
66
67
64
60
60
62
67
80
98
98
86
69
57
122
125
133
137
144
148
151
156
159
161
158
159
161
161
167
171
162
144
121
109
116
131
143
147
146
150
162
156
137
123
115
107
96
84
78
75
73
74
77
77
85
106
136
159
171
152
119
107
109
125
146
157
167
177
182
179
168
152
134
115
94
74
53
43
43
46
43
43
44
46
51
56
56
52
55
56
57
60
62
65
66
67
70
70
71
74
82
87
89
89
82
69
59
57
130
131
132
135
142
147
150
153
155
157
157
157
161
162
167
174
172
160
132
109
106
121
137
148
149
152
151
136
113
100
95
89
83
79
75
71
70
73
79
83
96
114
145
165
171
143
105
94
103
129
155
162
168
175
179
181
175
162
142
119
96
74
54
44
44
44
43
44
46
50
56
62
64
64
65
67
70
73
77
80
81
81
84
84
82
83
89
93
88
78
64
53
54
60
134
132
131
134
141
145
147
147
149
152
155
156
162
163
164
170
173
167
143
120
116
123
133
143
142
144
139
128
110
101
97
91
90
90
85
81
83
87
99
115
128
142
152
156
149
121
93
92
111
148
168
169
170
175
180
183
181
170
149
123
98
76
57
46
43
40
38
40
46
53
62
72
79
83
82
85
90
94
102
108
109
107
106
101
93
85
83
83
78
68
53
44
52
63
139
127
131
133
140
143
144
143
145
149
153
154
160
163
161
166
171
168
164
146
142
138
136
138
133
132
135
135
125
116
113
112
112
111
107
102
101
101
111
131
143
148
146
138
123
101
85
94
119
161
175
171
170
177
183
188
186
176
153
127
101
80
60
48
42
36
36
39
47
57
68
81
92
100
105
109
113
120
129
137
137
133
123
116
101
84
72
69
66
59
50
42
54
65
141
127
129
130
134
140
143
142
142
149
151
153
157
161
164
166
169
173
178
175
164
150
143
137
133
133
133
127
120
119
121
121
122
126
118
118
118
122
124
125
131
135
131
117
98
84
84
105
141
170
175
173
176
181
187
193
189
175
154
127
103
87
70
57
48
40
40
39
46
55
67
86
104
115
125
131
137
142
149
154
149
141
130
115
101
80
60
55
55
56
54
48
53
64
143
131
127
130
134
139
142
142
143
148
149
152
156
161
164
166
168
171
174
175
166
154
148
145
141
140
132
121
108
99
92
86
85
88
95
104
115
127
131
127
122
118
112
97
84
86
105
132
158
176
178
176
180
185
189
194
188
173
151
129
109
95
79
66
56
47
41
38
44
52
65
83
102
115
131
137
141
143
146
146
138
128
114
101
90
72
54
51
54
57
60
53
56
64
144
134
129
134
136
137
140
141
143
145
148
152
157
161
163
166
168
169
169
172
166
156
152
152
147
144
140
131
120
111
101
94
94
99
105
112
122
131
132
123
117
111
95
82
78
95
126
153
172
183
183
182
185
189
193
195
188
172
152
133
116
103
89
78
68
57
47
40
42
49
58
73
89
101
114
119
124
125
124
120
110
99
89
79
72
61
49
47
51
58
61
55
55
62
143
136
134
138
138
135
137
139
141
143
148
152
157
160
163
166
166
167
164
164
160
154
152
152
149
143
137
129
121
114
105
99
102
109
119
125
129
133
126
114
107
99
87
81
86
109
137
160
176
185
185
185
187
191
195
197
189
176
157
138
121
107
94
85
77
64
51
41
41
45
52
61
71
80
83
89
95
97
96
90
80
70
66
59
57
53
47
46
48
54
55
52
54
58
142
137
137
139
137
133
134
138
140
142
147
150
155
159
161
163
164
163
158
153
149
147
147
146
142
136
130
118
109
106
103
103
107
111
118
123
124
123
113
100
92
86
82
82
94
121
149
167
176
181
181
183
186
190
195
198
190
179
161
142
124
109
96
87
78
65
49
39
38
44
53
59
62
65
68
72
77
80
80
75
66
60
55
49
49
49
47
47
48
52
49
51
55
59
141
136
136
136
133
131
133
136
139
141
145
149
154
156
159
160
159
157
153
144
138
138
138
135
129
121
108
93
87
95
103
110
113
111
113
115
112
107
98
87
82
79
77
84
103
130
156
169
173
173
174
179
184
189
195
198
190
180
161
142
125
111
97
86
75
61
47
38
37
44
56
67
67
65
65
65
68
70
71
68
63
59
54
49
48
47
47
49
48
51
48
52
57
61
140
136
132
130
128
130
133
134
135
138
141
145
149
153
154
155
152
148
145
136
131
130
130
128
121
112
94
76
71
81
92
99
102
100
101
104
104
104
99
90
84
76
81
92
112
136
155
165
167
166
167
173
178
182
188
190
184
176
158
141
126
113
97
82
69
55
44
37
37
44
60
77
80
76
70
66
63
62
63
62
59
56
55
51
49
46
47
49
48
51
51
55
59
62
141
137
130
127
125
129
134
132
131
134
137
141
145
148
150
150
146
141
137
131
127
127
127
129
123
113
98
79
70
73
78
84
91
92
98
101
102
105
106
103
99
91
91
100
116
136
155
165
165
161
163
169
172
173
178
181
177
171
157
140
126
113
95
78
64
51
41
36
36
42
61
85
91
88
81
73
65
61
60
59
56
54
53
51
50
47
47
49
49
52
53
56
58
61
141
138
131
125
124
128
130
129
130
134
136
138
142
145
145
143
139
136
132
129
125
125
131
135
132
127
113
105
93
87
85
87
95
106
117
121
127
128
125
122
116
107
100
108
121
138
155
165
167
164
166
168
168
170
174
175
171
168
154
141
128
114
95
73
56
50
44
37
35
39
58
85
100
105
98
88
76
66
62
62
58
54
51
49
48
48
48
48
50
52
54
58
60
62
145
141
134
127
124
128
130
129
129
133
133
136
141
143
142
139
134
131
128
126
125
128
136
143
144
141
141
136
127
118
113
113
123
135
148
149
152
150
143
136
127
116
108
116
129
144
158
167
170
171
173
173
171
170
172
172
168
164
155
143
131
116
95
73
55
52
49
42
38
38
52
78
101
115
113
103
90
77
71
67
63
59
50
49
48
49
49
49
50
51
53
57
59
61
148
144
137
130
125
126
128
127
128
131
133
135
137
139
137
134
132
130
128
128
128
132
140
148
152
152
156
160
161
159
158
159
165
172
176
176
175
170
159
147
132
118
109
117
131
149
164
173
179
182
178
178
177
177
180
180
176
170
158
147
135
118
96
74
58
56
54
46
40
35
44
66
94
116
119
112
100
88
78
72
65
60
50
49
48
49
49
49
49
50
53
57
58
60
149
144
138
131
126
126
125
125
126
129
133
134
134
133
132
131
131
132
132
133
133
136
143
151
157
159
166
173
180
183
186
186
184
183
180
178
176
173
164
148
129
112
108
116
134
156
174
183
186
188
185
185
188
189
190
189
183
175
163
152
138
121
99
79
63
60
62
53
45
38
41
58
82
106
114
111
105
95
86
79
71
65
52
50
49
49
50
50
50
51
53
56
58
60
148
142
137
132
128
126
124
123
125
128
132
133
132
131
129
129
130
132
134
136
138
141
147
154
161
165
176
181
183
184
186
186
182
178
174
171
169
167
159
144
123
105
108
119
140
163
180
187
188
189
189
191
195
198
198
198
192
181
171
158
143
125
105
87
71
67
65
60
51
42
40
48
68
92
104
106
104
95
86
81
75
70
56
52
50
50
51
50
51
52
54
57
58
59
145
139
135
133
130
127
124
122
124
127
130
131
133
132
131
129
129
130
133
135
139
143
148
154
160
166
177
182
183
181
181
181
179
179
174
168
164
160
151
136
119
106
109
124
145
165
177
183
188
193
192
194
200
203
203
204
199
188
174
160
144
128
111
94
79
74
69
65
59
48
41
43
58
83
94
99
99
90
81
77
75
70
60
56
52
51
51
52
52
53
53
57
58
59
143
136
134
133
131
127
124
122
122
124
128
131
133
134
133
131
130
130
131
134
140
145
150
155
159
164
175
180
181
180
178
177
175
175
172
166
159
152
142
132
124
119
123
134
148
159
165
171
179
185
188
191
198
200
197
195
188
175
162
149
136
122
109
96
81
76
72
69
61
51
44
43
54
75
87
94
95
86
77
75
73
70
63
58
53
52
52
52
52
52
52
56
58
59
143
136
133
132
130
127
123
121
121
121
127
130
132
134
134
132
131
131
131
135
141
148
154
158
162
166
170
173
174
174
176
175
173
171
166
159
152
146
136
132
134
136
137
141
145
145
146
150
157
163
171
175
184
187
184
181
173
159
146
134
124
113
103
92
79
74
68
63
55
47
42
41
46
63
78
87
91
83
74
72
70
67
64
59
54
52
52
52
51
51
52
56
58
58
145
134
135
135
131
129
125
121
122
120
124
128
132
134
135
135
134
134
131
136
143
151
159
162
163
163
165
167
169
171
173
172
170
167
160
150
142
134
127
133
145
151
152
150
137
127
126
126
127
133
141
151
160
167
165
157
151
140
130
123
112
101
90
81
71
65
57
54
49
43
38
36
43
51
67
79
84
80
76
68
62
62
60
56
53
52
51
50
50
51
52
54
57
58
152
139
135
135
132
129
126
122
121
120
121
125
131
134
136
136
135
135
135
139
146
153
159
162
162
162
161
163
166
169
172
171
167
163
155
146
141
138
135
145
160
166
167
157
135
113
101
93
93
101
110
123
136
145
143
135
126
113
105
100
92
83
76
67
58
51
46
43
41
39
35
36
42
48
59
72
79
78
74
67
60
58
58
55
52
51
51
50
50
51
52
53
55
56
159
144
134
134
133
130
127
124
121
120
119
123
129
133
136
137
137
137
138
143
148
154
159
161
161
161
161
163
167
170
173
171
167
163
156
150
147
149
153
165
177
182
182
166
137
106
79
58
50
56
70
85
103
116
118
113
102
89
79
76
72
66
61
54
44
37
34
35
37
37
38
39
42
47
54
65
74
75
73
68
61
58
57
55
52
52
51
50
51
52
52
53
54
56
162
146
132
133
133
131
129
126
121
119
119
122
126
131
135
137
139
140
142
144
148
153
157
159
160
160
164
166
168
171
172
172
169
166
165
160
159
164
173
185
193
194
195
181
154
121
84
49
32
30
39
50
66
81
88
86
78
68
62
61
58
54
50
44
38
32
31
33
37
40
42
42
44
46
52
60
67
69
69
67
63
59
56
54
52
52
51
50
50
51
52
52
54
55
160
142
130
131
134
132
130
128
121
119
119
119
123
128
133
136
140
143
144
145
148
151
154
156
158
159
162
165
167
169
171
172
172
170
170
170
172
177
184
194
201
203
205
196
176
143
104
67
42
31
34
32
39
51
59
60
55
51
47
46
44
43
41
39
35
32
32
35
38
42
43
44
44
44
48
53
60
63
64
63
61
57
55
53
52
53
51
49
49
50
49
50
53
53
156
139
128
129
134
131
130
130
123
120
119
120
121
127
131
135
139
143
145
145
146
148
150
152
154
156
156
160
163
165
167
169
171
172
174
179
183
185
188
193
201
205
208
206
195
172
140
107
79
62
54
41
36
38
40
38
33
32
31
32
32
32
33
34
34
33
35
37
38
41
44
45
46
45
46
50
57
60
60
60
58
53
53
52
53
53
50
48
47
49
50
52
53
54
147
136
129
129
134
130
129
131
124
123
123
123
124
128
132
134
137
140
142
142
143
144
146
148
151
153
153
155
158
159
159
162
166
170
177
185
191
193
195
197
200
203
205
205
202
192
173
151
129
113
93
75
62
54
45
34
21
16
20
23
25
28
31
34
35
35
38
39
39
40
43
45
47
48
48
48
53
57
56
56
54
49
49
49
50
52
49
47
47
49
51
54
56
57
131
128
129
129
134
129
129
132
126
125
127
127
128
130
133
133
135
137
138
139
139
141
143
146
149
151
154
154
155
153
152
156
162
166
180
187
194
199
204
206
203
201
197
194
193
190
182
173
161
151
141
123
108
90
70
50
28
17
15
19
23
28
31
35
36
36
37
37
37
37
39
43
46
48
47
46
49
52
50
50
50
46
47
47
49
51
49
47
47
49
51
53
56
60
109
118
128
132
133
131
130
128
125
125
124
127
132
134
133
132
133
134
135
138
141
141
140
140
143
147
148
150
150
149
148
150
156
163
177
186
195
197
200
204
201
199
194
190
187
184
180
179
176
171
165
157
150
141
113
85
56
36
30
28
28
30
35
38
37
37
39
37
35
37
40
42
44
46
45
47
48
48
49
47
46
46
45
47
49
49
46
45
46
50
52
55
59
59
88
107
126
131
133
130
129
126
124
123
125
127
131
132
131
131
133
134
139
140
140
139
137
135
136
137
141
141
140
140
141
145
153
162
174
188
196
196
194
194
193
193
187
186
185
181
176
174
176
176
173
168
165
161
138
110
78
54
45
41
37
36
37
39
41
43
39
37
37
38
41
43
44
45
46
47
47
46
45
46
46
47
46
47
47
47
44
44
46
50
52
57
62
64
69
100
123
129
132
131
128
125
123
122
124
126
130
131
130
130
132
135
139
139
139
137
134
132
130
130
131
131
130
130
133
137
147
159
172
186
195
192
188
188
187
188
186
185
182
177
172
171
174
175
167
165
166
166
149
127
94
69
57
54
49
44
40
38
38
40
39
38
39
40
42
44
45
45
47
47
47
45
44
44
46
47
46
45
45
43
43
43
46
50
55
60
66
70
58
97
119
126
130
129
127
124
122
121
123
125
129
130
130
130
131
134
138
138
137
136
135
132
130
127
125
125
124
126
130
133
143
155
168
180
186
184
183
186
186
184
180
178
174
170
167
166
163
160
159
160
163
165
153
137
111
93
77
77
70
61
48
38
37
38
38
39
40
41
43
45
46
46
48
48
48
46
45
45
46
47
44
44
44
43
43
43
47
49
56
61
66
73
53
93
115
123
127
126
123
122
120
119
121
125
128
130
129
129
129
132
137
137
137
137
136
135
132
129
125
124
124
126
128
133
141
153
165
174
178
176
178
182
183
183
178
175
173
171
167
164
158
151
150
156
161
167
160
150
135
125
116
115
103
85
62
44
41
41
40
42
43
43
44
45
46
47
46
47
49
48
47
46
45
44
41
42
43
45
45
45
48
50
54
57
65
78
52
89
113
121
126
124
123
122
119
118
119
122
125
127
128
128
128
129
133
135
136
137
139
140
138
136
131
130
128
128
131
136
144
154
163
172
174
171
171
173
177
178
174
171
168
162
156
153
151
147
148
156
164
170
166
161
152
149
154
151
134
112
81
54
46
41
43
45
45
44
44
45
47
48
46
46
47
48
47
44
42
41
38
39
43
47
47
47
49
50
52
54
66
84
51
84
109
119
123
122
122
121
120
119
118
119
120
123
126
126
128
129
131
135
138
140
142
145
144
143
139
138
136
135
138
142
148
155
162
167
167
164
163
163
164
166
166
164
161
157
153
153
154
153
152
157
159
161
156
151
145
147
154
151
134
114
85
57
48
40
43
45
46
44
43
45
46
47
47
46
46
45
45
43
41
39
36
39
44
46
46
46
48
50
51
55
70
90
47
76
104
114
120
120
121
122
120
118
115
115
117
120
125
126
129
131
135
139
142
143
145
146
147
146
145
145
143
143
145
148
151
155
157
159
157
154
154
152
151
151
148
148
151
154
155
157
156
152
149
148
142
138
129
122
118
122
125
122
104
89
67
47
43
38
42
44
45
43
43
44
46
47
48
47
45
44
43
42
40
39
37
41
45
46
45
45
45
48
50
56
73
94
38
67
99
108
115
118
117
117
118
114
114
113
115
116
121
125
130
132
138
140
144
146
145
145
145
146
148
146
145
146
146
149
152
152
151
151
153
151
149
146
141
140
144
152
155
157
163
163
154
146
140
132
120
104
92
82
79
89
92
84
73
60
47
39
36
36
41
45
46
44
47
46
45
47
48
48
46
44
43
43
41
39
39
41
44
44
42
45
47
46
50
59
76
102
33
56
93
105
112
113
113
113
113
113
112
113
114
115
117
123
127
130
138
140
144
145
144
143
143
144
145
144
145
147
147
149
149
146
147
146
147
145
141
138
136
135
139
146
150
151
151
145
131
122
112
98
79
65
57
51
50
60
64
57
47
39
33
30
32
35
38
42
42
42
45
45
45
47
47
48
47
45
45
44
42
41
39
40
44
44
42
43
45
46
48
61
85
110
27
50
88
102
108
108
108
106
108
111
112
113
112
112
114
118
125
130
136
139
142
144
141
139
140
144
146
146
147
150
149
149
146
140
135
132
133
130
130
135
139
145
146
145
140
132
125
114
99
89
82
66
48
39
34
33
38
48
52
45
35
30
29
30
31
31
32
35
36
36
40
41
42
44
46
46
46
45
45
45
43
41
39
41
43
44
41
43
46
48
50
65
89
113
31
55
86
100
104
104
107
102
103
107
110
110
111
110
111
115
122
127
133
135
139
141
138
137
139
145
150
150
150
151
148
146
140
132
126
122
121
119
119
122
123
129
128
127
121
111
99
83
67
57
52
42
33
25
22
23
26
35
37
33
30
27
27
28
29
31
27
27
28
30
33
36
38
40
43
43
44
44
44
45
43
42
40
41
43
42
40
44
47
46
51
68
93
119
41
59
87
100
104
104
105
100
99
103
104
107
108
108
109
112
119
124
130
133
137
138
137
137
141
147
150
150
151
150
145
139
129
117
110
105
106
106
105
100
93
94
97
99
98
89
76
61
49
41
29
24
21
17
16
18
18
20
21
24
24
22
18
19
24
28
27
24
23
25
28
32
36
37
40
41
42
43
43
43
43
42
40
42
42
38
39
44
47
44
51
72
103
129
56
67
84
99
103
104
105
99
97
100
102
104
106
106
107
110
116
121
127
131
136
137
137
138
142
147
146
147
147
145
139
131
117
103
93
86
84
84
85
86
88
95
98
94
90
84
75
65
51
37
27
17
14
13
16
19
18
16
18
19
19
21
26
30
33
33
34
27
25
25
26
30
33
34
37
38
39
40
41
42
42
42
41
41
41
38
38
45
47
43
51
77
111
133
69
71
76
88
96
101
101
96
95
95
98
100
103
103
103
106
111
116
122
128
133
135
136
140
143
146
143
143
143
140
134
126
112
97
89
81
77
75
78
87
103
121
132
128
125
123
119
111
92
71
53
36
28
28
32
36
38
38
36
37
41
50
61
67
62
56
46
37
31
32
30
32
34
34
35
36
37
38
39
41
41
41
41
40
41
40
39
42
45
44
54
79
111
131
69
62
65
77
89
97
95
91
92
92
95
98
100
99
99
102
107
110
117
125
131
133
136
140
144
144
143
143
140
136
131
124
112
99
85
81
84
84
87
97
116
138
152
150
149
146
142
140
129
114
93
72
63
66
70
75
80
87
86
91
97
104
105
99
84
72
56
46
39
39
35
35
38
37
36
36
37
38
39
41
42
41
42
39
40
41
40
39
43
46
56
80
110
132
51
44
44
62
80
90
93
91
84
84
87
90
94
95
95
99
102
106
114
121
128
131
137
141
143
145
144
143
140
130
121
111
99
89
80
79
90
100
106
111
117
131
140
149
153
150
152
155
150
144
127
116
107
110
118
123
130
137
138
140
142
141
132
118
96
75
57
47
42
43
42
40
39
38
38
36
36
38
38
39
41
43
41
40
40
42
39
38
38
42
59
70
94
121
32
25
26
48
72
86
91
87
81
83
83
82
87
90
92
96
99
104
110
118
125
129
135
140
142
144
147
145
137
125
111
97
86
79
78
83
98
109
115
115
109
110
117
129
138
142
146
148
149
149
148
145
142
144
151
155
158
161
161
159
156
149
134
115
88
65
50
44
42
44
44
41
39
39
37
37
37
38
39
39
41
42
42
41
40
40
38
36
36
38
50
57
73
96
16
9
17
42
69
87
93
90
84
82
82
81
84
86
89
94
98
102
108
116
123
128
133
136
137
140
145
142
132
117
99
83
76
74
77
87
102
110
113
110
98
89
91
101
113
123
127
129
132
139
144
150
154
156
160
161
158
155
151
148
144
135
120
100
75
55
40
38
41
44
45
41
40
39
37
37
37
38
38
38
40
41
43
42
42
42
40
36
34
35
40
42
49
65
11
4
14
39
69
91
98
94
87
81
81
82
84
82
87
94
97
99
109
117
122
126
129
131
131
131
134
130
122
108
91
79
79
84
90
100
108
106
103
102
93
85
77
79
87
98
104
102
104
113
121
129
135
137
137
133
126
121
122
120
116
106
92
74
56
42
34
34
38
42
43
41
40
38
37
37
36
37
37
38
38
40
42
42
43
44
43
40
36
35
32
27
27
36
8
5
16
38
72
102
105
93
90
90
84
82
84
84
86
91
94
100
107
114
120
124
127
128
126
125
124
118
109
97
85
79
86
98
107
113
113
103
96
96
92
84
73
68
66
76
85
85
85
91
101
106
109
110
108
102
94
91
93
90
85
76
62
50
42
37
35
35
38
40
41
41
40
38
37
36
35
35
35
36
37
38
41
40
41
43
44
43
41
38
32
24
21
26
9
10
8
39
90
136
133
99
87
89
91
83
84
86
84
83
87
98
106
113
118
121
124
124
123
121
116
108
97
86
78
79
89
102
115
117
111
101
96
91
85
76
69
62
56
61
69
71
72
77
84
85
85
84
82
77
72
72
68
63
58
51
42
36
37
40
37
37
38
39
39
40
40
37
36
36
35
35
35
35
36
38
40
39
39
41
43
45
44
42
32
24
20
23
13
15
14
54
112
160
150
112
98
97
92
88
88
87
82
80
84
95
108
112
115
115
117
117
114
112
105
97
87
80
77
80
90
99
110
111
105
101
94
85
81
73
69
67
61
57
55
53
56
61
67
68
65
62
60
56
55
57
53
47
42
39
34
33
36
38
36
37
38
37
37
38
38
36
35
35
35
35
36
36
38
39
42
40
39
39
42
44
42
40
34
27
25
28
15
18
14
68
137
185
175
136
113
99
95
98
99
93
87
89
94
101
110
112
112
110
110
108
104
100
95
89
82
79
80
83
90
95
100
102
98
95
86
76
75
72
76
79
74
61
48
41
44
50
52
54
49
43
41
40
40
42
40
35
32
33
33
33
34
34
31
33
35
35
35
36
37
35
34
35
35
36
37
36
38
40
41
40
39
39
40
40
37
34
28
24
23
27
16
16
20
80
170
209
195
160
127
101
90
106
103
98
95
101
104
108
110
114
109
106
104
97
93
92
87
80
72
69
69
79
91
95
99
95
91
86
79
76
77
79
83
83
80
71
59
44
37
39
43
41
38
30
23
23
26
26
26
28
29
30
31
32
31
31
30
32
34
35
35
35
35
35
32
33
35
36
37
39
42
43
42
40
40
39
39
37
32
29
21
16
14
19
12
15
35
103
193
223
209
177
140
109
95
103
101
101
100
106
107
108
107
111
108
106
102
92
86
83
79
68
59
55
59
74
90
96
98
89
84
80
76
78
82
82
83
81
71
59
51
40
33
30
27
27
27
24
18
16
16
16
21
22
24
25
27
28
29
29
30
32
33
35
35
34
34
34
33
34
35
36
38
38
40
42
43
41
41
41
40
39
30
27
19
14
14
19
11
19
56
132
217
231
222
196
158
121
94
93
95
103
105
108
104
101
100
107
109
111
106
93
85
81
74
61
49
47
56
76
95
102
101
86
78
77
77
85
90
87
81
72
58
46
42
39
32
25
21
18
19
20
18
17
16
15
18
20
21
22
24
27
28
29
30
31
34
34
33
33
33
33
33
33
34
35
35
36
38
39
40
39
42
41
40
37
27
21
16
13
14
18
16
33
83
158
229
228
225
210
175
136
101
90
89
100
104
105
100
94
95
104
111
117
112
99
90
85
73
60
50
52
65
88
105
108
104
86
79
82
86
96
100
91
77
62
47
41
43
45
40
32
26
19
15
17
18
17
17
17
20
22
23
24
25
27
29
30
30
31
33
34
33
34
33
33
32
32
33
33
33
34
35
36
38
38
39
39
38
35
25
16
13
14
16
18
23
49
114
180
231
223
226
221
192
155
117
96
90
95
99
100
99
97
97
104
111
116
112
103
96
89
74
63
56
63
79
99
111
110
101
86
83
91
98
107
106
92
75
58
48
49
56
61
62
59
50
35
22
18
17
17
18
18
21
24
25
25
25
26
29
30
31
32
33
34
34
35
34
34
33
33
33
33
33
34
34
35
37
37
38
37
39
36
23
13
10
15
19
18
34
69
143
196
225
220
224
224
204
172
135
106
95
92
96
97
98
99
100
103
105
106
105
102
99
91
75
67
65
74
89
105
110
105
92
85
89
102
111
116
110
94
77
64
61
70
79
88
95
97
87
64
41
25
18
18
21
23
22
23
25
25
26
28
30
30
31
32
34
35
36
36
35
35
34
33
34
33
33
34
34
34
37
36
37
38
41
40
27
14
9
15
19
18
50
97
166
208
221
223
224
226
216
194
161
127
106
92
92
94
94
97
98
98
95
94
94
97
95
85
74
70
73
83
94
103
102
94
82
83
94
109
117
120
112
99
86
81
86
97
106
115
123
125
112
91
64
43
28
24
25
25
25
26
27
27
29
30
31
31
32
33
34
36
37
37
36
35
34
33
33
32
33
33
33
32
34
35
38
40
46
46
31
15
7
12
17
19
64
120
184
220
223
230
229
231
229
213
191
151
119
91
86
87
90
96
94
92
87
85
85
88
87
73
70
71
77
88
94
97
92
82
74
82
96
111
118
119
111
101
98
98
108
120
124
130
135
133
121
106
86
66
49
36
30
25
28
29
29
30
30
31
32
32
33
33
35
37
38
37
36
35
34
33
33
32
33
34
32
32
33
34
39
43
50
51
34
17
8
10
15
19
73
131
191
219
225
225
236
240
230
216
206
178
136
102
80
73
86
89
94
86
81
84
86
80
71
63
66
71
82
89
91
89
82
80
76
85
99
114
119
116
110
107
107
112
121
127
130
130
127
123
117
108
99
89
73
52
34
29
28
28
30
31
31
32
32
33
33
34
38
39
40
39
37
36
35
33
34
31
33
35
33
34
33
37
40
48
57
55
38
19
7
11
15
17
73
133
194
224
227
225
236
237
227
211
216
200
163
121
79
59
72
84
83
77
74
75
79
74
65
60
60
66
79
87
90
89
85
84
85
90
103
115
118
114
111
110
115
119
121
119
118
121
120
117
112
109
106
102
88
66
44
31
30
29
30
32
33
33
33
34
34
35
38
39
40
39
37
36
34
33
34
32
33
34
32
33
35
42
45
54
62
58
40
21
8
11
14
17
70
129
191
227
230
226
235
234
227
212
217
212
185
145
99
66
69
79
79
79
74
72
73
68
60
56
58
64
76
83
86
86
84
86
88
91
100
110
114
111
111
114
118
118
112
103
100
106
112
112
107
105
105
104
96
77
53
39
33
32
32
33
34
34
35
35
36
37
38
40
40
39
38
37
34
32
34
32
33
34
33
34
38
46
51
61
67
60
41
22
9
12
14
16
64
122
184
227
233
230
236
235
234
223
220
222
206
178
135
92
71
65
69
76
76
70
69
65
58
56
56
61
71
76
80
83
83
86
90
92
96
104
109
111
114
117
116
113
105
97
96
101
106
106
102
101
101
100
94
80
60
46
37
35
34
34
34
35
35
35
35
36
39
41
41
40
38
37
35
32
34
32
33
35
34
37
42
51
58
66
70
61
41
21
12
14
15
16
62
113
171
219
235
233
234
232
235
230
222
230
223
208
174
124
86
62
62
74
78
71
66
61
55
51
49
53
61
67
73
79
83
89
91
93
95
99
103
109
111
111
109
105
101
100
99
98
95
93
92
93
94
92
86
73
57
45
40
38
35
34
35
35
35
36
36
37
39
40
41
39
38
36
35
34
34
32
31
34
35
40
47
56
63
70
72
60
39
20
14
15
15
15
64
102
155
204
233
237
234
230
232
232
222
227
224
220
201
161
120
87
67
71
72
68
63
59
54
48
46
47
53
58
64
72
78
85
89
91
93
95
101
107
109
107
102
97
94
95
96
93
87
82
82
83
82
79
72
61
50
43
40
39
36
35
34
34
35
35
36
37
39
40
40
39
36
35
36
33
34
32
32
34
38
44
55
62
67
72
72
58
39
21
15
16
15
15
65
91
133
181
225
238
236
232
230
232
227
225
220
223
217
195
162
128
90
74
63
61
61
59
56
51
50
49
53
53
55
61
67
75
81
85
88
91
96
102
104
104
98
94
89
88
90
88
81
76
71
70
68
65
59
50
45
42
38
37
35
34
34
34
33
34
36
37
38
38
38
37
36
36
35
33
34
33
32
38
43
51
63
69
70
73
72
57
39
21
15
15
15
14
65
81
108
155
209
230
233
229
225
226
231
227
221
225
226
216
196
166
128
93
69
64
61
61
59
54
54
53
55
52
52
55
60
68
70
73
77
81
84
89
91
93
91
89
85
83
84
81
72
63
57
56
55
54
47
40
36
34
35
35
34
34
34
33
33
33
35
35
36
37
36
37
37
37
33
32
34
34
36
40
47
57
69
72
72
73
71
56
37
21
15
15
14
14
72
68
88
124
186
217
222
226
223
225
230
227
228
230
228
227
216
198
171
137
102
81
70
64
59
55
54
58
60
58
55
55
58
65
67
70
74
72
73
77
83
85
85
85
83
80
77
71
60
52
46
48
48
45
38
34
33
34
35
35
35
34
31
29
31
32
30
31
32
32
33
36
36
33
29
28
29
37
44
48
53
63
73
75
75
77
73
58
38
20
14
13
12
14
72
63
68
97
156
200
220
228
227
228
227
229
234
233
226
225
224
218
208
181
147
111
85
73
64
56
54
56
59
59
58
58
56
61
64
66
65
65
66
70
72
75
80
80
77
72
68
62
54
47
40
42
43
42
40
37
36
36
36
36
35
33
32
32
32
33
31
31
31
31
33
34
33
31
28
28
31
40
49
53
58
66
73
75
74
77
72
56
36
18
13
12
13
15
72
62
65
82
128
181
214
226
228
227
228
230
234
232
223
222
228
230
227
211
187
152
120
98
81
65
59
57
58
57
56
54
53
58
63
63
62
60
59
60
63
65
70
70
69
65
58
54
47
44
39
40
41
43
44
44
41
40
38
37
37
36
35
34
32
32
32
31
31
32
32
31
30
30
28
31
37
46
55
58
63
70
73
75
74
76
70
55
35
17
11
12
13
15
