10
5
3
6
10
15
20
18
14
13
14
13
15
20
33
49
62
74
84
96
109
120
129
132
133
137
141
147
153
158
162
163
165
167
173
177
182
185
185
186
189
192
191
193
195
197
200
201
201
204
201
201
198
196
197
198
198
197
194
190
184
180
177
174
174
174
174
172
168
164
160
157
153
152
148
142
139
137
132
114
92
61
40
23
12
7
6
10
16
24
36
33
36
45
5
8
5
7
7
11
16
13
11
15
17
19
23
27
39
58
75
88
97
107
120
130
137
138
137
140
147
152
159
165
168
169
170
173
179
183
187
190
190
191
192
194
194
196
197
198
201
202
203
205
206
204
199
197
197
199
198
196
195
191
185
182
179
177
177
177
176
174
172
166
162
160
159
158
154
147
140
138
136
124
110
83
56
33
17
12
11
12
12
17
33
33
35
37
8
8
6
8
7
8
13
12
11
14
17
23
29
37
53
75
90
101
108
119
128
136
141
140
140
145
150
156
165
170
173
173
176
180
185
187
190
191
191
192
193
195
195
196
199
202
203
204
207
208
207
205
203
199
198
197
197
196
194
191
188
184
182
180
179
179
178
176
173
170
167
166
165
162
157
152
144
136
132
131
120
104
76
44
23
13
12
15
10
11
21
30
36
37
11
9
6
8
8
8
12
12
12
16
21
29
39
50
69
89
105
115
120
128
135
140
144
143
145
150
154
160
169
175
175
174
178
184
187
190
193
195
196
197
199
200
201
203
205
207
207
208
210
211
210
207
204
201
199
199
198
197
193
192
190
188
185
182
180
179
179
176
175
171
167
168
167
164
159
154
147
139
134
134
128
116
90
57
33
19
14
14
8
9
15
22
30
35
11
7
7
9
8
9
13
14
17
23
32
42
53
68
86
104
117
127
131
137
143
147
150
149
151
156
160
168
176
179
178
177
183
188
193
195
196
199
202
202
205
205
206
209
210
211
210
210
211
212
210
208
205
202
201
200
199
196
194
193
191
189
185
182
180
178
178
177
175
172
168
168
167
164
157
154
151
145
137
135
134
127
105
74
49
30
17
13
7
7
8
13
23
34
8
6
5
7
8
8
13
16
21
31
45
58
70
85
102
115
128
135
139
143
149
154
156
156
159
164
169
174
180
184
182
181
185
191
193
195
198
202
205
206
206
206
209
210
212
211
210
208
208
209
208
207
205
203
203
201
199
196
195
193
190
187
185
183
180
179
177
176
176
173
169
168
167
164
157
153
153
150
141
137
135
131
116
89
65
44
27
16
9
6
6
7
15
28
6
8
6
7
9
11
15
18
27
39
55
71
86
103
119
129
140
143
144
146
152
158
160
162
167
172
175
179
185
186
185
183
186
191
192
194
197
202
205
207
206
206
209
210
211
210
208
207
206
206
205
205
205
204
203
201
198
195
194
192
189
187
186
184
182
180
179
179
179
176
171
168
166
163
158
154
154
152
143
139
136
132
122
102
82
61
42
27
16
8
5
6
11
21
5
7
5
7
9
12
17
22
30
43
60
81
98
115
130
141
151
151
151
149
153
158
160
165
172
177
180
183
187
188
187
185
187
189
192
194
197
201
204
205
205
206
206
207
208
207
205
204
203
203
203
204
205
204
202
199
196
192
190
189
186
186
185
184
181
178
181
180
181
177
171
167
166
162
159
155
154
151
143
140
138
135
128
113
96
79
59
40
26
14
7
8
9
15
5
7
7
11
15
20
26
31
40
53
73
96
112
126
139
149
159
157
156
152
155
161
162
167
175
179
182
184
188
190
189
186
187
190
192
193
195
198
200
201
202
202
202
201
201
200
200
200
200
200
200
202
203
203
200
197
193
190
186
184
182
182
182
180
178
176
179
179
179
176
169
167
165
162
161
156
154
151
143
141
141
138
132
121
108
94
74
56
39
24
14
14
13
13
7
12
18
22
29
36
44
49
58
72
91
113
125
134
145
155
166
163
160
155
158
163
166
170
176
179
182
185
189
192
189
187
188
190
192
193
194
195
196
197
198
198
197
197
196
195
194
196
197
197
198
201
202
201
198
195
191
189
185
182
180
178
178
178
176
175
177
177
178
175
169
168
166
164
161
158
155
152
145
143
143
140
136
127
115
102
85
67
51
34
25
23
18
14
13
20
31
37
43
47
55
64
74
92
109
124
132
140
150
162
169
167
165
162
164
169
172
173
176
180
181
184
188
189
187
187
188
191
190
190
191
193
195
198
198
198
197
197
196
195
195
197
197
194
196
197
199
199
197
195
192
191
186
183
177
176
178
177
173
172
173
174
175
174
171
169
168
165
162
160
155
152
149
145
142
140
136
129
121
111
96
80
63
47
36
25
22
17
25
36
46
48
48
47
52
60
78
102
118
131
138
146
155
164
170
167
167
166
169
173
174
174
175
178
181
184
187
189
188
188
189
190
191
192
194
195
198
201
202
203
202
202
201
199
200
200
199
198
196
196
196
197
198
198
196
194
189
186
180
179
180
178
173
172
170
170
172
172
170
170
170
167
165
163
158
155
152
148
143
139
136
131
126
119
106
91
73
57
40
28
25
20
39
51
57
54
51
49
53
63
82
107
126
137
143
152
159
164
167
165
168
170
173
177
177
175
176
177
180
183
187
190
191
192
192
192
194
195
197
199
201
204
206
207
207
207
206
205
205
206
204
202
199
198
196
196
198
199
198
196
191
187
183
181
182
179
175
171
167
167
169
170
169
171
172
169
168
164
159
158
155
150
143
138
137
133
130
125
114
100
84
67
52
38
31
23
50
58
59
56
52
50
57
72
94
116
130
139
145
155
161
162
163
162
166
171
176
178
176
177
177
178
181
184
187
190
193
195
195
196
198
199
201
202
203
205
207
208
209
209
208
209
209
210
208
207
207
204
201
199
199
200
199
197
191
187
185
186
185
182
178
174
169
168
169
170
171
173
174
171
168
164
160
159
158
153
144
137
136
133
131
128
119
108
94
80
67
52
41
28
58
63
60
57
52
52
64
88
114
134
136
142
146
155
160
160
161
161
165
171
176
178
176
177
179
180
182
184
187
190
193
196
197
198
199
200
202
203
204
205
206
206
210
209
208
209
209
209
209
209
212
209
205
203
203
204
202
201
195
189
190
193
191
187
183
179
173
172
172
173
173
175
176
173
169
164
159
158
159
156
147
139
134
132
132
131
122
114
103
91
78
62
51
38
60
63
61
53
53
62
82
108
128
138
140
145
147
153
157
158
162
164
168
172
176
177
175
176
178
180
182
184
186
188
191
195
197
198
200
201
203
205
207
207
207
208
210
209
209
207
207
206
206
207
210
209
207
206
206
208
208
207
200
195
194
198
194
191
187
183
179
178
177
177
177
178
177
175
169
163
157
156
159
157
150
142
134
132
132
131
124
117
105
94
80
64
57
48
56
57
55
52
62
82
104
120
125
129
137
144
146
152
156
159
164
167
172
174
176
175
175
174
175
178
180
183
185
186
190
196
199
199
200
202
204
208
210
210
209
208
209
208
208
208
205
203
203
205
208
208
207
207
208
209
210
211
204
197
198
199
194
191
191
188
185
184
183
182
180
180
180
177
171
163
156
156
158
159
152
146
138
133
132
129
124
116
105
92
79
62
55
49
50
49
49
54
77
102
115
120
120
124
133
141
145
152
158
162
167
169
175
175
175
176
173
172
173
175
178
181
184
186
190
196
200
200
200
201
205
208
210
210
208
208
210
210
210
209
205
202
202
204
208
209
208
207
207
208
210
211
206
199
199
201
194
191
192
190
189
187
187
186
184
183
182
179
173
164
157
156
159
159
156
150
142
136
131
128
123
119
109
95
78
59
50
45
49
53
54
69
89
103
107
110
117
126
136
139
144
151
158
163
167
171
176
177
177
175
171
169
171
173
177
181
185
186
189
197
201
201
202
204
206
208
208
207
208
208
210
211
213
212
209
205
204
205
208
207
207
207
206
205
209
214
209
204
201
199
196
195
194
191
189
191
191
189
187
185
184
182
177
168
160
159
161
160
155
153
145
137
130
129
127
122
114
102
86
68
53
45
49
55
67
73
83
90
96
102
116
128
136
143
148
154
159
162
165
169
176
176
175
173
170
169
170
172
174
178
183
189
192
196
199
201
203
206
208
210
211
212
211
212
214
216
217
216
210
207
205
204
205
205
206
206
206
205
208
213
213
208
204
201
199
197
196
193
191
192
192
190
188
186
184
182
178
171
164
161
162
159
155
152
145
139
133
132
129
124
117
104
93
77
62
51
54
63
73
74
78
83
89
100
113
126
136
142
150
155
159
160
163
168
173
173
174
173
171
171
174
176
179
182
189
194
197
197
198
201
205
207
211
214
215
216
218
219
220
223
224
220
215
210
207
205
203
204
205
206
206
204
207
212
216
213
209
206
203
201
200
198
197
198
197
194
190
188
185
183
180
173
167
165
162
158
153
150
146
142
136
133
129
126
118
104
90
76
67
58
58
68
70
71
75
80
88
97
108
118
128
136
144
150
155
158
163
168
170
171
172
173
174
175
177
178
178
182
190
195
196
197
199
201
207
210
213
215
216
218
219
220
223
228
229
223
217
215
212
209
204
204
205
207
206
203
205
209
216
216
213
210
208
205
204
203
203
204
203
199
195
192
187
184
182
176
172
170
166
159
153
151
150
146
139
134
131
128
119
102
84
71
62
55
60
67
68
68
71
76
84
92
104
113
120
127
134
141
149
155
162
168
171
171
171
172
174
176
179
182
183
187
191
195
197
200
203
204
207
210
215
218
220
220
220
221
222
227
228
223
218
217
215
212
206
205
207
209
207
202
201
203
212
215
214
212
211
209
206
206
205
207
208
204
199
196
192
186
183
180
177
175
171
164
156
153
152
149
141
136
133
130
122
105
87
70
58
50
61
64
64
64
66
73
80
90
101
110
116
122
129
135
144
152
160
165
170
170
170
171
174
178
183
185
184
187
192
194
197
202
205
205
207
211
216
218
218
217
216
216
218
223
224
220
217
217
216
213
208
207
208
213
210
203
198
198
204
211
213
212
213
209
205
204
202
205
208
205
202
199
195
189
181
178
177
176
173
165
159
156
153
149
142
137
134
131
124
108
90
72
59
50
57
58
55
56
60
70
80
90
101
110
116
123
128
133
142
150
156
161
167
169
171
174
177
179
181
182
181
183
187
192
196
198
200
201
206
209
212
213
212
211
212
213
214
217
217
215
213
213
212
211
205
204
207
214
214
205
197
194
197
207
210
210
212
208
201
200
198
203
206
205
203
202
197
192
180
177
176
176
173
167
161
158
153
150
144
139
134
130
124
110
91
73
59
50
48
50
47
48
53
64
77
91
103
112
117
124
130
134
142
148
154
159
165
168
173
177
178
177
175
174
171
170
171
175
176
173
170
170
173
175
179
183
187
194
200
205
210
211
211
209
208
208
207
206
200
199
204
214
215
206
196
192
193
204
209
209
211
206
198
196
196
202
205
206
204
203
198
192
182
179
178
178
175
170
164
161
155
153
148
143
135
129
123
110
93
76
58
46
43
44
42
45
50
62
78
94
106
116
122
126
129
136
143
150
158
161
165
167
173
172
172
168
165
161
154
157
155
151
145
138
136
138
135
133
130
133
144
153
163
174
179
182
189
195
199
199
199
199
192
191
197
206
211
206
197
189
192
198
209
211
208
205
193
190
194
201
205
204
202
201
196
190
181
179
180
181
177
173
171
168
163
158
153
149
140
133
123
106
91
73
55
42
37
40
40
44
53
66
82
98
109
120
123
126
129
136
144
151
160
163
166
168
171
168
167
159
155
150
142
143
141
139
132
122
115
114
111
101
90
88
97
108
121
133
137
143
155
171
185
190
190
188
182
182
189
200
206
203
194
184
185
191
205
209
208
203
188
184
191
198
203
203
200
196
189
182
169
171
175
177
175
171
166
162
154
150
147
147
138
129
122
109
93
76
59
44
32
35
34
43
56
71
88
102
114
124
125
129
131
137
145
152
162
165
166
166
166
162
158
150
146
142
141
141
140
136
128
115
105
102
100
93
81
76
79
84
91
99
103
109
125
146
167
176
175
173
167
169
178
192
201
201
192
183
176
182
198
205
204
198
181
173
177
187
198
199
191
180
169
162
155
156
162
165
164
160
159
157
151
146
142
143
137
128
122
110
96
81
64
46
26
27
33
44
60
77
93
107
118
126
131
135
136
141
147
153
161
163
161
158
157
153
152
146
147
146
145
146
146
140
128
120
112
107
106
100
91
83
80
81
85
90
94
97
109
130
148
158
158
156
153
160
172
186
196
200
194
183
173
176
190
199
200
192
173
163
165
178
191
190
173
151
135
128
127
129
134
138
138
139
141
141
137
132
128
131
132
129
123
111
99
84
66
47
19
21
32
46
65
84
101
114
125
132
139
142
144
146
150
154
158
158
150
147
148
148
150
147
151
153
159
161
159
152
142
138
132
123
115
109
100
92
88
88
88
87
89
91
99
113
126
133
137
139
142
153
171
184
194
198
191
180
169
171
185
195
197
186
164
153
152
164
175
167
141
114
102
101
104
102
104
107
107
108
110
111
109
109
107
110
117
122
121
112
101
86
65
46
21
24
31
48
68
88
108
122
132
139
143
148
149
150
151
151
153
150
141
139
143
146
149
149
154
158
163
164
165
162
161
164
162
151
141
129
117
109
106
105
99
90
88
89
92
100
108
114
117
120
132
149
169
183
191
195
188
175
166
167
181
191
190
176
149
138
136
144
147
132
103
81
73
78
82
79
78
79
80
86
93
96
94
100
101
100
104
110
115
112
102
89
66
44
26
29
33
50
73
95
115
129
140
145
147
152
153
153
152
151
151
147
142
140
143
147
152
151
159
166
167
169
175
179
181
188
192
187
173
159
143
130
124
122
115
104
96
93
93
96
101
105
109
112
125
145
167
179
188
194
189
178
169
169
181
186
180
160
132
120
123
125
119
103
78
60
55
58
61
61
66
70
77
86
97
103
101
108
106
102
100
101
106
108
102
93
70
43
27
29
38
55
79
102
123
138
146
152
151
156
156
156
155
154
153
149
143
140
144
148
153
156
166
177
177
180
187
188
182
184
190
191
189
179
170
160
150
142
130
116
105
100
96
97
101
104
109
113
124
142
164
175
186
195
194
183
176
175
184
184
171
148
119
109
107
106
100
89
72
61
56
56
58
64
75
85
91
97
104
107
108
111
106
103
100
99
103
105
101
95
74
41
25
33
47
65
89
111
129
144
153
156
156
157
159
164
162
158
156
149
144
143
144
148
157
170
179
181
177
186
191
193
195
195
193
194
193
189
179
165
150
142
131
120
108
106
102
100
102
104
109
116
122
137
154
168
181
192
199
194
188
187
192
183
162
137
110
99
98
95
89
80
68
61
67
76
82
87
92
100
107
111
118
121
119
115
114
112
104
100
99
99
96
95
80
40
26
37
53
74
100
120
138
151
157
158
158
159
161
168
167
162
158
153
149
146
148
158
168
175
178
179
183
189
194
198
199
197
195
196
199
195
187
179
161
146
137
125
115
109
101
100
103
107
111
115
124
137
152
166
180
193
202
200
197
193
197
187
159
128
100
89
89
88
82
75
71
73
84
99
105
117
128
137
142
143
143
138
136
129
123
116
106
101
99
97
94
93
81
45
26
41
57
79
105
122
137
151
158
161
160
162
163
170
172
164
160
159
152
149
153
165
172
177
182
184
187
188
188
183
180
181
185
186
189
185
177
167
155
145
140
129
120
112
104
102
104
106
110
116
125
138
152
167
181
195
206
205
203
196
201
190
155
117
89
82
80
79
74
73
80
90
102
117
130
141
150
155
157
156
154
147
146
138
131
122
110
103
99
95
92
91
86
52
28
45
66
89
112
125
140
154
161
164
163
165
164
170
171
162
157
159
152
153
158
165
168
171
177
180
178
163
150
142
137
138
141
142
142
138
137
127
130
126
125
122
117
114
109
106
104
103
106
114
124
137
154
171
185
198
207
207
206
197
201
189
148
104
79
77
78
79
74
79
94
105
115
127
146
155
159
163
164
166
166
162
152
147
143
133
118
106
99
93
90
93
93
61
33
50
74
99
121
133
147
159
163
165
167
169
167
171
171
160
153
153
152
157
164
167
167
166
156
144
119
99
89
95
99
97
95
94
95
91
98
90
100
94
91
98
103
106
106
105
104
102
106
114
120
134
153
175
190
202
210
210
212
200
201
184
137
89
66
71
76
81
81
88
104
116
127
140
151
157
164
171
173
171
168
163
153
149
145
138
125
113
101
92
90
93
98
68
38
54
77
103
123
134
145
157
164
169
173
175
173
175
174
165
159
154
151
158
165
167
164
152
123
93
78
75
77
83
86
84
79
75
66
64
70
62
66
67
68
76
85
91
94
97
100
103
107
112
119
132
152
177
195
207
216
214
213
203
199
176
127
78
56
67
73
82
90
100
113
121
129
138
144
151
159
169
173
170
168
163
157
149
142
137
129
121
108
95
90
94
103
76
37
53
80
107
126
134
145
155
164
174
177
177
175
175
175
174
172
162
157
160
162
155
141
118
87
61
57
65
65
56
46
42
43
46
37
31
39
58
54
60
65
68
75
81
85
88
92
100
106
111
118
132
154
181
200
211
218
216
210
204
197
171
123
77
57
72
86
91
99
106
112
112
110
109
107
115
123
133
143
152
161
163
156
147
139
133
127
122
113
102
93
97
110
89
35
50
79
109
131
138
146
151
158
170
176
174
171
171
175
182
182
171
166
166
160
142
112
83
62
50
49
46
37
25
15
13
25
46
20
9
19
79
71
64
64
63
74
82
85
84
88
96
105
109
119
133
157
185
204
214
218
214
210
207
199
170
125
80
61
78
80
76
73
75
77
73
62
52
47
55
61
69
82
102
124
133
135
129
126
124
120
120
117
111
99
99
116
98
32
49
80
115
136
139
143
148
158
169
178
181
178
172
169
168
170
176
170
168
152
121
96
67
48
39
31
24
25
23
10
14
43
70
31
17
51
112
94
74
66
59
64
73
82
85
88
97
106
115
123
138
162
184
201
211
212
218
213
209
200
177
129
87
67
74
69
69
60
60
56
46
37
37
40
26
25
26
33
48
61
78
88
100
102
104
107
114
120
112
103
99
116
106
35
53
87
121
138
139
141
147
158
168
178
184
184
179
171
165
160
159
160
148
130
105
82
61
54
51
46
57
71
75
68
67
75
80
60
74
88
117
113
98
76
69
71
78
88
93
98
102
108
116
125
139
162
182
197
207
211
217
214
209
200
179
137
96
68
65
66
57
50
58
48
29
24
33
48
20
8
8
13
20
24
35
45
56
65
73
90
110
120
118
106
105
122
112
39
59
89
122
137
137
142
147
151
156
162
168
175
179
180
179
170
157
137
118
101
93
81
80
82
84
93
111
130
134
131
130
128
124
119
129
134
143
142
135
123
118
111
113
115
115
112
107
111
121
129
142
163
182
193
204
209
217
218
211
201
181
143
106
72
61
57
46
48
66
59
37
30
40
59
27
11
16
29
34
23
19
20
23
31
45
73
100
109
108
111
115
130
119
46
68
101
123
131
132
137
141
144
144
142
147
155
163
169
173
163
145
121
103
89
101
117
136
135
127
138
154
169
177
177
175
175
177
174
166
167
169
161
159
163
159
148
144
142
139
129
117
118
131
135
145
164
181
193
204
211
217
217
211
200
177
142
112
85
76
69
64
72
93
92
82
74
74
80
57
42
41
50
58
47
36
22
20
25
35
59
91
106
114
118
127
139
126
54
77
114
128
134
138
142
140
139
138
135
142
152
157
159
163
161
153
139
121
101
113
146
176
173
162
168
175
182
186
188
189
192
196
195
191
187
176
169
164
163
160
153
150
150
151
146
136
132
137
142
148
166
182
195
207
213
218
214
210
198
172
137
115
102
105
99
100
107
119
124
130
130
129
120
111
101
93
91
92
86
77
57
43
33
34
57
90
108
120
123
134
137
120
59
81
118
131
139
142
145
143
146
150
150
159
170
173
174
180
185
187
180
173
155
152
171
189
187
183
181
184
186
188
192
197
198
197
194
190
182
169
161
151
143
141
138
138
141
148
153
153
148
144
146
149
167
184
197
210
216
218
215
210
198
171
136
117
116
128
122
125
131
139
143
154
160
167
154
150
146
141
135
131
125
118
98
78
57
53
66
87
103
112
119
125
119
105
62
82
117
129
137
140
143
148
157
164
168
174
179
184
186
187
190
196
200
193
179
161
157
162
174
182
195
194
195
194
190
186
178
168
169
158
152
146
140
135
128
129
130
137
142
146
156
163
160
152
148
151
167
185
197
210
217
217
214
208
198
175
141
124
120
134
130
134
140
146
149
157
162
174
177
172
167
165
158
151
145
138
129
116
99
86
79
81
93
102
115
115
108
102
65
83
105
124
137
147
152
154
158
157
158
164
171
177
181
180
182
190
190
187
190
182
170
163
168
170
162
155
153
151
142
136
133
129
128
125
121
123
129
136
132
137
145
159
165
162
166
170
165
153
148
150
167
184
196
209
216
216
211
205
195
178
149
129
123
134
131
133
137
140
141
145
147
160
169
175
179
177
167
156
147
138
129
118
102
98
98
102
112
118
125
119
112
110
65
82
102
117
132
137
139
139
141
142
148
156
165
171
175
176
177
178
184
188
197
188
176
152
144
137
123
118
115
117
112
106
106
114
115
118
117
121
137
154
163
167
179
184
184
177
172
174
168
155
152
157
168
182
195
207
216
216
213
210
195
179
150
135
130
141
139
134
129
131
133
132
131
134
146
156
162
165
166
160
149
142
136
134
133
140
147
145
137
133
129
123
114
117
61
82
97
112
125
130
128
126
128
133
142
156
169
173
171
170
174
178
186
190
200
186
165
134
119
109
111
106
104
108
113
118
123
128
134
136
136
140
156
176
190
195
198
199
194
186
180
178
172
162
155
161
171
182
192
204
215
218
218
213
198
184
152
136
132
145
151
152
149
144
140
132
121
114
111
117
127
140
152
153
149
145
148
153
162
168
166
159
152
146
138
126
117
121
53
78
91
105
118
123
120
118
123
132
144
153
161
164
166
171
180
186
191
195
205
197
182
156
143
134
130
127
124
124
131
142
150
151
154
154
156
160
173
190
202
204
201
199
196
191
182
177
169
161
160
166
175
185
192
203
215
222
220
214
202
190
151
136
132
145
154
163
165
158
153
148
137
124
101
95
95
103
115
127
139
146
156
165
174
170
158
153
152
149
139
123
116
120
50
79
92
103
114
122
121
122
129
141
149
149
150
156
165
176
186
191
196
197
206
208
207
196
189
181
170
169
162
154
152
156
160
160
164
167
176
183
189
199
207
205
198
196
197
193
183
173
167
163
164
170
179
188
194
205
216
222
220
215
205
195
154
135
131
143
156
168
171
165
164
167
160
149
116
101
88
83
84
97
116
127
134
138
143
139
134
144
154
153
146
131
127
120
52
82
94
102
113
123
128
130
137
147
148
150
154
163
171
177
181
185
191
192
200
208
214
213
210
206
203
199
191
180
172
170
171
172
180
185
194
201
201
204
206
205
201
199
199
196
184
173
169
170
168
172
180
190
196
205
214
219
217
213
204
197
159
139
131
140
157
168
172
169
169
173
169
161
151
139
125
112
101
99
101
101
106
105
110
119
136
161
172
165
152
140
140
121
57
81
92
99
111
123
132
136
140
148
151
154
162
171
176
176
175
174
177
176
182
189
195
201
207
209
210
205
200
195
192
191
192
194
200
203
209
209
204
201
202
201
200
200
202
199
187
177
174
175
171
173
180
190
197
205
213
216
214
208
201
193
165
144
135
138
152
162
170
173
175
176
171
164
156
149
143
138
133
127
120
113
109
106
112
132
161
185
188
176
161
147
143
122
64
82
93
100
111
123
131
136
139
145
154
160
166
171
173
173
169
165
163
161
161
164
167
176
187
194
196
195
195
197
200
202
204
206
209
212
213
210
205
202
201
203
201
202
203
201
193
186
183
180
175
175
181
190
197
206
214
218
214
207
198
189
170
150
140
141
150
161
170
176
181
181
176
171
166
161
155
155
156
151
146
144
142
143
151
165
183
191
186
176
169
156
147
130
71
87
99
107
115
123
129
133
137
142
154
164
171
170
167
166
161
156
160
157
157
159
161
169
178
184
189
192
198
202
204
204
206
208
210
212
212
208
206
201
199
203
205
203
200
197
192
189
187
184
179
178
182
190
198
208
217
222
220
210
199
187
175
157
147
146
148
158
168
175
183
186
186
184
177
174
169
170
173
167
162
166
177
187
195
198
193
181
170
164
159
154
147
135
77
89
104
112
121
123
127
130
132
141
152
166
168
165
165
158
151
154
160
167
172
175
181
188
197
203
205
206
210
212
211
213
214
214
215
214
209
205
204
199
199
203
207
204
199
193
187
187
188
184
181
181
184
192
200
207
216
222
223
214
204
192
179
168
157
149
145
154
161
170
183
193
196
195
193
184
182
180
181
189
191
191
194
201
197
190
182
165
150
144
144
144
146
141
82
94
107
115
120
120
122
127
132
142
156
164
162
157
156
152
151
156
172
181
190
195
202
208
215
219
218
218
221
222
221
221
222
219
219
218
214
211
206
201
200
201
198
189
180
175
171
175
180
179
181
182
186
191
196
203
212
220
221
215
208
199
186
175
163
152
145
149
156
169
184
192
195
195
198
192
189
186
189
195
198
198
197
202
195
181
169
155
145
137
131
134
140
138
90
102
110
117
121
117
120
127
134
146
157
161
160
158
157
158
164
172
190
199
206
210
214
217
219
223
225
223
224
224
223
221
220
218
215
214
216
213
207
201
196
194
186
172
160
155
157
163
169
170
177
180
185
189
191
196
207
215
219
215
210
203
189
175
160
147
135
136
149
165
182
192
195
195
198
197
191
189
193
197
200
199
196
199
191
174
159
152
147
137
129
131
136
136
94
104
110
117
121
118
121
131
137
146
152
153
157
161
164
169
179
187
199
204
209
211
216
219
222
226
225
223
223
223
219
216
215
213
214
212
214
211
202
194
187
179
171
159
149
150
156
160
162
163
168
173
180
183
187
194
203
210
216
213
209
202
188
172
156
142
128
129
139
155
172
188
198
198
195
198
191
191
195
195
197
196
192
193
189
177
164
160
156
144
133
131
134
132
99
103
108
115
120
119
126
134
137
143
146
147
156
167
173
180
189
194
201
202
203
207
211
218
222
225
224
221
221
220
215
211
211
210
209
207
206
201
192
181
172
162
154
151
152
160
168
168
163
160
162
167
173
180
185
192
201
207
211
209
206
199
186
172
156
141
121
119
130
152
173
189
196
196
198
202
196
197
200
197
195
193
193
191
191
187
178
172
166
151
142
136
132
127
104
103
106
112
118
120
130
137
137
141
146
149
158
171
180
187
194
198
200
202
201
204
210
215
217
220
219
218
218
216
211
206
205
205
203
200
198
194
183
167
153
144
142
152
165
176
182
179
172
168
166
166
170
177
184
190
199
205
208
205
202
195
185
170
152
137
117
114
125
150
172
185
191
194
199
200
200
203
204
199
195
192
194
192
194
196
190
181
173
159
151
140
131
122
104
97
103
108
114
119
130
138
139
143
148
152
160
170
177
184
190
195
196
200
201
206
211
213
214
217
215
212
212
212
206
200
198
196
197
193
186
178
164
144
130
127
142
163
182
191
192
188
183
183
179
173
172
178
183
189
198
205
207
204
201
195
183
167
146
128
121
124
128
137
150
165
181
193
191
190
195
202
204
200
195
193
192
193
195
196
190
183
178
169
154
141
130
120
106
97
99
103
109
116
129
138
140
147
153
158
165
171
176
180
185
189
193
196
200
204
207
207
207
209
207
204
203
203
199
191
188
186
181
174
160
149
136
123
118
123
148
174
197
202
198
193
192
195
192
184
177
180
185
189
198
206
207
206
203
198
187
169
146
125
118
135
141
134
134
147
164
177
182
176
187
197
199
199
193
193
191
194
195
192
185
179
178
172
161
147
134
121
107
96
97
100
106
114
124
134
142
146
154
158
163
168
173
179
184
186
190
190
196
203
201
198
197
198
195
191
192
192
187
183
179
175
166
150
136
123
118
117
115
129
156
185
198
199
197
197
203
201
201
195
188
188
190
195
202
207
210
210
207
202
193
171
144
126
126
147
152
144
137
132
141
159
169
173
181
188
189
188
189
189
190
191
192
188
180
175
172
169
162
150
136
120
112
97
95
97
103
113
124
135
143
147
152
155
160
164
170
175
180
183
186
185
188
189
189
188
188
190
185
178
176
178
175
171
167
162
147
130
116
110
113
119
126
141
162
179
186
191
197
201
207
208
204
201
198
198
202
208
211
211
212
212
210
205
195
177
154
139
139
157
163
158
146
130
130
142
159
166
174
177
176
174
177
181
185
186
186
183
175
172
168
164
160
151
139
121
114
99
95
96
100
111
123
134
142
147
149
152
156
161
167
173
179
183
182
180
178
179
178
180
184
183
178
170
165
166
163
155
146
137
127
113
108
113
125
132
138
146
155
164
170
180
190
196
201
203
207
206
202
201
205
212
214
213
212
214
211
205
195
180
162
151
149
160
164
163
151
130
124
129
144
152
159
162
166
166
168
174
179
181
180
176
169
168
166
161
156
151
139
121
114
103
100
98
100
110
121
132
140
145
149
150
152
157
163
170
177
181
179
176
173
172
171
175
177
175
167
159
153
153
149
138
123
113
107
105
112
127
145
151
152
145
150
157
165
170
174
181
189
196
204
203
200
199
204
212
218
219
215
216
211
203
195
182
167
158
155
157
158
157
144
125
117
114
125
138
146
151
159
164
164
168
173
175
174
169
164
165
163
157
150
145
135
120
113
107
104
101
101
109
119
128
137
142
150
148
148
152
158
164
170
174
174
171
170
167
165
166
165
161
155
148
140
137
134
123
113
107
108
116
129
145
162
167
164
142
133
140
155
159
160
167
173
181
188
187
187
191
199
209
216
219
216
215
208
201
195
184
169
158
152
153
152
144
128
114
108
101
102
120
132
137
146
153
157
161
166
167
169
166
162
161
159
151
143
138
130
118
112
110
106
103
103
108
116
124
133
141
146
144
144
147
153
158
164
168
168
166
166
164
162
160
157
151
148
140
129
124
121
116
113
116
124
137
153
164
177
181
176
141
117
114
126
131
138
147
151
162
174
173
175
181
191
201
208
211
212
211
205
198
194
184
166
153
143
144
141
125
104
100
107
101
93
106
116
124
134
145
150
153
157
160
163
161
159
159
153
145
138
132
126
114
113
113
109
106
106
110
115
121
129
138
141
140
141
145
148
152
158
162
161
160
160
159
154
151
147
142
137
130
121
119
120
120
124
132
141
156
169
177
188
194
191
152
109
81
77
83
94
108
120
142
142
152
164
174
182
191
196
198
198
197
191
187
184
174
155
139
128
124
117
99
81
92
113
112
106
105
107
114
125
135
141
145
151
152
153
154
154
154
149
143
136
130
121
107
116
117
112
109
109
112
115
119
127
136
139
140
142
144
145
145
150
156
153
153
153
151
146
139
135
131
127
123
119
123
131
135
142
154
166
175
183
185
195
202
206
165
118
70
51
47
47
45
47
68
86
112
141
158
165
171
175
176
174
174
169
166
164
153
132
115
106
99
91
80
73
97
127
128
121
112
108
111
115
121
130
139
147
145
146
147
147
149
147
143
138
129
118
99
117
120
116
111
109
110
114
121
129
134
136
136
135
142
141
141
140
148
149
146
149
145
134
128
120
117
117
120
129
142
151
155
164
174
180
184
183
184
189
197
201
181
140
89
63
52
44
36
27
37
46
74
107
128
134
137
140
142
141
138
135
135
135
128
110
91
76
67
57
60
83
110
127
138
136
127
111
103
106
110
117
127
135
139
140
139
143
145
141
138
134
128
112
97
118
120
117
111
110
113
118
123
129
132
132
133
133
139
138
137
136
142
143
141
141
137
126
118
114
118
126
134
147
158
166
173
180
186
183
186
182
186
187
190
194
181
157
114
91
80
71
59
47
51
47
55
72
90
105
114
116
116
116
110
109
111
108
95
75
56
40
36
39
57
90
120
133
140
142
140
131
120
109
100
102
112
123
131
137
137
139
140
135
129
126
120
106
92
119
119
118
111
109
115
120
123
126
128
129
132
133
136
135
135
134
139
139
135
134
127
119
115
119
132
143
155
166
170
175
183
187
189
189
187
185
189
186
182
188
184
169
138
117
108
100
91
84
83
76
69
64
65
77
87
94
95
92
86
84
83
74
58
41
30
21
26
42
69
104
131
140
144
150
149
145
136
121
104
97
99
108
120
130
133
133
133
128
121
117
111
101
87
120
121
119
110
109
116
122
123
123
124
127
131
133
134
134
133
134
137
136
133
128
121
119
123
134
151
166
173
176
174
174
183
188
188
191
187
186
189
184
178
183
187
179
161
143
134
124
113
107
102
101
93
78
63
52
50
54
57
52
53
56
53
43
30
24
23
38
47
66
89
115
133
139
145
149
150
148
143
133
121
107
100
99
108
120
127
126
125
121
116
110
104
96
81
121
123
120
111
109
117
123
124
125
124
127
130
131
130
130
129
131
134
132
131
124
117
121
135
151
167
175
175
172
168
169
176
183
188
186
185
185
186
182
178
181
186
187
181
170
160
148
133
123
114
119
119
108
84
60
45
38
35
31
31
31
27
27
39
60
74
76
83
95
108
120
129
133
139
141
145
147
144
141
135
122
107
95
99
109
118
119
117
114
111
106
97
88
75
121
122
119
111
109
116
123
126
128
128
128
129
130
128
129
126
128
131
128
128
124
119
129
150
165
175
172
169
165
163
164
169
177
182
184
184
184
182
181
181
184
188
189
189
184
178
167
154
144
136
131
130
121
104
86
73
62
54
55
53
49
46
49
65
83
91
100
102
109
114
121
126
128
132
138
140
141
141
145
150
139
120
99
94
99
109
112
112
111
108
105
95
83
70
120
121
117
110
108
114
121
127
130
129
130
130
132
130
132
129
132
135
129
130
131
129
139
160
170
171
164
162
161
161
163
167
173
179
180
179
178
176
178
182
185
190
192
191
187
182
176
168
158
154
144
136
125
117
111
106
100
97
102
96
86
80
84
95
106
108
102
103
109
114
120
124
127
133
138
139
139
138
144
153
150
136
115
100
97
101
105
111
112
109
104
93
79
73
118
119
116
110
108
113
121
127
130
130
131
130
133
132
136
133
137
141
135
134
138
137
144
161
165
160
153
153
155
157
159
163
169
175
175
174
171
169
174
181
184
189
190
187
187
181
179
174
165
162
153
141
129
125
124
121
120
120
124
117
110
106
107
115
119
117
111
114
117
119
121
123
126
134
138
140
142
137
137
148
154
150
134
114
100
98
101
109
112
107
100
89
76
75
117
117
116
103
106
113
119
127
129
131
132
133
135
131
138
142
144
148
142
141
143
144
146
160
156
152
148
147
149
154
160
162
165
171
171
169
164
165
170
176
181
183
185
186
184
180
176
173
173
172
163
151
135
122
121
123
124
124
126
125
124
122
123
125
127
126
126
128
129
128
124
122
126
131
137
143
144
139
136
142
149
153
145
126
106
95
102
109
110
104
97
81
73
82
116
119
117
102
102
110
117
125
129
131
136
137
138
134
142
148
150
153
149
148
147
146
147
156
149
145
143
146
149
152
158
160
160
161
162
162
159
158
163
168
172
176
177
182
185
185
183
181
180
181
180
172
160
148
138
134
135
138
140
137
139
140
137
135
134
132
129
130
130
126
123
122
124
128
131
139
144
141
135
135
142
149
144
130
113
102
107
109
108
102
89
77
74
91
118
124
115
100
97
105
115
124
128
131
138
140
142
136
143
150
154
157
153
151
149
148
146
149
142
140
141
148
151
151
155
157
153
148
150
151
150
151
159
166
170
173
179
185
192
195
193
191
190
191
186
183
176
164
153
147
148
153
154
150
149
149
145
146
146
143
133
134
130
125
121
120
122
123
128
133
141
144
140
136
137
141
138
130
119
111
115
115
112
103
91
76
75
97
122
122
112
98
94
102
113
122
129
133
140
143
145
136
138
145
152
155
155
153
150
148
145
144
139
139
143
149
150
149
149
148
143
139
141
143
143
148
158
168
172
173
179
188
196
199
196
193
189
187
188
185
183
178
169
161
158
160
159
157
158
156
152
152
151
145
140
141
139
130
123
121
121
120
124
130
138
143
143
137
133
131
129
125
120
115
121
122
117
106
96
78
76
101
126
122
109
97
91
99
111
123
131
136
143
146
149
137
133
138
148
153
157
156
152
148
146
140
137
139
143
146
146
145
143
139
136
136
143
145
147
151
162
169
169
166
170
180
187
187
183
181
176
170
170
173
178
182
183
179
176
175
167
160
155
152
149
147
145
142
141
144
144
136
128
121
117
115
119
126
135
141
140
137
131
127
127
124
120
117
125
127
120
107
93
76
74
107
125
119
111
99
89
94
109
122
134
139
143
147
152
139
131
134
146
154
160
160
154
148
147
136
133
133
137
137
140
142
139
131
129
134
137
141
144
149
158
163
160
156
148
152
153
149
147
150
149
146
146
150
154
158
160
161
161
161
158
144
132
130
128
122
122
128
129
134
138
135
127
119
114
111
115
118
123
130
135
137
133
128
127
125
123
122
130
133
124
108
89
73
73
110
118
118
111
101
86
87
103
120
135
140
144
148
154
143
132
133
146
155
162
163
155
148
147
134
129
126
127
126
128
131
124
107
98
101
107
111
112
108
109
107
104
100
107
107
107
104
105
109
114
118
122
124
126
127
130
136
139
141
130
122
113
114
115
107
100
102
106
111
114
116
115
111
110
110
113
108
108
114
124
129
129
125
126
126
125
124
131
133
122
104
83
69
70
112
110
115
110
99
80
79
97
116
133
138
145
148
156
145
134
133
146
155
163
163
156
149
150
136
129
122
117
116
116
115
101
76
59
56
59
67
70
68
69
72
75
76
70
73
78
84
88
90
95
101
102
104
103
102
104
108
107
104
101
100
90
87
91
86
75
73
79
81
85
89
92
95
98
101
109
102
99
103
109
113
116
119
123
124
124
122
128
127
114
94
76
64
70
118
111
112
115
109
91
81
92
113
133
139
142
149
160
150
136
137
143
156
162
165
157
151
150
141
130
122
116
115
113
107
87
63
51
45
44
41
47
52
52
58
60
78
83
79
88
102
102
93
90
93
100
97
89
83
84
86
85
82
81
76
76
72
70
71
64
63
58
60
60
59
59
63
68
77
82
85
85
88
97
101
105
114
120
127
120
115
121
121
105
88
69
63
73
122
110
109
112
107
92
80
87
105
127
135
144
151
160
150
137
136
142
153
163
167
159
152
150
144
135
128
121
117
111
107
99
92
91
89
83
63
52
53
53
62
76
107
117
119
134
148
142
122
113
118
126
116
100
90
92
94
90
86
81
82
86
86
80
78
77
67
40
31
31
28
22
19
31
47
59
69
76
82
91
97
105
116
123
126
120
118
122
119
104
86
68
62
77
123
109
108
110
107
94
77
82
96
119
127
139
146
159
152
140
136
139
149
163
168
160
151
149
146
141
135
129
126
122
123
128
139
153
157
143
116
94
88
83
85
94
119
126
129
139
149
148
141
152
175
183
169
147
130
127
126
120
114
99
98
106
107
100
104
118
102
59
28
23
16
12
14
30
49
61
71
80
85
91
98
107
119
125
125
122
126
127
120
103
82
63
60
79
115
108
109
114
112
100
77
77
90
111
121
126
139
155
155
145
138
137
147
163
169
162
152
149
147
146
141
138
138
139
145
152
163
178
184
179
159
139
125
117
115
118
131
136
138
142
144
140
132
140
164
178
174
159
144
141
145
143
138
127
114
120
116
106
112
131
113
70
27
20
20
34
52
69
78
78
83
87
93
101
108
117
127
121
119
122
132
131
118
99
75
57
55
77
105
107
111
116
119
108
82
72
81
102
117
120
136
156
161
153
140
137
145
164
171
167
157
150
149
150
146
142
144
149
159
163
167
174
176
179
172
163
152
144
141
143
152
154
158
155
150
146
138
141
153
158
163
158
148
148
155
154
148
129
106
113
108
98
103
113
97
63
36
45
59
89
119
129
122
104
103
104
108
113
116
122
130
118
116
122
132
126
108
86
62
50
57
82
104
105
111
113
119
115
93
74
75
91
111
120
136
155
165
160
145
136
142
161
170
172
165
156
151
151
147
145
147
153
165
171
171
172
170
167
170
173
167
162
154
160
169
170
179
184
185
183
175
166
162
156
161
159
152
153
155
148
141
130
110
115
109
101
101
102
92
78
71
88
96
114
130
129
113
106
108
112
120
124
127
131
136
120
122
129
132
117
93
72
53
50
64
91
107
102
109
110
115
117
106
83
74
79
100
114
129
146
163
166
151
138
136
153
166
174
172
162
155
152
147
151
153
158
166
169
170
172
168
164
166
166
162
162
160
168
175
181
189
197
202
204
201
193
186
181
183
182
180
182
182
176
171
167
154
150
141
128
119
114
108
100
102
114
117
120
121
117
110
111
114
120
126
126
127
126
123
122
133
141
136
109
79
62
50
55
75
97
108
98
108
108
110
113
114
92
78
71
91
103
116
135
159
171
156
138
132
146
162
175
178
168
158
154
149
150
156
161
164
165
168
174
172
167
167
163
157
161
162
167
164
173
179
186
192
197
203
203
198
192
190
187
187
187
183
179
179
172
171
161
153
138
123
119
115
110
113
116
120
119
112
109
114
118
121
126
129
131
133
126
115
121
139
150
139
105
72
57
48
61
83
100
106
91
103
104
106
111
120
103
88
70
82
93
107
127
152
175
161
143
116
141
157
172
177
172
164
159
158
157
156
159
164
165
166
170
177
174
169
161
155
154
158
165
170
172
174
178
185
191
194
195
196
192
188
188
186
183
185
185
180
177
171
162
152
138
125
119
119
118
117
116
112
110
112
113
116
121
126
133
134
138
131
122
112
125
142
144
130
92
65
56
57
70
90
100
102
78
95
101
101
108
114
114
97
77
76
88
102
121
147
172
170
148
120
131
150
168
174
170
167
164
164
164
161
161
163
164
165
168
173
175
170
161
155
153
157
163
168
169
169
171
174
178
181
183
185
183
181
181
180
177
177
176
170
161
158
151
142
135
129
124
120
115
112
111
107
110
117
118
119
122
128
137
142
141
130
124
125
142
145
131
110
78
59
58
65
78
96
103
103
90
89
96
98
100
103
110
101
84
77
85
100
116
139
164
174
153
127
123
142
162
170
170
169
170
173
173
167
163
161
162
165
168
171
169
166
162
159
159
161
163
165
166
165
164
164
166
168
170
171
168
169
173
175
175
173
169
165
155
154
149
139
133
130
124
117
111
109
108
106
110
119
122
123
127
132
138
144
137
126
127
142
156
147
117
89
68
61
67
74
89
105
109
105
129
91
87
98
101
103
105
102
88
78
78
90
107
125
153
170
160
142
123
135
154
167
172
171
175
178
181
174
165
159
160
164
168
171
166
165
163
163
165
165
164
162
160
159
159
159
159
158
155
153
153
155
161
162
157
151
147
143
141
141
138
130
125
122
118
113
105
107
113
112
112
115
119
124
130
136
138
140
131
127
134
153
160
142
103
74
67
74
81
86
97
108
111
108
174
105
86
96
105
103
102
101
94
84
76
82
97
111
143
161
161
152
127
127
144
163
176
174
177
178
184
178
168
160
159
162
167
170
170
166
162
159
160
159
156
153
151
151
152
156
157
154
146
139
136
137
137
134
130
121
117
118
122
122
122
119
115
111
110
109
103
106
114
116
114
115
120
129
133
139
136
133
128
135
145
159
154
126
88
67
72
83
92
100
100
107
108
107
208
135
95
85
102
97
101
100
106
95
78
78
85
99
133
152
163
158
131
120
132
156
175
173
176
175
180
176
169
162
157
157
160
163
166
162
157
154
152
150
144
138
137
138
141
146
150
148
141
132
122
119
113
108
104
99
100
106
115
114
114
113
108
103
104
107
106
107
113
116
116
119
125
134
138
138
131
125
129
145
156
157
137
102
78
74
84
88
95
104
104
107
106
106
231
177
110
76
95
97
101
101
108
99
78
76
74
87
116
138
158
159
135
116
122
143
166
168
172
171
175
173
170
166
159
154
153
154
157
155
152
152
149
145
138
133
129
129
129
132
135
135
130
123
116
110
101
97
97
96
99
106
111
109
108
108
107
106
107
110
111
112
114
113
114
122
128
135
135
130
128
128
139
153
155
142
112
83
76
85
93
92
94
100
104
108
107
109
247
214
132
79
89
95
91
96
104
103
83
81
70
77
95
117
142
148
139
115
115
132
155
161
169
169
173
173
173
171
164
156
151
150
156
154
152
150
148
145
142
139
137
134
130
127
127
127
123
118
113
107
100
100
107
109
114
122
118
113
110
110
111
111
110
111
113
115
116
109
109
119
125
129
128
122
129
139
154
159
150
123
96
74
78
89
95
94
95
96
100
105
108
115
250
242
169
105
75
92
94
93
99
101
97
80
75
74
75
102
127
141
139
125
114
118
139
148
162
167
173
176
176
174
168
164
161
155
157
155
156
156
151
147
148
151
149
146
139
131
126
124
123
122
121
119
116
114
115
120
124
125
123
119
117
116
115
117
116
113
118
119
116
112
115
121
124
126
123
125
141
157
168
157
132
103
81
80
88
90
90
93
95
99
103
103
108
113
239
247
215
149
75
78
97
95
97
94
97
90
81
75
73
92
113
138
146
129
108
105
114
133
145
161
171
178
179
175
170
169
168
165
162
157
155
155
152
149
148
149
147
146
142
135
131
126
126
127
132
131
130
127
127
132
134
133
126
123
122
123
120
119
118
115
121
123
121
118
121
127
128
127
129
138
157
170
168
143
110
84
77
85
95
91
85
92
97
101
106
107
110
112
201
243
246
197
107
78
89
94
96
94
94
95
88
80
76
82
98
127
144
137
117
106
97
122
132
153
169
181
181
177
174
175
176
173
169
162
157
153
149
147
145
144
139
140
138
135
131
128
132
137
144
146
146
143
142
146
146
140
133
129
128
128
125
121
120
120
124
126
125
125
130
133
132
130
136
150
164
167
148
115
85
71
79
87
92
88
90
98
102
105
108
109
110
107
139
224
245
224
163
101
78
87
93
95
92
94
87
82
78
79
89
112
132
148
135
120
102
124
134
151
170
181
182
179
180
177
174
173
172
168
163
154
145
141
140
139
132
132
132
133
133
135
144
153
160
163
164
161
158
157
154
147
144
140
137
133
128
127
129
131
129
131
131
132
135
135
133
132
142
155
158
148
119
91
73
75
84
86
87
90
98
103
102
105
105
103
97
85
77
187
229
234
207
138
84
77
82
100
97
91
82
81
76
78
85
95
117
148
147
136
119
125
140
153
171
178
178
182
186
179
171
168
173
174
173
163
149
142
144
147
138
137
138
143
146
153
163
173
179
179
181
180
175
169
163
157
154
151
147
141
136
140
144
144
139
137
135
137
137
133
132
136
145
150
140
121
95
79
70
74
83
91
96
98
99
97
100
107
102
88
68
48
41
133
206
244
238
188
120
72
67
94
100
92
80
78
71
74
80
82
96
132
147
147
133
119
136
153
165
168
170
179
185
180
173
168
174
179
183
177
163
156
159
165
159
159
161
165
172
178
186
192
195
193
194
193
187
178
171
165
158
157
154
150
147
152
155
153
146
142
138
137
135
131
133
140
145
137
118
98
82
76
72
74
85
101
109
106
99
98
104
108
93
70
41
20
33
77
159
225
247
232
176
104
70
72
90
91
83
79
68
68
72
71
76
105
128
138
136
115
125
142
152
154
158
168
177
178
178
174
176
180
187
188
182
175
176
179
179
180
182
186
190
195
199
202
201
198
196
194
190
184
176
168
159
158
157
155
156
159
160
156
148
146
141
136
133
130
131
136
135
120
103
87
79
80
85
86
95
109
114
109
103
104
109
103
82
51
21
8
38
47
103
180
231
250
227
162
96
56
74
88
86
81
68
64
64
64
66
83
102
116
129
117
117
127
140
143
148
159
169
176
183
181
178
180
187
194
192
188
186
186
186
187
190
192
195
200
202
203
201
198
194
191
189
188
179
170
161
158
157
159
161
161
161
157
151
151
146
138
133
129
126
126
115
102
93
84
81
81
93
97
106
113
113
110
106
107
108
96
72
38
10
4
44
35
64
125
200
249
237
209
156
88
71
76
82
85
72
65
63
64
64
64
83
102
116
120
110
111
125
138
148
153
163
178
186
186
182
181
185
195
201
196
188
188
189
189
190
192
194
198
204
209
202
193
187
187
190
188
180
170
162
161
163
165
162
160
159
154
153
152
145
138
135
129
119
111
103
92
87
81
80
84
98
105
107
115
112
112
107
108
101
82
51
27
10
8
45
40
47
82
161
240
249
239
206
149
81
67
80
86
82
67
60
63
67
63
72
86
102
114
111
108
112
124
139
148
155
166
178
184
185
184
185
190
196
196
190
186
186
188
189
188
187
190
194
199
195
189
187
189
189
185
178
170
168
168
166
166
163
160
157
154
153
149
142
136
133
124
111
101
93
86
77
74
78
89
99
103
104
111
114
117
112
106
92
65
35
22
13
14
46
46
40
50
111
195
241
251
243
211
159
97
55
68
86
78
72
60
59
62
70
77
86
99
105
101
97
105
119
133
142
151
165
177
182
181
181
186
194
193
187
182
184
187
187
185
182
184
187
189
192
191
194
196
191
183
176
171
171
171
167
165
164
160
156
154
153
145
137
131
126
115
99
87
85
79
68
71
81
98
101
102
100
106
116
122
117
104
78
44
16
15
16
19
46
50
45
42
70
134
223
246
250
243
214
156
110
77
66
81
68
63
64
68
69
68
70
85
99
98
90
87
96
114
130
139
151
164
177
177
178
185
193
193
187
183
182
182
182
181
181
181
182
185
189
191
197
199
190
176
169
165
168
168
164
161
163
159
153
152
151
141
131
123
112
100
85
76
70
63
57
70
90
102
101
101
101
104
118
123
121
101
66
29
6
11
17
18
46
53
51
43
43
80
191
229
245
250
240
212
175
124
78
73
70
76
73
71
65
62
65
76
89
91
91
82
84
101
117
126
135
147
165
169
170
173
181
188
189
188
178
174
172
176
177
176
177
180
182
185
190
189
179
169
163
161
164
164
159
156
157
154
149
149
147
137
128
116
100
83
71
64
56
50
56
78
103
105
101
102
104
106
117
123
119
97
54
21
5
10
14
14
50
52
53
50
39
44
122
192
240
253
251
245
219
187
135
79
78
77
71
69
66
60
58
62
72
83
90
84
84
95
104
110
119
128
145
156
158
153
158
173
183
184
172
167
165
169
171
170
169
171
173
176
179
177
169
162
160
159
159
157
152
149
149
148
145
144
140
131
122
110
89
72
62
56
51
50
67
93
113
105
100
101
105
107
115
120
113
90
40
14
7
10
10
12
53
51
49
56
47
36
54
144
220
250
250
249
251
230
202
155
103
71
58
63
71
73
71
63
55
63
82
81
83
86
88
94
102
109
122
138
145
141
141
151
161
165
164
162
161
161
161
160
159
157
161
164
167
164
156
153
153
152
147
144
142
141
139
137
135
131
123
115
108
95
76
62
55
48
47
56
81
105
114
105
99
98
103
109
117
121
111
86
29
9
6
8
9
13
52
51
47
56
50
49
22
103
180
230
250
251
252
247
242
223
160
115
82
70
61
58
68
69
59
66
69
74
78
77
77
82
89
93
99
117
132
135
130
128
133
141
156
159
158
154
151
152
150
147
148
152
156
152
144
141
141
139
137
134
134
134
130
126
120
113
105
96
90
78
62
53
48
42
46
64
92
116
115
110
104
102
103
113
120
124
112
87
24
9
5
8
9
14
54
51
45
51
60
53
44
62
120
192
240
251
254
248
252
248
220
183
144
103
72
65
65
71
72
61
65
65
71
74
74
73
75
82
82
98
117
126
123
119
120
123
141
148
151
147
144
143
142
137
138
139
138
134
131
129
129
129
125
125
124
121
118
112
104
97
91
85
69
59
52
44
43
42
48
76
105
119
113
108
106
108
110
113
119
120
113
104
40
14
8
6
12
15
59
56
48
49
53
59
57
46
72
141
208
240
249
251
252
250
249
231
209
164
115
82
67
66
70
77
66
62
64
66
70
72
69
69
74
85
97
105
109
114
118
119
119
123
125
125
124
124
124
123
118
118
116
113
112
113
114
114
113
112
109
104
100
94
87
81
79
72
59
52
50
47
47
46
55
93
117
117
111
104
103
108
111
112
116
118
118
114
53
23
9
5
12
15
63
61
59
55
51
56
62
46
45
81
152
225
240
248
249
251
253
251
246
219
178
129
91
67
59
74
79
69
61
61
69
76
70
63
60
66
71
79
91
104
109
108
105
103
103
106
107
108
109
110
110
109
106
103
102
103
103
101
100
97
94
89
85
81
75
71
69
59
49
46
48
49
47
54
71
108
120
111
113
105
103
103
111
113
115
117
123
123
66
31
11
5
9
11
