13
15
19
16
12
11
12
11
11
13
18
28
38
45
53
59
65
68
69
73
73
76
79
81
82
83
86
86
89
90
87
82
81
83
89
91
89
87
88
87
88
93
106
114
123
130
135
140
145
151
151
149
150
147
148
152
151
152
149
140
134
132
127
117
109
105
100
94
85
73
64
60
58
55
52
45
37
28
22
20
15
10
10
8
5
4
6
7
7
7
9
8
8
8
13
15
16
15
13
12
16
15
15
17
26
36
45
52
58
64
69
73
75
77
78
79
84
86
88
92
92
90
91
91
85
77
78
85
90
93
92
91
96
100
103
109
115
121
128
134
139
144
147
151
153
151
153
151
152
155
151
151
150
142
138
140
135
125
116
113
109
100
90
81
71
65
62
58
55
49
42
35
25
20
16
12
10
7
6
6
8
8
7
7
9
7
6
8
13
17
16
13
11
13
17
18
22
26
34
42
51
58
64
67
74
76
78
79
82
85
87
91
93
94
95
93
91
90
88
85
88
92
97
99
100
102
103
108
114
116
121
124
131
138
141
142
144
147
148
148
150
149
149
150
149
150
151
147
142
141
141
130
121
121
116
110
101
91
82
73
66
62
58
53
48
40
30
27
24
14
10
9
7
8
11
10
6
4
5
4
4
7
15
17
13
9
7
8
15
20
26
33
38
46
51
60
66
71
79
82
83
84
85
88
91
93
96
97
98
96
96
95
93
93
99
105
109
110
108
109
112
116
119
119
122
126
133
139
139
138
139
140
141
141
142
142
142
144
145
146
147
144
138
137
138
132
128
129
124
118
109
101
92
83
74
67
62
57
52
44
35
34
28
15
10
10
9
9
11
10
7
5
4
3
3
5
20
22
14
11
8
10
18
26
33
41
45
50
56
64
72
76
85
86
86
86
87
88
92
94
97
97
101
102
103
104
102
104
109
114
115
115
116
118
120
123
122
120
124
130
136
139
138
136
135
137
135
136
136
137
140
142
143
142
144
142
136
132
133
131
130
131
126
122
114
108
101
93
81
73
66
62
57
50
42
40
31
19
11
11
9
9
9
9
8
6
3
2
3
5
18
19
14
13
12
17
26
34
41
47
51
58
64
72
77
80
84
84
84
86
87
90
94
97
99
100
104
107
111
112
110
109
112
115
114
116
120
123
125
125
124
121
125
130
136
140
137
135
135
137
134
133
133
136
139
141
142
141
142
140
135
130
129
129
128
127
125
121
115
111
107
99
89
79
73
66
61
57
50
44
35
25
16
14
11
9
9
11
10
8
6
4
4
6
14
13
13
14
16
24
35
43
48
52
56
62
67
76
80
79
82
83
85
88
91
95
100
103
105
105
108
112
115
115
114
113
113
114
114
119
123
126
125
125
125
125
128
132
137
139
139
137
137
138
138
136
134
135
136
138
137
136
135
134
133
130
128
130
130
128
127
124
119
115
111
105
95
88
82
74
68
65
58
49
42
37
28
21
14
12
12
15
14
11
10
7
6
9
20
20
18
20
23
30
41
49
54
59
63
66
69
75
79
79
83
85
86
89
94
100
105
108
109
109
110
113
114
113
113
114
115
115
119
121
124
125
124
123
126
130
135
137
142
142
142
142
142
140
141
138
134
131
133
134
134
133
132
131
131
128
125
128
130
129
128
125
121
117
112
107
99
93
90
83
76
70
63
54
47
46
40
27
19
16
16
19
19
13
9
8
7
11
26
28
24
25
28
34
44
53
59
64
69
71
71
77
80
81
86
89
89
93
97
103
107
109
110
110
112
115
114
113
114
116
118
117
121
122
124
125
125
126
128
131
139
141
143
143
145
145
143
141
140
138
136
134
134
134
133
132
131
131
133
131
127
129
131
128
126
124
121
116
110
106
101
97
95
91
85
77
70
62
56
55
48
34
24
23
21
21
22
16
12
13
13
13
24
26
21
24
28
34
45
55
63
68
76
75
74
80
83
84
88
90
91
94
100
105
108
110
111
111
115
117
116
115
116
120
120
119
123
123
125
127
130
131
133
135
136
138
139
141
144
145
143
140
137
137
138
138
139
137
135
132
133
133
136
136
132
131
132
128
124
124
122
117
111
107
105
103
99
99
92
84
77
71
65
61
55
38
29
29
25
25
25
19
20
21
21
16
27
27
26
33
39
46
56
64
68
69
74
77
79
79
80
82
86
92
94
100
102
104
109
111
110
112
112
116
120
123
124
126
127
125
124
127
130
133
134
135
135
134
137
135
137
141
143
145
143
138
137
137
139
138
138
135
133
131
134
136
137
137
136
134
131
129
127
128
125
121
118
115
111
106
101
98
93
88
84
80
75
69
58
48
36
32
31
29
27
20
15
21
28
26
22
23
33
40
48
55
65
68
69
68
77
80
82
81
83
85
89
94
97
102
102
104
111
112
111
111
116
118
121
123
125
129
130
130
130
131
133
136
137
138
139
138
137
135
138
142
144
146
144
140
138
136
138
139
136
131
129
130
133
134
136
136
135
135
134
133
132
132
131
126
123
120
115
110
104
99
96
92
89
87
82
75
69
56
42
36
36
36
30
24
21
23
28
29
23
25
36
41
51
62
72
75
74
73
81
84
85
84
86
88
91
96
99
104
104
106
113
114
111
111
117
119
122
123
126
130
132
133
136
136
136
137
139
141
141
141
140
139
140
144
146
148
146
141
138
136
137
138
136
130
128
131
134
135
135
135
136
137
137
136
135
135
133
131
128
125
119
112
106
101
98
96
92
92
89
83
74
65
54
47
43
41
37
32
28
26
28
29
30
33
35
40
51
64
75
78
78
79
87
89
89
88
89
91
93
97
99
103
105
107
113
115
112
112
115
119
122
125
128
131
133
133
137
137
137
138
140
142
143
143
143
142
144
147
149
150
147
141
138
136
136
138
137
133
133
135
135
135
135
135
136
137
138
138
136
135
133
132
131
128
120
115
109
106
103
98
95
95
93
90
80
71
64
57
50
44
41
36
38
34
32
30
35
39
36
43
54
67
76
79
80
84
90
92
92
92
94
93
94
97
98
104
105
108
113
115
114
115
118
121
124
127
130
134
135
136
137
138
139
141
142
143
143
144
143
141
144
147
150
151
148
142
138
138
138
137
140
141
141
138
138
137
137
137
139
140
140
139
137
134
132
133
133
131
124
119
115
113
110
104
97
95
95
93
87
78
69
63
55
50
42
36
39
39
40
36
35
37
36
46
58
68
77
80
83
85
90
92
92
92
94
95
96
98
99
105
106
108
114
116
117
119
121
123
125
127
130
133
137
139
140
140
142
143
145
145
145
145
143
141
144
147
150
151
151
146
140
141
141
141
143
147
146
143
141
141
141
142
142
144
143
141
136
134
132
132
134
132
128
123
117
116
113
106
98
95
94
93
90
83
75
69
60
53
46
42
33
36
42
43
31
34
37
46
57
66
74
79
83
85
90
91
91
92
94
96
98
101
105
109
108
109
115
119
119
121
121
121
122
125
128
131
135
138
141
142
143
145
146
147
148
149
150
148
149
151
151
153
155
152
148
148
148
149
151
152
150
147
147
147
147
147
147
147
145
143
136
133
132
133
134
133
129
124
118
116
113
107
101
97
96
94
90
87
85
78
66
57
52
49
34
34
41
46
29
30
37
47
56
62
70
77
81
84
91
92
92
92
96
98
101
104
108
111
109
109
116
120
121
123
121
120
121
123
125
128
132
136
140
141
142
144
146
148
150
152
157
156
154
154
154
156
157
155
153
152
154
157
158
155
154
152
152
151
151
150
150
149
147
144
137
133
131
133
135
133
128
124
120
118
116
112
106
103
100
97
93
91
89
85
75
64
54
47
45
39
41
48
33
41
44
53
56
62
72
77
79
86
89
92
93
93
97
100
103
106
111
111
110
109
113
119
121
120
122
118
118
124
128
130
131
134
137
138
141
145
149
151
154
155
156
157
157
155
156
158
157
158
156
156
155
155
156
158
158
158
154
152
151
150
149
148
146
145
136
134
131
131
133
131
126
125
123
121
116
111
109
107
104
102
95
92
90
86
78
66
55
47
44
39
39
39
37
44
46
53
56
62
71
78
82
88
91
93
94
95
98
101
104
107
109
110
111
112
115
119
119
117
120
119
120
126
130
131
131
133
135
138
142
147
151
154
155
157
158
160
159
157
158
157
157
158
157
157
156
154
155
157
158
157
155
153
151
149
148
145
143
142
139
136
131
129
131
130
127
126
125
121
117
112
110
109
106
104
96
93
89
85
77
66
54
47
42
34
32
35
37
43
45
48
54
62
71
78
84
88
92
95
95
96
100
103
105
107
107
111
113
115
118
122
121
119
121
121
123
128
131
131
132
133
135
139
144
149
153
155
157
158
161
163
164
162
160
158
159
161
161
160
157
157
158
159
159
158
157
154
151
146
144
144
145
146
143
140
134
132
132
130
127
126
126
122
117
113
109
107
107
105
100
95
89
84
76
67
56
47
36
28
23
26
40
43
39
43
53
65
72
77
83
87
92
95
95
97
100
103
105
107
108
111
114
116
120
124
125
123
123
123
125
129
132
132
132
133
137
140
146
151
155
156
157
159
162
165
166
166
163
159
158
161
163
162
159
159
160
160
160
158
157
155
151
148
145
144
145
145
141
141
137
134
134
131
128
126
128
123
118
114
110
107
106
107
104
98
91
86
78
70
60
50
35
25
18
20
39
41
37
43
56
67
73
77
83
88
91
94
95
96
100
102
103
105
107
110
114
117
121
126
128
127
126
126
127
130
132
135
136
138
143
148
152
155
157
157
159
161
163
166
166
164
160
156
156
159
161
161
160
160
160
160
159
157
155
153
152
151
149
146
143
140
137
137
135
132
133
131
128
128
128
125
122
117
111
108
107
108
107
101
94
87
81
73
63
52
36
28
18
17
32
32
38
47
57
65
70
75
82
88
93
96
98
98
101
103
104
106
107
111
116
120
125
129
130
129
129
129
131
135
138
141
143
145
150
152
157
159
160
160
160
162
164
167
166
163
158
152
152
157
159
161
162
162
161
160
157
156
154
153
152
150
149
147
145
143
140
141
138
133
132
131
129
128
128
125
122
118
113
109
107
108
109
105
97
90
82
77
64
52
35
28
19
15
26
29
39
50
57
62
69
75
82
89
95
99
101
101
103
104
106
108
111
115
119
122
125
129
131
131
132
133
135
138
141
144
146
148
152
154
157
160
160
160
160
161
162
164
165
164
160
154
150
154
158
160
162
162
161
159
156
154
154
152
151
151
151
150
148
146
144
145
143
138
135
133
131
130
130
126
122
119
115
110
108
108
109
107
101
93
85
78
66
54
38
30
21
19
20
31
41
53
58
63
71
79
85
91
95
100
102
104
104
105
106
109
114
117
119
120
123
128
131
132
132
133
135
138
141
144
145
146
149
151
156
158
158
157
157
157
156
160
164
165
163
155
149
149
156
158
159
159
157
155
153
151
152
152
153
155
154
151
144
139
141
143
143
140
138
136
134
132
135
129
124
121
118
114
112
111
109
108
105
96
87
80
68
56
44
35
25
21
27
38
43
51
61
68
75
82
87
89
95
100
104
106
106
105
108
111
113
115
117
118
122
126
129
131
130
132
137
142
143
142
142
143
146
151
151
154
156
155
156
152
152
154
160
162
165
156
143
146
154
156
157
154
151
151
151
148
154
154
154
156
154
151
147
146
141
140
139
142
142
139
137
137
136
131
128
127
123
119
116
112
112
107
105
97
94
85
73
60
50
40
31
23
32
37
40
53
67
74
80
84
85
89
95
99
104
105
105
107
109
110
109
109
110
111
113
115
118
124
119
122
127
133
137
137
137
139
140
150
153
153
152
152
152
148
147
149
154
157
158
151
139
144
150
150
150
148
146
146
146
144
148
149
150
153
153
149
145
147
144
142
140
139
138
136
135
136
133
132
130
126
122
120
116
113
111
108
107
99
96
88
78
63
50
40
32
26
35
39
45
60
74
80
82
84
86
90
92
96
101
104
107
108
106
103
97
96
92
92
90
89
93
99
100
99
102
109
117
123
131
139
136
149
153
151
148
149
150
146
143
146
150
153
153
146
137
140
146
145
145
145
143
144
145
146
154
156
155
155
155
148
142
145
145
142
139
135
133
132
131
130
125
125
124
120
119
120
119
115
114
111
111
102
97
90
81
64
45
35
28
25
34
43
52
66
79
84
86
85
88
91
95
100
104
105
104
102
94
86
81
80
79
79
75
68
65
69
72
70
72
81
88
95
106
118
125
136
143
145
145
151
152
147
141
145
150
151
151
143
136
136
141
142
142
142
140
137
139
145
149
154
150
146
146
139
131
133
139
135
129
125
125
124
119
114
106
105
103
105
112
116
116
114
112
111
113
104
97
93
84
66
43
30
23
22
34
45
56
70
82
89
90
90
90
91
94
101
106
103
96
89
83
80
73
74
77
78
75
65
57
57
58
56
57
60
63
65
74
83
101
108
122
135
143
149
148
142
133
138
145
150
147
141
133
130
132
137
140
137
131
124
125
134
141
148
141
132
132
128
120
119
117
112
104
102
104
105
100
92
84
82
81
86
95
98
101
106
106
108
112
105
99
96
89
72
49
33
23
21
37
50
66
76
84
88
91
91
91
92
92
98
101
93
81
73
75
79
81
85
86
84
81
76
71
71
72
65
56
51
48
51
61
73
76
80
101
121
135
142
137
131
121
128
135
144
146
139
131
123
127
136
141
136
125
112
112
120
127
130
122
107
101
94
84
81
80
74
69
71
78
83
81
77
71
73
73
76
81
82
86
98
103
105
113
109
102
101
97
79
56
37
23
19
41
58
75
81
87
88
89
90
92
95
97
95
90
81
70
65
70
78
82
88
90
86
85
87
88
90
89
79
67
57
51
52
60
67
71
70
87
105
117
125
121
114
110
119
128
140
143
137
129
118
122
135
142
134
119
103
99
107
113
110
99
83
71
59
54
53
51
51
50
56
65
72
76
77
78
81
79
79
81
80
82
91
97
99
111
110
107
106
104
89
68
43
24
17
46
62
72
80
86
89
92
94
95
97
97
89
79
74
72
74
80
86
88
101
109
108
109
115
118
119
120
114
108
100
91
82
77
74
76
71
81
90
98
107
107
102
105
113
125
138
141
136
128
113
114
130
138
129
113
94
88
96
95
90
82
71
58
48
46
49
49
49
53
61
68
74
80
85
91
93
88
84
87
85
84
89
87
90
106
109
107
110
110
97
79
52
25
13
51
65
72
80
88
90
95
102
98
92
84
82
81
83
83
90
101
104
116
124
129
133
141
151
152
151
149
141
136
128
120
113
106
97
85
74
72
75
80
88
92
93
99
112
122
133
140
136
124
109
110
124
132
121
103
92
84
88
88
79
69
64
59
57
59
67
70
78
79
81
89
98
103
100
105
108
102
91
92
90
83
85
84
86
99
105
108
116
113
107
89
64
33
15
54
70
76
81
89
94
96
98
95
93
92
93
95
98
101
101
106
116
122
122
124
131
143
158
163
161
158
148
141
136
129
121
117
111
94
85
81
76
74
77
80
84
94
109
122
130
132
136
137
126
113
124
126
111
95
83
81
88
86
85
75
75
80
93
102
116
123
130
131
130
129
136
142
135
124
120
111
101
97
93
85
85
82
81
93
100
105
113
114
110
99
74
41
18
57
74
74
83
95
100
95
88
90
94
99
100
98
101
105
103
107
120
134
126
125
131
143
161
175
178
171
160
150
144
133
124
114
104
93
89
83
76
75
77
80
85
96
100
111
126
135
149
155
142
126
131
127
113
94
76
76
84
91
98
95
101
117
134
141
150
159
162
157
149
148
160
165
150
128
123
118
117
104
94
77
75
75
72
82
94
102
111
113
109
103
82
49
20
56
69
65
74
89
97
91
85
91
96
103
102
100
102
105
106
110
119
123
121
125
131
143
166
191
197
183
174
162
149
137
130
117
101
98
92
84
78
78
77
77
84
92
99
115
133
139
147
155
153
151
145
128
108
87
78
88
99
104
111
112
120
133
152
154
151
154
157
154
146
147
162
164
140
121
116
120
128
110
98
84
79
73
67
71
83
95
110
118
116
109
93
61
24
46
55
48
55
65
78
84
90
100
99
100
99
105
107
104
108
116
114
123
128
135
139
146
168
188
192
169
163
155
143
131
124
118
108
103
96
91
85
82
75
72
81
96
106
118
134
147
152
153
152
148
149
135
110
89
86
99
107
110
112
114
120
125
145
154
152
156
160
156
144
142
150
149
131
120
110
111
121
107
103
96
94
83
75
71
73
80
98
117
120
113
101
71
27
38
45
39
46
53
65
72
86
103
101
96
97
106
105
98
105
117
114
119
121
122
122
129
146
158
156
139
137
136
130
114
102
99
100
97
94
96
94
88
78
74
81
88
103
112
121
133
147
156
159
162
151
139
116
95
90
97
108
115
117
119
122
119
128
137
142
151
158
150
139
139
142
139
130
127
110
104
107
100
103
101
96
89
87
83
80
79
94
116
122
116
103
80
36
45
52
50
60
67
71
70
80
100
99
97
99
104
101
96
104
113
112
115
112
105
101
108
118
119
111
115
111
112
108
90
79
79
83
82
84
92
93
87
78
73
72
73
79
84
96
115
134
141
133
117
100
97
93
93
100
102
110
119
120
119
121
111
105
108
120
141
157
145
127
130
133
128
123
118
103
97
94
90
99
101
94
88
89
91
95
93
101
114
114
100
86
73
40
58
67
71
79
84
85
78
83
100
96
96
99
99
98
100
105
106
103
94
91
87
90
101
108
101
91
91
85
80
74
63
60
65
68
66
69
81
85
81
78
69
61
56
63
78
94
103
112
116
102
92
70
61
52
72
107
110
108
108
108
102
103
101
94
96
120
166
186
157
107
95
100
100
98
95
84
82
77
78
92
101
97
92
90
92
99
98
96
98
89
58
46
46
29
64
76
76
84
91
94
76
77
99
95
99
102
96
90
96
98
91
86
83
80
78
79
79
71
60
51
48
59
67
57
34
48
62
57
59
59
78
86
79
79
72
57
59
74
100
115
119
127
137
142
133
110
79
52
61
97
114
115
108
94
91
88
84
82
91
118
174
193
151
84
60
56
55
61
58
59
62
60
69
89
100
97
90
95
98
107
107
88
68
58
46
39
47
49
72
78
77
85
91
88
73
75
102
102
105
103
98
94
93
92
83
70
65
63
59
56
52
46
43
42
44
76
98
75
41
55
77
76
66
67
74
76
78
80
70
60
66
87
114
131
141
147
156
163
155
142
117
85
83
96
98
97
94
84
77
68
73
89
100
113
127
133
106
65
42
31
31
37
33
35
41
43
55
82
97
100
97
104
109
115
113
92
78
81
80
74
72
73
74
83
83
87
90
85
73
74
104
108
110
103
99
96
90
87
78
63
52
46
40
43
48
48
48
48
41
47
61
65
61
72
95
99
75
66
66
67
73
79
70
61
70
96
120
132
144
152
157
162
155
147
128
99
98
94
84
80
70
70
68
61
73
97
105
108
102
85
63
47
36
31
35
34
29
29
34
36
48
73
92
101
104
111
112
114
110
92
82
98
99
95
87
87
74
86
89
89
93
88
81
76
103
110
112
105
99
95
89
87
79
68
63
54
49
57
62
60
51
46
42
47
60
65
69
76
93
94
82
67
74
76
70
74
77
74
91
110
123
130
141
154
160
162
153
139
125
100
98
89
78
72
67
69
74
72
78
89
93
97
92
77
67
60
48
41
46
43
43
41
41
40
47
65
82
95
101
108
108
107
106
91
84
103
103
96
88
90
78
86
92
91
97
95
87
75
97
111
111
109
99
91
88
84
76
72
76
74
78
87
91
86
78
73
70
72
79
79
83
90
97
89
89
76
81
79
66
67
86
107
121
121
124
129
136
149
159
161
150
134
128
104
92
81
80
78
81
80
83
85
88
89
93
104
107
101
95
90
79
72
72
69
72
66
60
53
53
60
71
85
95
104
108
108
106
96
92
105
105
92
88
91
81
85
93
94
101
100
88
70
85
102
103
105
97
88
87
85
81
81
89
90
96
103
105
101
95
93
101
98
100
101
98
91
94
97
97
91
91
86
78
71
82
114
126
120
126
137
143
149
156
157
145
129
127
108
89
79
83
84
86
85
86
92
97
101
109
120
123
118
110
107
102
94
92
92
96
89
81
71
67
69
76
88
98
108
114
115
108
98
99
104
107
90
88
91
78
84
92
95
101
102
91
74
78
93
97
99
94
87
87
94
98
99
94
97
102
108
110
109
107
106
105
109
112
114
109
105
98
95
92
94
98
93
86
66
57
79
107
113
126
138
146
151
153
155
146
133
128
113
93
84
84
89
90
90
88
92
98
102
108
114
120
124
125
125
114
100
98
100
97
96
92
90
91
94
98
108
113
117
118
121
108
98
105
101
104
92
90
96
75
80
88
94
98
104
98
86
82
88
95
94
93
90
89
102
114
113
97
101
106
111
110
108
107
108
111
119
118
118
108
103
93
92
93
96
103
98
82
65
60
80
104
124
135
138
144
151
153
153
146
138
130
115
98
90
87
98
98
97
92
94
97
99
104
109
115
116
120
126
118
108
103
96
98
100
103
105
112
115
116
125
127
122
116
120
107
98
111
101
96
91
89
100
73
78
86
90
93
97
98
96
82
91
101
100
99
96
96
105
116
118
107
106
107
108
106
110
112
109
117
122
118
118
110
109
99
102
104
107
106
92
71
57
65
93
108
121
128
139
146
148
155
157
150
139
130
122
102
88
94
101
108
104
106
104
101
100
95
96
103
108
112
115
118
115
110
105
107
110
116
123
125
128
132
137
136
125
125
120
109
100
115
103
98
91
96
97
76
82
82
86
94
99
100
97
82
87
105
104
107
107
103
102
109
119
114
113
114
115
116
117
114
109
115
118
111
114
114
120
114
117
121
122
114
93
74
65
69
88
96
112
123
137
147
153
160
157
150
139
132
123
104
86
88
101
118
116
115
113
112
111
105
98
95
95
96
100
104
106
112
120
129
133
142
144
141
136
134
135
133
127
128
124
109
109
121
105
95
92
96
93
79
83
87
88
97
101
102
101
86
82
104
108
113
112
105
98
99
107
120
120
115
110
113
114
113
111
118
123
119
123
123
131
130
132
128
122
107
87
77
77
80
91
99
113
121
131
143
152
160
159
153
142
132
121
107
87
82
100
117
124
122
119
123
123
116
104
101
97
95
97
98
99
105
117
127
132
140
146
146
142
141
142
135
126
120
116
104
115
121
98
92
94
95
88
77
82
86
84
90
96
101
106
97
88
93
107
118
118
114
107
102
103
116
116
109
102
104
110
114
120
126
133
131
132
131
139
139
138
132
116
97
84
82
81
83
93
104
114
119
132
143
151
163
168
159
145
133
120
114
97
81
93
115
130
129
125
126
129
129
119
110
104
100
104
105
101
100
106
109
109
111
118
125
130
132
133
139
128
118
112
112
121
120
96
92
94
93
86
75
79
80
79
86
89
96
103
103
96
88
105
118
120
122
119
109
103
107
109
107
105
110
116
123
130
136
139
136
131
132
142
142
133
123
104
91
88
90
89
90
97
105
113
121
138
148
148
160
170
162
148
133
122
123
112
86
86
107
127
133
131
129
131
135
129
126
122
118
120
122
120
116
118
117
114
112
117
125
133
137
138
136
130
122
115
123
120
114
100
99
97
94
86
73
76
78
81
90
92
95
100
106
104
100
100
102
109
120
123
117
110
110
110
109
112
118
124
130
135
141
144
142
134
129
132
129
120
98
89
87
91
97
100
100
103
108
115
122
140
145
140
150
162
158
148
135
128
132
124
98
85
92
110
127
135
135
139
139
131
130
131
130
129
130
129
128
129
130
132
131
133
139
145
147
144
135
126
120
114
124
115
107
99
107
100
96
87
75
76
75
82
90
93
98
102
113
115
112
99
94
101
114
122
124
122
118
114
115
119
122
124
130
134
139
142
145
135
124
118
112
105
90
87
92
98
103
106
103
103
108
118
125
137
140
136
148
158
154
147
141
136
136
131
116
100
91
94
110
125
137
149
149
138
134
135
136
138
139
138
138
140
143
146
146
146
151
153
147
137
128
117
116
117
119
110
104
100
107
100
99
88
76
78
78
83
88
89
97
101
112
113
114
106
102
104
105
110
117
119
116
114
121
128
126
123
128
132
136
132
132
128
119
110
105
100
97
93
100
108
110
108
105
105
110
124
132
139
140
138
147
152
152
148
146
144
138
134
130
119
101
83
87
104
126
149
153
146
144
140
136
138
139
137
137
139
147
148
148
147
154
158
145
129
109
103
115
125
115
107
103
103
103
98
102
90
71
74
77
79
84
92
97
101
108
115
119
119
117
115
116
117
115
113
113
113
118
121
118
117
120
120
120
120
120
119
115
109
108
110
108
110
110
114
115
109
106
110
117
127
134
140
143
144
151
156
154
152
149
146
143
136
131
131
117
92
80
84
103
123
140
138
137
141
140
139
145
143
140
145
149
149
147
145
142
134
120
107
110
118
124
122
114
109
106
105
99
95
101
94
73
76
78
78
83
90
98
102
107
110
110
116
121
123
128
133
134
136
118
117
118
119
115
113
115
115
115
115
117
118
116
112
112
117
118
118
114
114
113
106
103
107
118
125
131
139
144
145
151
155
154
150
146
144
141
133
126
124
112
96
86
85
92
102
117
124
123
127
128
130
136
136
135
139
143
138
135
130
121
111
105
104
108
118
125
122
114
109
109
110
100
98
105
100
75
77
78
79
83
90
96
100
102
105
109
118
123
125
128
132
134
137
139
136
135
134
130
128
128
127
125
124
123
123
119
114
116
121
122
118
113
110
108
104
103
108
116
121
126
136
145
149
153
155
151
149
145
143
139
128
118
114
104
92
86
93
98
101
107
117
114
116
116
119
126
125
123
127
126
123
120
115
107
104
109
117
109
115
120
118
114
110
108
106
98
99
107
104
76
74
75
78
83
90
94
97
102
105
112
120
123
124
125
126
127
129
133
133
134
137
137
136
135
133
130
128
125
126
124
121
124
129
129
119
111
105
102
99
100
105
112
120
126
134
142
149
153
154
149
148
145
141
135
123
112
108
102
91
86
103
114
117
112
119
118
118
116
118
122
121
121
124
125
125
120
114
110
115
119
122
111
115
118
115
113
108
103
99
97
100
108
106
76
74
72
75
82
88
94
99
104
108
113
118
121
121
123
123
122
123
124
127
131
135
138
138
135
132
128
126
126
129
132
132
134
136
131
118
109
102
97
96
96
102
112
124
129
134
140
147
152
152
149
148
143
137
129
118
111
111
113
103
92
100
112
124
122
124
128
124
122
122
125
126
127
131
134
135
132
125
123
123
122
118
113
117
120
115
109
104
100
97
93
97
105
105
77
75
74
75
77
82
91
99
102
103
107
112
114
118
123
126
123
121
125
130
133
134
136
133
128
125
124
125
129
135
140
141
138
135
125
112
108
103
98
97
96
100
110
124
130
133
138
145
153
154
151
148
141
132
124
117
116
121
125
115
96
88
99
124
134
132
131
128
126
126
125
124
126
130
136
137
139
139
134
128
123
120
114
116
115
111
107
103
99
94
91
95
101
101
75
75
76
76
75
79
87
95
98
98
102
105
109
115
125
132
132
130
134
138
138
135
134
130
126
126
124
129
133
138
144
144
136
129
120
110
114
112
106
104
99
102
113
124
129
133
139
144
154
158
156
152
144
134
126
120
124
131
136
125
107
87
90
114
135
136
135
131
131
132
127
122
121
122
133
135
139
140
136
130
124
121
118
114
109
105
106
106
100
93
96
98
100
99
72
71
75
75
76
78
85
93
98
101
105
106
107
113
124
133
135
134
137
141
139
135
133
132
131
134
138
142
144
146
147
145
135
125
112
108
119
121
117
116
111
114
120
126
128
135
140
144
154
160
159
157
149
139
132
127
129
137
143
134
124
100
87
93
120
132
141
139
142
143
135
126
123
122
126
131
134
133
132
132
127
120
119
115
109
105
105
106
102
97
95
96
96
96
67
68
73
75
77
79
84
91
97
103
110
112
113
118
124
132
136
138
141
138
136
136
135
134
135
138
139
145
149
150
149
144
135
122
111
111
120
125
127
127
125
125
125
130
136
141
144
147
154
161
162
159
154
147
137
131
135
141
142
137
131
120
88
82
102
123
135
150
151
143
139
133
127
124
126
126
126
128
130
128
124
120
120
117
110
109
104
105
102
97
95
95
97
93
68
68
73
76
77
80
83
88
94
101
111
116
121
122
127
134
139
138
141
138
135
136
136
135
136
138
139
144
147
147
142
134
127
115
110
112
121
126
129
135
134
131
132
136
142
147
148
148
152
159
165
163
159
152
142
137
139
144
138
130
130
124
94
79
91
112
128
144
148
141
137
135
131
130
128
126
125
125
124
123
121
119
120
115
110
109
104
103
99
97
94
92
91
86
72
69
71
75
78
81
85
89
95
102
111
120
126
128
130
136
140
139
139
137
136
137
138
138
138
139
138
142
144
143
134
126
119
109
105
109
117
120
126
138
140
136
135
139
145
152
150
149
152
158
163
162
159
155
146
139
136
137
134
118
117
113
97
85
86
96
114
132
140
139
138
135
134
134
130
127
126
122
119
118
119
119
121
115
110
108
102
99
95
95
94
89
87
79
74
68
68
73
77
82
87
93
98
104
110
120
128
131
131
134
137
138
135
135
135
137
138
137
137
138
137
140
139
138
130
123
120
113
103
102
109
114
121
129
133
134
133
135
141
147
148
148
153
159
162
161
156
152
146
139
134
130
125
105
101
91
91
93
91
90
101
118
133
138
139
138
134
134
132
129
126
121
117
117
119
120
124
119
113
107
101
96
93
93
92
88
85
76
73
67
68
71
76
83
90
97
102
106
111
119
128
131
131
131
134
138
135
135
136
135
134
134
135
137
138
138
134
134
129
126
126
121
105
97
100
107
113
117
121
127
130
131
134
139
144
148
154
160
163
155
146
141
136
131
124
119
108
92
86
78
87
98
97
93
98
112
128
137
141
139
135
133
133
130
125
121
118
118
116
117
121
121
115
106
102
97
92
91
89
85
82
73
72
68
70
73
77
84
94
100
104
107
113
120
127
130
130
129
132
136
138
138
136
133
132
133
135
139
139
138
133
132
131
131
131
126
105
92
90
96
99
100
105
115
121
123
126
131
138
144
148
150
148
143
135
129
124
116
105
97
85
71
71
80
98
113
107
100
102
110
123
133
139
139
138
136
132
129
125
121
119
117
114
111
114
116
113
103
103
96
91
87
87
81
76
67
70
70
70
74
78
85
94
100
104
109
113
120
126
128
129
129
131
133
136
135
134
133
134
137
138
139
138
137
133
132
133
135
138
130
108
91
80
79
79
79
82
89
95
103
111
117
124
129
132
129
129
126
120
114
108
95
80
69
61
58
67
92
118
129
120
110
107
108
115
125
133
138
138
136
129
127
124
123
121
117
111
108
111
112
107
100
102
95
88
87
85
76
70
63
68
70
68
72
77
84
92
98
103
107
112
119
124
126
127
130
132
131
129
130
131
133
137
139
139
137
137
138
133
132
135
140
141
133
113
95
77
66
60
61
60
60
69
80
93
102
109
114
114
109
112
109
102
94
84
72
59
48
49
59
75
105
129
139
130
118
109
105
109
118
127
134
136
133
127
126
125
124
123
119
112
108
114
112
106
99
102
93
88
88
84
73
67
62
75
75
69
69
74
81
85
94
105
109
114
120
120
121
127
131
133
130
128
129
132
135
139
139
135
132
136
137
140
139
141
144
141
129
120
105
89
76
63
55
55
55
56
68
77
84
92
97
95
91
94
92
86
80
64
50
46
52
63
73
89
111
134
141
134
125
117
110
108
115
123
129
129
127
123
123
125
126
120
114
112
112
113
110
104
103
102
98
94
88
78
72
64
64
73
73
71
69
71
76
80
92
105
112
117
123
122
123
127
132
135
134
131
131
132
135
137
137
134
131
137
140
145
147
145
145
141
130
121
111
101
91
77
66
61
59
61
62
61
61
69
75
74
70
77
73
66
61
53
53
56
64
66
78
98
122
140
143
135
131
128
118
113
116
120
124
125
122
121
124
126
122
113
109
111
113
110
107
103
102
102
99
93
84
74
68
63
65
69
70
71
68
68
71
77
90
105
114
117
122
120
120
122
125
130
131
132
132
132
134
137
139
137
135
139
144
150
154
149
145
136
127
121
115
109
102
90
81
75
75
75
69
57
53
58
63
62
59
69
70
65
62
57
61
64
67
69
82
103
124
136
136
134
135
133
124
119
119
120
121
122
122
122
126
125
117
106
103
105
106
106
103
100
101
103
99
92
82
73
67
63
66
67
72
72
70
70
73
78
89
101
110
112
119
117
116
118
120
126
129
132
132
132
135
137
138
140
140
142
146
153
155
152
143
132
124
118
112
107
102
94
88
85
82
73
69
63
64
74
82
85
86
88
90
85
79
69
71
71
73
79
94
113
129
136
135
134
138
138
132
128
127
120
115
117
120
119
120
118
111
104
104
105
105
105
101
97
102
105
100
91
82
74
68
64
67
68
75
73
72
72
74
80
85
95
102
109
116
117
117
118
120
126
130
133
134
134
135
134
135
137
140
143
147
150
153
151
142
129
120
117
108
103
101
97
92
87
82
80
80
80
84
90
93
93
95
104
105
101
95
85
82
82
85
93
108
127
137
141
139
137
139
138
135
135
132
125
118
116
118
118
117
115
111
105
103
105
103
104
98
96
105
108
98
87
80
72
67
64
66
68
71
72
71
70
73
79
84
92
101
111
118
118
119
119
120
125
128
131
132
133
134
133
132
136
140
145
147
148
151
152
143
128
119
113
103
95
94
93
93
90
86
85
86
89
95
99
97
95
98
106
105
101
104
100
100
101
105
113
124
135
139
141
140
138
139
137
133
135
135
131
127
123
119
120
119
120
115
108
103
103
103
101
98
98
107
107
94
84
76
71
66
65
67
68
67
70
70
68
70
76
82
91
102
109
116
116
118
119
118
123
125
128
129
131
133
132
132
136
142
144
148
146
148
150
142
127
117
104
96
90
89
92
94
97
97
96
95
96
101
103
100
94
95
102
100
99
105
108
118
127
136
140
143
145
143
142
139
139
141
141
137
135
136
135
131
126
121
116
118
118
115
111
111
111
107
101
100
100
105
103
92
82
75
71
67
65
66
67
69
72
72
69
70
76
80
88
99
104
110
112
116
118
119
124
126
129
130
131
133
132
132
135
139
144
147
146
146
148
140
124
112
103
98
96
97
100
103
107
107
105
101
100
105
108
103
96
95
87
94
101
113
119
129
142
152
156
155
153
150
145
138
136
139
137
136
135
134
134
135
132
128
119
119
117
114
113
116
113
105
100
102
100
100
99
91
84
76
73
69
65
65
68
69
72
71
69
71
75
82
90
99
106
111
113
116
117
118
120
124
128
129
131
134
134
131
133
142
146
144
144
140
139
134
119
109
102
103
109
114
113
114
116
116
116
111
111
108
109
107
103
101
99
104
121
127
129
128
139
145
148
156
157
154
152
146
139
136
137
135
135
135
140
136
138
133
125
124
121
119
114
111
108
106
102
102
99
96
93
87
80
77
72
70
62
64
67
66
72
72
70
70
75
80
89
97
104
107
110
112
114
117
121
125
130
131
132
131
129
127
130
138
143
141
140
135
134
129
116
109
107
111
122
129
126
124
123
122
123
122
122
118
113
112
114
119
121
120
124
117
111
105
109
112
123
131
137
142
148
147
140
136
135
135
136
137
142
139
140
136
131
129
125
120
115
109
105
102
102
99
95
93
92
87
80
76
72
69
63
63
66
67
72
72
70
69
72
78
87
93
99
103
106
108
113
116
120
124
129
130
129
126
121
119
123
132
139
137
135
130
128
124
113
107
114
119
131
138
135
130
127
125
127
125
120
113
103
101
106
113
120
112
96
78
73
72
77
82
90
98
108
121
135
141
137
133
137
137
137
137
138
136
139
136
134
131
126
121
114
110
107
103
103
97
93
93
93
88
80
75
71
67
61
61
65
69
72
73
70
66
69
76
84
90
95
101
105
108
113
116
117
118
125
126
126
123
117
111
115
125
132
131
130
125
123
120
110
107
115
123
131
134
132
128
122
116
105
98
86
81
74
74
78
79
88
83
71
62
60
58
57
55
64
68
80
96
113
126
127
127
136
137
134
133
133
132
134
133
133
130
127
120
116
112
109
107
100
94
92
94
94
90
81
72
66
63
59
57
62
66
70
71
68
65
67
74
82
88
93
100
105
110
114
117
119
120
124
125
126
126
120
111
111
119
127
126
125
122
120
117
108
105
115
123
128
128
124
117
102
90
74
67
56
57
54
62
68
68
71
70
57
54
54
55
62
67
58
57
67
80
96
111
119
127
133
135
133
133
131
131
131
130
132
132
129
124
117
113
108
103
95
91
91
94
92
85
77
67
61
58
57
51
61
64
67
69
67
66
67
72
79
86
93
99
104
106
113
118
123
125
127
128
130
131
125
114
111
115
124
123
123
119
119
116
107
105
111
117
121
120
113
98
77
64
48
55
58
71
72
87
104
107
108
110
104
104
93
80
76
79
67
59
66
74
83
94
103
116
128
134
134
135
130
129
127
126
130
132
131
125
119
111
103
97
90
86
90
90
87
80
72
63
57
55
53
46
61
63
64
67
68
67
69
71
76
85
92
98
101
103
108
117
123
127
130
132
132
131
128
119
113
112
119
117
116
114
115
113
105
103
106
109
111
110
102
81
62
56
50
73
95
118
120
138
158
163
163
161
157
165
153
132
122
116
96
83
86
88
87
89
93
107
119
128
131
133
126
125
125
127
131
133
130
123
114
104
97
90
86
84
86
84
77
73
69
58
54
48
46
43
60
61
63
66
68
69
69
70
74
83
91
97
99
100
106
115
122
127
131
134
134
130
128
123
116
111
112
109
108
108
111
109
102
100
103
102
102
103
94
73
59
62
82
114
142
167
163
174
189
190
185
173
164
179
172
155
143
134
114
98
100
98
89
81
78
90
108
121
125
128
121
122
127
131
135
135
129
118
106
97
89
83
85
82
81
76
70
68
65
54
48
43
39
41
58
63
64
66
70
71
70
70
74
81
90
95
100
101
103
108
117
122
125
132
133
129
127
124
118
111
110
102
104
108
109
108
104
99
102
102
97
100
93
75
62
81
111
143
166
179
167
164
173
171
170
157
143
157
166
149
131
116
99
99
102
99
84
73
73
80
92
109
118
115
117
121
127
132
133
133
123
109
98
91
85
84
85
81
73
70
68
68
58
51
48
41
36
36
51
58
60
63
67
69
69
68
72
78
86
93
99
100
103
107
112
113
121
127
129
127
127
126
120
116
109
102
104
107
110
109
103
98
94
94
91
91
91
82
75
89
126
143
160
177
156
144
152
154
151
140
131
148
158
141
122
110
100
102
106
95
77
71
73
80
77
95
107
108
111
120
128
130
130
130
120
108
98
89
82
80
81
75
68
64
61
63
54
47
51
43
33
30
47
57
59
60
63
68
67
65
68
75
82
90
96
98
101
106
109
106
115
121
124
125
126
124
118
113
110
103
103
105
106
105
96
90
88
83
79
81
85
88
84
92
132
139
158
177
152
146
156
156
148
148
145
156
160
138
116
108
104
112
113
97
81
83
83
79
72
83
96
104
110
118
125
125
126
124
116
105
99
90
82
79
76
70
62
58
56
59
50
46
48
41
33
24
41
58
62
61
62
65
65
63
65
70
78
85
92
95
99
104
106
106
111
116
120
124
125
121
114
109
108
101
99
99
98
95
88
84
84
78
72
75
79
88
85
85
115
131
161
179
155
164
176
168
158
167
161
156
147
126
109
106
115
131
135
115
103
108
101
85
64
65
76
94
105
112
117
118
119
118
113
103
95
90
81
75
69
63
56
53
52
55
48
44
44
40
30
20
38
62
66
63
62
64
64
62
64
68
73
79
87
93
97
99
103
107
107
113
117
120
122
118
112
110
104
98
94
90
88
84
78
79
84
89
90
87
88
99
96
91
99
118
153
167
149
169
180
167
164
172
155
130
115
107
107
112
127
144
148
128
118
123
109
86
62
62
72
87
97
104
108
108
114
115
110
98
88
82
75
66
63
57
51
49
48
52
44
42
45
39
26
15
30
56
70
65
63
64
65
64
66
68
69
74
83
91
95
96
101
104
108
113
115
115
114
113
110
112
104
98
92
85
81
75
69
70
83
102
113
105
100
112
114
113
101
103
124
134
130
156
169
155
154
155
136
110
102
105
114
123
140
141
136
122
118
118
101
78
72
79
86
91
96
102
106
106
112
112
107
95
83
76
67
57
57
51
46
46
46
49
42
40
42
37
23
13
25
51
67
64
62
62
63
65
65
65
67
71
79
85
90
95
98
102
107
112
114
110
110
110
110
113
109
103
95
87
81
73
65
65
74
93
106
103
97
108
118
132
116
101
111
113
114
132
143
140
136
135
126
116
115
116
121
129
143
126
113
106
102
99
87
77
81
87
92
95
99
102
105
109
109
106
104
95
84
75
66
54
54
48
44
44
45
47
40
39
38
33
21
14
18
41
61
60
58
58
60
62
61
59
66
70
74
78
84
93
99
101
103
109
114
111
111
112
113
117
113
107
100
92
88
78
67
66
69
77
87
94
91
96
114
143
135
121
133
125
115
116
125
130
126
124
127
132
131
125
124
132
132
111
98
93
84
73
72
81
93
92
92
98
104
100
100
107
104
99
98
97
88
75
65
56
53
48
42
44
44
46
39
38
37
32
19
11
18
31
53
54
56
55
57
56
57
59
65
69
71
71
78
90
98
98
100
106
110
109
110
114
116
113
111
109
102
99
97
88
78
74
70
68
68
78
86
86
97
123
139
138
143
148
146
133
128
135
143
142
147
150
145
139
132
126
112
96
80
81
72
61
66
89
100
93
95
100
101
99
101
102
102
96
93
92
87
78
67
58
54
49
44
47
45
41
44
42
40
30
17
12
18
24
46
56
59
52
51
55
59
59
61
65
69
70
74
85
94
95
96
104
109
109
109
111
110
107
105
105
101
98
98
92
85
83
80
72
65
68
75
74
82
98
126
137
150
155
150
139
137
142
146
145
148
152
151
145
131
118
90
80
69
71
66
64
73
91
103
99
99
102
102
100
99
98
98
98
95
88
81
77
67
54
52
49
45
47
46
43
45
43
36
25
14
10
17
20
50
57
57
59
57
53
53
52
55
62
65
67
71
80
89
93
93
100
105
106
107
108
108
105
104
105
103
100
97
94
89
88
90
82
75
65
66
61
69
81
98
116
136
147
149
148
143
137
133
132
129
127
125
121
107
88
74
66
63
68
70
77
87
96
102
102
102
101
100
96
92
92
95
97
95
85
77
73
64
53
52
50
46
46
44
42
45
41
30
19
11
9
16
27
76
74
61
64
63
55
49
45
52
58
64
67
69
75
84
89
92
97
100
100
101
104
105
104
105
110
110
105
99
94
91
90
93
92
88
72
67
58
64
72
72
88
109
122
132
136
128
115
108
109
106
98
93
87
77
65
62
56
58
69
78
89
94
94
97
102
102
97
95
91
88
89
93
89
87
83
74
67
60
55
54
52
45
43
41
41
42
38
25
14
9
8
16
42
109
108
76
64
61
58
54
49
51
57
62
66
68
72
78
83
89
92
93
92
93
97
100
100
105
111
115
112
104
99
95
93
93
94
94
80
76
65
63
58
55
66
78
85
87
87
83
74
69
72
73
69
64
61
56
54
54
52
62
76
86
92
93
91
92
99
100
94
91
89
88
89
88
80
76
76
70
62
58
57
57
52
44
40
39
39
40
34
21
11
9
10
17
56
135
136
90
65
62
61
58
55
52
55
59
63
66
68
71
74
83
86
88
88
90
94
98
99
102
108
116
116
108
100
97
93
93
95
98
92
90
80
73
61
58
58
61
62
56
55
55
52
48
50
50
50
52
54
56
59
61
64
76
86
92
90
90
88
89
93
94
92
89
89
89
91
86
78
72
69
66
63
60
58
56
50
41
38
38
39
37
29
16
11
11
11
20
60
149
160
108
75
68
65
62
59
57
55
56
61
64
66
67
70
76
79
81
84
86
91
95
96
98
103
113
117
109
102
98
94
94
96
100
98
96
93
87
80
69
60
56
54
50
52
54
52
53
54
50
50
56
62
66
69
72
76
85
90
93
86
85
87
87
85
88
92
93
94
94
93
87
79
71
65
63
61
61
58
52
45
37
36
38
37
31
21
11
10
9
11
23
60
151
183
131
83
66
69
70
64
60
56
55
59
63
64
65
68
73
75
77
78
80
84
88
91
95
98
109
116
111
104
101
97
98
97
95
95
95
96
95
91
82
72
67
65
60
62
66
65
65
68
67
67
73
76
77
80
79
82
88
88
96
89
88
89
88
82
85
95
99
101
100
96
88
77
68
63
60
57
57
57
49
42
33
35
38
35
27
15
8
8
8
11
20
51
143
199
152
94
73
73
70
68
62
61
58
62
62
61
67
67
71
71
76
79
77
75
77
84
92
102
111
112
106
98
94
96
98
97
94
98
97
90
89
86
80
77
73
72
72
73
75
76
75
76
76
75
77
80
81
79
79
82
84
89
88
90
95
94
88
79
79
90
101
103
98
91
82
72
64
62
57
57
59
57
46
41
38
40
41
33
22
14
9
9
13
17
17
44
133
204
175
109
74
68
67
73
67
66
64
63
59
58
64
66
70
70
72
70
67
65
66
75
88
100
110
110
105
98
94
98
104
100
93
95
93
86
84
83
83
82
80
80
81
83
88
91
87
90
93
93
93
92
89
84
82
85
87
90
91
95
100
98
89
81
79
85
92
95
92
86
75
66
65
65
64
60
58
51
44
42
43
43
38
31
22
11
10
13
17
20
16
37
115
198
198
134
80
65
68
74
67
67
66
60
56
57
61
67
74
76
76
71
65
61
59
68
88
102
111
111
108
101
96
100
106
101
93
92
92
90
91
91
93
95
97
98
99
100
103
106
103
102
102
104
107
108
103
98
93
95
96
96
97
99
104
101
92
88
87
89
90
89
85
79
71
59
60
62
62
58
56
47
41
40
44
43
34
23
15
9
9
14
19
20
18
32
100
185
213
167
100
67
70
68
67
67
68
59
54
57
59
67
72
77
82
80
76
71
68
74
88
102
110
111
112
109
102
104
104
104
95
90
92
98
102
105
111
114
118
121
119
115
113
112
112
111
108
108
111
113
111
109
109
112
113
115
111
109
110
106
99
99
97
95
89
85
79
72
65
54
59
60
60
51
53
42
38
37
41
40
26
14
11
11
9
13
17
17
20
28
83
171
215
196
137
82
73
69
72
71
72
62
58
58
55
62
67
73
81
83
84
81
74
76
83
95
103
106
113
115
109
105
109
114
108
97
99
109
114
119
128
130
135
137
134
128
121
117
117
119
119
117
111
106
109
113
118
120
125
128
125
119
117
112
109
108
103
94
83
77
74
68
58
53
63
63
60
48
46
36
39
40
41
33
20
12
12
14
11
13
16
18
22
27
70
158
213
212
178
110
78
71
75
76
72
66
62
59
55
59
66
68
76
79
80
79
73
69
79
87
94
99
109
117
113
104
115
124
121
107
109
118
122
126
134
135
140
142
139
134
129
124
125
125
124
119
110
105
108
112
121
125
130
137
137
132
128
122
116
114
108
96
82
75
69
63
55
57
65
62
57
46
43
36
40
43
37
22
13
14
17
15
14
14
17
22
23
26
59
138
209
222
207
154
102
76
73
75
71
67
66
59
57
60
62
61
69
73
75
79
76
69
76
81
89
95
105
118
118
107
112
124
125
113
114
121
121
127
134
137
139
141
141
137
133
131
131
126
122
119
114
110
113
118
126
131
135
140
143
142
139
129
118
115
109
96
82
73
66
59
58
62
62
55
49
44
41
39
44
42
27
12
10
16
15
16
15
16
20
23
21
24
45
110
201
226
227
197
142
96
73
76
69
69
69
61
60
63
62
59
67
71
71
76
74
66
70
76
86
93
104
121
125
113
113
125
128
121
123
125
122
129
135
137
140
143
141
138
136
134
129
126
124
123
119
116
119
123
127
132
133
135
137
141
136
123
118
114
103
90
76
68
63
57
59
64
59
50
45
43
40
40
46
37
17
7
13
14
14
18
16
17
21
21
23
26
35
92
189
224
228
221
200
139
97
79
75
76
68
63
63
64
63
66
66
67
71
72
71
71
66
71
79
85
97
115
124
122
118
124
128
126
121
120
123
126
130
131
134
141
142
137
134
133
133
128
128
130
128
123
124
127
130
130
129
130
132
133
122
107
106
105
98
82
71
61
61
55
59
61
51
44
41
46
41
47
53
30
18
11
14
14
18
18
17
18
19
19
21
24
35
77
172
219
226
226
225
196
149
109
81
74
72
71
71
71
67
68
68
66
66
66
69
73
67
69
73
81
90
106
118
123
120
124
126
123
115
113
117
123
126
126
131
140
142
137
135
136
137
135
135
137
134
131
130
130
128
127
126
128
128
123
113
102
102
97
90
76
67
57
55
51
51
46
42
46
41
42
54
76
75
38
16
12
16
15
18
18
17
18
18
18
20
22
26
58
154
218
232
228
233
222
203
160
112
86
80
82
80
74
73
71
70
69
67
65
68
73
68
66
70
76
82
92
107
117
117
119
123
122
116
110
113
118
123
122
127
136
140
137
139
143
141
141
140
138
135
133
132
128
126
125
125
126
123
115
103
97
94
88
81
68
60
51
50
49
44
40
37
42
45
62
92
120
102
45
16
15
17
14
17
18
16
16
17
18
20
21
25
46
131
207
231
231
236
231
230
207
165
126
100
88
83
78
76
73
71
71
69
70
70
70
69
68
71
74
76
83
96
107
106
109
115
121
120
113
111
114
122
122
125
130
133
134
139
146
147
142
137
136
133
131
129
126
124
122
120
120
116
105
96
91
85
78
73
62
52
45
44
49
44
43
46
55
65
92
129
151
114
49
18
17
17
13
15
16
15
14
16
17
20
21
30
42
105
188
227
229
235
233
236
231
211
182
143
109
93
86
82
79
78
77
74
74
73
70
71
71
72
72
72
79
91
97
99
102
108
115
118
114
111
110
115
120
122
120
122
129
135
139
137
130
125
125
124
122
121
120
116
114
110
106
101
96
89
83
74
67
62
55
49
46
42
48
51
51
49
59
97
152
179
165
112
46
17
16
15
13
15
14
15
15
15
18
20
22
29
36
82
175
226
227
231
230
233
237
233
223
198
164
131
100
82
79
81
83
81
79
77
73
73
73
73
70
68
75
84
90
97
97
99
104
108
110
108
105
105
112
114
112
113
120
125
124
115
110
109
112
113
113
111
109
106
104
98
91
87
84
79
73
64
56
54
52
50
52
44
47
46
53
76
120
158
175
180
163
105
42
17
16
17
17
18
16
17
16
17
19
20
25
28
33
58
152
216
227
234
234
230
236
236
241
233
215
184
144
108
94
87
88
85
83
84
81
79
78
75
71
65
68
74
79
88
93
94
93
96
100
100
96
96
102
104
104
106
111
111
107
99
99
102
105
105
104
101
98
93
91
84
78
74
73
68
63
57
51
51
51
50
56
51
55
55
82
119
158
188
195
186
158
93
38
19
17
18
18
17
17
18
16
16
18
20
27
27
31
39
130
202
220
231
229
229
232
236
243
239
229
220
197
168
134
107
96
89
85
85
84
86
84
80
74
65
62
66
69
77
86
91
88
89
94
94
89
90
93
96
97
100
103
101
95
91
95
99
98
95
94
90
85
82
79
75
69
66
64
60
56
52
50
50
49
47
57
56
64
96
143
175
183
192
198
187
147
82
34
20
18
18
15
14
17
17
15
16
17
19
22
27
24
32
92
186
225
232
233
236
236
239
240
236
236
239
237
217
195
155
128
113
94
85
89
92
92
87
78
75
72
67
69
70
72
79
84
84
84
86
83
82
85
87
89
94
97
98
97
93
91
89
88
86
86
81
75
74
69
67
63
59
55
54
52
52
49
50
51
56
59
70
99
147
183
200
202
199
196
179
139
71
25
18
17
15
12
16
14
16
15
16
19
19
22
23
24
27
68
163
219
233
237
240
238
237
238
238
238
238
236
240
232
212
186
155
118
96
92
92
91
89
82
79
77
70
68
63
65
71
76
77
78
78
76
73
76
79
80
82
85
89
91
85
79
76
78
75
71
69
66
62
61
61
58
52
48
49
50
48
49
55
60
65
81
117
153
179
197
203
204
199
195
172
122
61
24
20
20
20
16
18
15
16
16
17
20
19
21
25
29
29
48
138
209
226
234
233
232
235
239
241
243
242
239
238
243
241
229
205
169
134
110
94
87
88
89
85
81
76
73
68
68
71
73
72
74
74
71
65
67
68
68
70
73
77
79
73
66
62
62
61
58
57
56
57
55
53
51
50
51
52
54
55
56
65
80
97
128
171
202
205
207
204
204
199
193
163
103
47
22
20
20
23
19
19
17
18
18
18
19
