5
8
8
9
7
5
6
7
9
13
20
25
32
38
48
58
65
70
76
79
88
94
99
103
106
107
109
109
110
109
110
113
118
122
123
125
125
125
128
133
139
142
146
146
147
148
150
149
150
152
153
153
154
154
152
152
153
152
149
146
144
141
137
135
131
126
120
116
113
111
107
101
94
85
76
66
58
49
42
38
28
20
17
14
12
11
12
14
16
19
18
15
15
16
5
9
9
10
7
5
6
9
13
19
24
30
38
46
56
66
72
76
83
87
95
102
104
109
112
112
113
113
114
114
116
120
124
127
129
131
132
134
137
141
146
147
151
152
152
153
154
154
154
154
155
154
154
154
153
154
156
154
153
151
150
147
144
141
137
131
128
124
119
117
113
108
101
94
85
76
70
60
54
50
39
29
24
18
14
12
13
15
19
22
22
22
20
20
12
16
15
16
13
10
12
15
19
25
32
39
45
53
64
73
79
83
90
95
101
106
110
112
115
117
118
121
123
122
124
129
133
134
136
137
138
139
140
142
145
149
151
152
154
156
156
156
156
156
155
155
154
155
155
156
156
156
156
155
152
150
148
146
140
135
132
128
124
122
118
113
107
102
94
87
79
72
66
59
50
39
34
25
17
13
12
16
19
22
24
22
20
20
14
18
19
20
18
16
17
22
27
32
40
47
55
63
73
82
87
90
94
99
106
110
113
116
118
119
123
127
130
131
132
135
138
140
139
139
138
139
141
143
145
149
151
152
154
156
156
156
155
155
155
155
155
156
155
156
156
157
157
156
153
151
150
147
143
138
134
130
127
125
121
117
112
107
102
96
88
80
73
66
56
46
40
30
22
16
13
15
19
21
22
22
23
21
14
18
18
20
19
19
22
26
33
39
48
55
64
73
83
91
95
96
98
104
110
114
116
118
120
122
125
130
135
136
137
139
141
142
140
139
136
137
140
143
145
148
151
152
153
155
155
154
153
152
153
153
154
155
154
155
155
156
155
155
153
151
150
149
145
141
136
132
130
128
123
121
118
114
110
106
99
91
82
74
64
55
47
36
26
19
17
16
20
20
24
26
27
27
13
16
15
16
16
18
23
30
37
43
52
60
69
78
89
96
98
100
102
107
114
117
118
119
122
123
125
129
134
137
138
140
142
143
140
139
137
136
141
144
146
149
153
154
155
155
154
153
151
150
151
151
152
153
153
152
153
153
152
152
150
149
149
148
146
143
139
135
132
130
127
126
124
120
116
112
106
99
90
82
73
64
52
41
31
25
22
22
23
24
27
31
33
33
17
18
16
16
17
21
29
37
43
49
57
65
74
82
92
99
101
102
105
110
116
120
121
122
124
126
129
132
136
138
139
140
143
144
144
144
142
142
144
146
148
152
155
156
156
157
155
154
152
152
150
151
151
152
152
152
151
151
152
151
148
146
145
146
145
143
140
137
133
132
131
131
130
126
121
115
110
104
97
91
82
73
62
49
38
32
28
27
28
30
30
32
35
36
22
22
20
21
24
29
39
46
52
58
65
73
80
86
94
100
103
104
108
112
118
121
124
126
129
130
134
136
138
140
142
143
146
148
148
150
149
148
148
148
150
154
156
157
158
158
157
156
155
154
153
153
153
153
153
153
153
153
153
150
148
143
142
144
144
141
141
136
133
134
133
134
132
129
126
119
114
109
105
100
92
83
71
57
45
38
31
28
29
30
33
35
37
38
27
26
25
28
33
40
49
55
61
67
74
80
85
90
97
103
106
109
111
115
119
124
126
129
131
132
134
136
138
141
143
145
147
149
151
153
152
151
151
151
153
158
159
159
159
159
157
155
155
155
154
154
154
154
154
154
155
155
153
151
147
143
142
142
143
142
140
137
135
134
132
132
132
129
127
123
119
115
111
107
98
88
78
64
53
46
37
30
28
29
35
37
40
41
30
28
30
34
41
49
57
62
68
74
79
85
90
93
100
105
110
113
115
118
121
124
127
130
132
133
132
133
136
140
143
145
147
149
151
153
153
152
152
153
156
161
161
162
163
160
157
155
155
155
154
154
154
155
154
155
155
156
153
152
148
144
142
144
144
144
141
139
137
136
132
131
131
130
128
125
122
118
114
108
101
91
82
71
61
54
46
36
31
30
34
38
43
45
29
29
33
35
43
54
64
70
79
85
90
94
96
98
104
109
113
116
119
120
122
124
126
128
129
130
130
131
134
139
143
144
145
148
150
151
152
154
154
155
159
161
162
163
163
162
159
156
153
151
151
151
152
152
152
153
153
153
154
151
148
146
145
147
147
147
145
143
140
136
134
133
132
130
128
125
123
120
115
109
102
95
86
77
67
59
49
38
31
28
31
35
42
45
30
30
35
40
49
60
69
74
83
89
93
97
98
100
105
110
114
118
118
121
123
125
126
127
127
127
127
129
134
140
144
145
145
146
148
151
154
157
157
158
160
162
163
164
164
163
160
156
153
151
152
152
152
152
151
151
152
153
153
151
148
146
147
148
149
149
146
145
142
139
137
135
134
131
128
125
123
122
118
112
105
98
90
81
69
59
48
39
33
30
33
36
40
40
31
32
38
44
55
67
74
80
87
94
97
100
101
101
107
111
115
119
120
123
126
127
127
126
126
125
126
128
134
141
145
146
146
146
147
149
153
156
157
158
158
159
162
163
164
164
160
157
154
152
153
153
152
151
150
150
151
151
152
150
148
147
147
149
149
149
146
145
143
141
139
137
135
131
129
125
123
121
118
115
110
104
98
87
72
60
50
42
36
33
33
35
36
33
32
36
41
48
59
71
78
84
92
99
101
104
103
104
108
112
116
119
121
124
128
129
128
126
125
124
127
129
135
142
145
147
148
149
147
150
152
153
154
154
155
156
157
159
162
162
160
157
155
154
156
155
153
152
150
149
149
148
149
149
149
149
149
148
147
145
143
143
143
142
141
138
136
132
130
125
121
119
117
116
113
109
103
91
75
62
53
45
38
33
29
29
28
25
33
40
49
54
63
74
82
88
96
102
104
107
106
106
109
112
116
120
119
123
127
129
128
127
126
126
129
132
137
141
145
147
149
150
149
151
153
154
153
153
153
153
155
157
160
161
160
158
155
154
157
157
156
154
152
150
148
148
149
151
153
154
153
150
146
143
141
142
142
142
141
139
137
133
130
125
122
120
118
117
115
111
104
93
78
65
56
47
36
29
24
24
23
20
36
47
56
60
68
77
86
93
99
103
106
109
108
107
109
112
115
118
121
123
127
129
129
129
129
129
130
134
139
143
146
147
148
149
150
153
157
158
157
154
154
153
155
157
159
160
160
158
157
156
159
159
159
158
155
154
153
153
155
157
159
159
157
151
146
141
139
141
142
142
140
138
137
135
131
127
125
123
121
118
115
110
105
94
82
69
59
48
36
27
24
25
25
23
42
50
57
62
71
80
88
95
100
103
104
107
109
109
111
114
116
119
123
126
128
130
132
133
133
133
133
136
140
143
145
148
150
151
154
157
160
161
160
158
156
156
158
159
161
163
163
162
161
160
162
163
163
163
164
164
164
165
164
165
165
163
158
153
147
143
142
144
145
143
141
138
137
136
132
129
127
125
122
118
114
109
106
99
87
73
61
48
37
29
28
30
29
27
45
49
54
59
71
80
88
94
98
101
102
107
108
110
112
115
118
122
125
127
130
132
133
135
136
135
137
138
140
142
144
148
152
155
159
161
163
163
162
161
160
160
162
163
164
166
167
166
165
165
164
165
167
169
171
172
174
174
174
174
171
167
161
155
149
146
146
148
149
147
143
139
138
138
134
130
128
123
120
115
112
109
105
101
89
75
60
47
38
31
32
32
31
29
42
47
50
62
73
79
87
94
98
101
104
104
106
107
111
116
121
124
128
129
130
131
132
134
137
139
138
140
142
145
148
150
155
159
163
162
162
164
166
167
167
166
167
167
167
168
170
171
169
168
167
167
168
170
174
177
179
180
181
180
176
170
164
158
153
150
151
148
148
147
144
141
141
140
133
127
124
120
117
115
114
111
110
106
90
75
64
49
35
29
31
30
33
33
39
44
53
64
74
79
86
93
96
99
101
103
105
106
110
115
121
124
127
128
130
131
132
133
136
138
140
142
144
147
150
153
159
163
165
164
163
165
168
171
172
173
170
170
170
170
172
172
172
170
170
170
171
173
175
177
179
180
182
180
176
171
165
161
158
155
155
150
148
147
144
142
140
138
131
126
122
121
120
119
118
115
109
104
93
79
68
54
39
32
29
28
28
30
39
46
58
67
74
79
85
92
95
98
99
102
104
106
110
115
120
123
126
128
130
132
134
136
138
139
142
143
145
148
151
155
160
165
166
166
167
169
171
174
175
176
173
171
170
170
172
173
173
173
174
175
175
176
177
177
178
178
180
179
175
170
166
164
162
161
158
152
149
148
147
146
143
140
134
128
124
123
122
121
119
115
111
106
96
84
73
60
46
40
28
24
24
26
44
55
63
69
73
77
86
93
96
98
99
102
104
107
110
114
119
122
126
129
132
135
136
139
142
144
145
146
148
151
152
155
160
164
165
168
172
174
174
173
173
174
172
170
167
167
169
171
173
174
176
177
178
178
177
177
177
177
178
177
174
169
165
164
164
164
160
156
153
152
151
150
147
144
139
131
126
123
121
120
116
112
109
102
92
81
71
58
46
40
30
24
23
23
51
62
65
69
72
77
87
94
98
100
100
104
106
108
110
115
120
123
126
128
131
135
137
141
145
147
148
150
152
154
156
158
161
165
166
171
175
177
174
172
172
173
173
169
165
164
165
168
172
175
178
179
178
178
176
176
176
177
178
177
174
170
166
166
165
166
164
161
159
158
156
154
152
148
144
136
128
125
122
120
116
112
110
101
91
80
69
57
47
40
30
24
22
23
53
61
63
68
72
79
88
95
100
103
105
107
109
111
113
116
121
124
124
127
130
134
138
142
146
147
150
152
156
159
161
162
164
166
166
171
176
176
173
170
172
175
174
170
165
163
164
166
170
175
178
179
177
176
175
175
176
177
178
177
174
170
166
165
165
165
164
163
162
161
159
158
156
153
149
141
135
130
126
123
120
116
114
104
96
86
74
61
48
40
31
25
21
22
49
53
57
65
74
81
89
95
100
105
108
110
113
114
115
119
122
123
123
126
130
134
138
142
145
147
151
152
156
159
161
162
164
165
166
169
171
171
169
169
172
174
174
170
166
163
163
164
168
173
176
176
175
174
173
173
174
176
176
174
171
167
164
163
162
162
162
161
160
158
156
156
154
150
147
142
138
134
129
126
124
121
117
107
99
91
77
62
50
40
32
26
22
22
44
44
53
64
75
82
89
94
100
106
110
112
115
116
118
121
121
122
123
126
131
135
139
143
146
148
149
151
155
159
161
162
163
164
166
167
168
167
166
167
169
171
174
169
166
164
161
161
165
170
174
172
171
169
169
170
172
173
175
172
168
164
162
161
160
159
160
157
155
152
149
148
146
141
139
136
135
134
131
129
127
125
122
111
102
94
80
65
53
43
33
27
24
22
42
44
52
62
76
85
89
91
95
103
109
113
117
118
118
121
122
121
124
127
130
135
140
144
147
148
149
153
155
157
161
162
163
165
165
165
165
166
167
167
165
166
167
167
167
168
165
158
160
169
172
171
170
167
165
168
171
172
175
172
167
162
157
154
153
154
157
153
146
141
138
135
131
126
123
122
123
126
128
128
125
124
122
116
110
100
85
73
60
46
34
27
24
17
41
43
54
65
77
85
87
89
94
103
110
113
116
116
117
120
122
122
124
126
129
133
137
141
143
145
148
152
153
152
153
154
155
158
159
161
164
165
166
165
164
163
163
164
164
164
161
156
156
162
170
169
166
161
157
161
166
169
168
163
155
148
142
140
139
140
139
137
134
127
120
115
113
112
112
110
110
112
116
119
121
121
120
116
113
104
91
78
62
47
35
27
23
16
42
45
57
67
78
85
86
88
94
103
109
112
114
115
116
120
123
124
126
125
127
130
134
134
134
134
137
143
144
142
140
140
143
147
148
150
155
161
165
164
161
158
158
162
164
163
160
155
153
155
167
165
162
154
149
152
158
159
157
150
139
129
121
117
116
118
120
120
117
111
104
100
100
102
106
106
104
104
107
113
116
118
120
117
115
109
95
82
64
48
33
25
20
14
45
49
59
69
79
85
87
89
96
104
108
110
112
114
117
121
123
124
124
121
119
121
122
119
116
115
116
120
121
121
119
117
120
127
132
134
141
151
158
159
155
151
153
159
163
163
159
153
149
151
160
160
158
148
140
141
145
144
140
130
116
105
96
90
89
90
93
94
96
96
96
94
97
101
105
106
106
108
110
114
117
117
121
119
118
113
100
84
66
48
32
23
18
11
47
53
63
71
78
84
88
92
97
103
106
108
111
114
117
120
120
119
119
114
109
107
105
101
97
95
96
95
94
94
92
88
94
102
111
118
130
142
148
148
144
142
145
151
159
162
157
147
143
146
155
156
153
141
130
127
130
128
121
110
94
82
75
69
68
69
75
79
87
92
93
94
96
98
101
104
108
110
111
114
117
119
121
120
121
118
107
92
72
51
33
22
15
10
49
57
67
74
80
84
89
92
97
102
104
106
108
112
113
114
112
110
107
102
94
88
86
84
84
83
79
73
69
69
67
66
70
80
91
103
119
131
134
132
131
133
137
145
154
159
155
144
138
141
151
152
148
134
120
118
118
115
107
94
79
69
64
61
62
66
72
83
96
102
101
100
101
103
104
105
106
108
110
112
114
117
116
118
121
122
116
103
80
57
35
23
13
7
50
60
70
78
83
87
92
94
99
102
101
103
107
108
106
103
103
102
97
94
88
83
82
85
86
85
77
72
65
63
63
63
65
69
78
89
105
116
118
117
119
121
130
139
150
155
152
143
137
137
144
145
141
126
113
110
110
105
94
86
78
73
73
75
81
88
91
102
114
118
119
119
118
117
112
108
106
107
110
110
112
114
113
115
120
123
121
111
89
65
42
25
12
4
52
63
73
80
86
90
94
97
100
103
99
101
105
104
100
97
95
97
101
101
99
95
95
100
103
102
96
92
85
80
79
79
77
76
73
80
90
101
106
109
110
113
124
136
146
150
147
141
134
131
135
137
135
121
109
107
104
97
91
88
88
92
97
103
114
123
128
133
138
137
137
135
131
125
117
110
105
107
110
110
110
112
114
114
118
122
121
114
93
71
49
30
13
2
52
66
76
81
88
92
96
100
103
101
96
97
97
96
94
94
98
103
111
115
119
119
118
130
140
132
125
116
111
106
98
93
95
95
87
85
93
103
104
106
112
114
124
133
140
147
150
142
134
129
129
132
127
116
103
105
100
100
95
95
104
116
126
134
141
150
154
154
151
148
145
138
132
125
116
113
109
106
106
107
108
108
108
110
110
115
120
117
101
80
55
34
15
7
52
63
73
81
89
92
96
101
103
103
95
93
94
95
97
101
106
111
124
132
140
143
149
167
177
166
146
134
127
123
115
105
105
107
103
98
101
106
107
107
112
115
117
127
133
143
150
148
144
142
137
135
126
113
99
99
99
106
115
117
121
127
138
146
146
148
152
157
154
150
143
135
129
124
119
118
115
111
107
105
104
104
101
103
107
114
118
120
110
86
61
37
16
8
50
60
66
76
87
92
95
100
100
98
96
93
94
96
101
107
113
118
128
136
143
151
168
198
210
197
166
144
132
133
129
119
112
110
105
101
101
104
105
107
110
113
112
120
128
140
152
155
156
155
145
136
120
107
95
96
100
111
122
125
124
123
131
138
139
146
157
166
161
152
146
139
132
127
119
117
114
112
109
106
104
104
99
99
106
118
123
128
118
90
65
40
18
10
52
61
65
75
84
91
94
96
94
91
96
96
97
98
100
105
112
119
125
129
132
142
166
197
210
195
170
149
138
142
144
136
122
112
104
100
99
99
99
102
106
110
111
120
131
146
159
163
164
160
150
133
114
99
94
97
101
109
114
117
117
114
116
121
136
162
184
191
176
158
151
146
138
130
117
113
110
110
111
110
108
109
106
103
107
117
125
126
114
89
68
48
25
11
52
63
70
75
84
94
98
96
93
90
93
96
99
99
96
99
107
116
123
125
127
137
155
176
183
172
158
152
152
152
145
136
125
114
112
110
105
100
96
95
99
103
110
121
136
155
166
169
167
159
147
130
110
93
91
97
101
105
107
106
106
106
105
107
133
174
211
212
184
149
134
132
127
120
111
108
109
112
115
112
112
114
112
113
108
111
115
108
95
83
73
58
37
17
44
54
63
70
83
98
105
104
99
95
93
97
102
102
100
100
108
117
125
127
128
134
144
154
159
154
145
145
146
137
124
116
112
105
103
108
108
104
98
93
90
92
98
111
129
146
157
159
156
147
133
119
104
87
88
96
103
106
103
95
93
94
96
96
116
152
193
190
157
115
93
91
94
92
89
93
102
112
115
113
113
116
120
124
115
106
98
87
80
79
80
70
51
26
36
43
53
62
75
89
99
104
103
101
97
99
103
104
105
107
113
119
125
125
124
127
130
131
133
129
122
119
116
110
97
90
89
87
82
94
101
102
99
91
84
83
86
97
112
126
134
137
137
128
117
105
93
81
87
95
102
104
98
87
83
85
93
97
103
116
136
131
106
75
55
53
58
59
61
68
85
105
116
116
116
119
127
133
126
111
96
88
89
91
92
84
63
38
35
43
52
59
66
73
83
96
103
104
101
100
102
104
108
110
114
117
118
117
113
114
114
108
100
91
90
85
88
90
81
72
71
71
74
86
95
97
96
89
81
80
82
90
102
112
117
121
123
116
109
95
85
77
88
95
98
97
91
83
79
81
94
105
101
96
89
85
69
54
42
38
41
40
46
52
72
99
117
121
121
121
129
135
134
120
105
105
112
110
103
93
73
49
48
52
60
67
69
68
74
86
98
104
105
104
101
101
106
113
114
111
109
104
98
95
95
91
78
64
59
59
75
88
77
58
56
61
71
85
90
91
86
79
78
77
78
89
98
114
125
133
140
130
120
103
90
87
90
91
93
93
90
80
78
82
92
105
107
98
82
66
59
54
48
50
51
52
55
54
66
92
107
115
126
124
129
136
138
124
103
110
120
119
111
100
81
57
59
67
78
81
80
75
77
85
97
106
110
109
106
104
108
114
114
110
98
89
78
73
75
73
63
52
46
50
70
85
72
52
53
65
78
88
89
87
82
78
78
76
77
90
104
123
138
151
160
153
140
122
104
95
91
91
91
91
89
86
87
88
89
97
103
99
93
79
71
65
63
72
77
78
70
62
71
88
101
115
124
126
131
137
137
125
106
114
124
123
111
102
82
61
57
70
83
89
93
93
92
93
100
108
116
115
111
106
108
113
112
106
91
76
61
57
61
64
60
54
48
49
67
81
70
53
60
76
85
91
88
83
80
77
77
74
76
93
110
132
149
164
174
169
155
137
116
101
92
91
93
94
95
96
98
99
99
104
106
102
99
98
97
88
81
88
97
100
87
75
80
90
101
116
122
129
133
139
137
124
109
117
127
125
112
106
85
67
55
70
83
89
96
99
98
96
100
109
118
118
115
108
108
111
107
100
85
70
55
53
59
64
66
66
65
60
68
79
76
68
76
88
92
95
90
84
81
79
76
72
78
98
118
138
154
167
174
169
157
141
120
102
92
92
97
100
101
102
106
111
114
117
114
107
108
116
122
110
98
101
106
108
100
93
96
102
111
121
127
132
136
140
135
120
111
120
127
124
115
110
89
75
60
75
86
92
100
105
104
98
99
107
119
120
116
109
106
104
99
92
80
72
66
67
72
76
79
81
84
78
79
87
91
92
94
97
100
100
95
88
84
82
76
74
85
105
127
143
157
167
169
165
157
145
126
107
93
92
99
104
106
109
115
119
121
124
123
120
120
125
126
115
109
111
110
105
109
109
109
118
124
127
135
136
138
140
133
117
114
123
127
123
117
112
93
83
61
78
88
94
104
111
111
105
104
109
121
122
118
108
99
93
88
84
80
80
84
90
96
97
98
100
100
102
104
109
113
114
110
106
107
106
102
94
86
81
75
76
93
114
135
148
159
166
165
162
155
146
132
112
94
91
99
106
111
113
114
115
119
122
124
125
127
128
126
120
119
119
114
109
115
119
117
125
131
131
136
135
137
139
130
114
117
127
129
122
120
112
99
92
65
83
91
95
101
106
107
104
106
114
119
120
117
108
96
89
86
86
85
89
97
106
112
113
113
112
115
121
126
128
130
127
120
114
113
112
111
100
89
79
71
75
96
117
136
146
157
165
165
163
156
150
139
119
99
92
100
109
117
115
112
113
118
120
119
118
125
126
128
126
126
125
120
122
124
125
126
131
135
137
136
135
136
139
129
114
121
131
131
123
124
112
103
97
69
86
92
98
106
111
110
103
102
107
113
115
114
108
98
93
94
97
96
100
106
114
119
120
119
117
119
128
132
134
135
132
125
120
117
117
118
107
92
78
69
73
95
116
135
143
156
166
167
167
160
155
145
126
104
94
102
111
123
124
123
124
126
126
120
117
118
117
120
121
123
123
123
131
133
131
135
135
141
144
137
137
136
139
131
116
126
135
134
124
125
111
105
101
72
87
95
99
104
111
112
105
103
103
109
115
117
111
102
100
104
110
109
110
111
114
118
119
120
123
126
129
132
132
130
130
128
126
123
124
121
110
90
74
74
80
97
111
129
143
155
167
172
170
164
154
149
130
107
95
96
114
127
134
133
136
142
137
130
126
117
113
115
117
118
121
125
134
133
135
136
141
147
147
144
141
144
138
127
123
130
136
132
126
124
113
103
99
71
85
94
98
104
112
114
110
109
107
111
117
121
118
113
112
115
119
119
121
121
121
121
120
121
124
130
130
130
129
130
131
133
132
129
125
119
107
92
81
83
89
98
110
125
139
154
167
173
172
163
153
147
132
110
94
93
110
126
138
139
139
142
139
132
127
122
116
114
116
119
121
123
128
133
134
136
140
146
150
148
144
140
134
127
127
135
137
132
126
124
113
103
98
69
80
90
95
101
109
115
115
115
112
113
117
122
125
124
122
123
125
125
127
127
125
124
122
124
129
133
132
131
130
133
138
139
138
133
126
115
106
96
91
92
98
101
110
122
136
152
166
173
174
167
157
152
139
118
100
95
108
123
137
139
138
140
141
139
134
129
124
123
125
125
124
123
128
136
136
139
142
146
150
149
140
131
129
126
130
138
138
131
126
121
111
102
99
70
80
87
92
97
104
113
115
116
113
113
115
121
127
130
128
125
125
126
128
127
125
123
122
126
132
133
134
134
136
139
141
141
140
132
122
111
106
104
101
100
100
105
112
124
138
151
162
168
171
169
161
156
146
129
112
102
106
116
130
138
140
145
146
144
137
132
129
131
133
131
129
129
134
139
140
146
149
148
151
147
134
123
127
130
135
140
138
131
125
120
111
104
99
74
82
87
92
95
102
108
112
114
112
112
115
121
130
134
133
128
126
130
130
127
124
124
122
125
130
135
137
139
139
140
140
139
136
126
117
109
108
110
110
106
102
107
115
128
139
148
155
161
166
168
164
159
150
138
125
111
105
110
121
131
142
152
154
151
142
134
129
131
134
136
136
136
140
145
147
152
152
150
150
145
132
123
132
139
141
143
140
132
126
122
115
109
105
75
81
89
94
97
103
108
111
114
113
113
115
121
130
136
136
133
130
134
132
128
127
128
127
128
132
138
142
142
139
135
133
131
130
121
114
109
109
113
114
111
107
112
121
133
141
146
152
159
165
167
165
161
155
147
137
122
111
109
113
120
134
147
154
155
149
138
131
130
134
139
141
141
145
151
153
154
150
144
143
140
131
129
140
146
146
144
140
133
127
124
118
114
110
74
80
88
94
99
106
109
112
116
118
117
118
120
124
129
134
135
135
136
135
132
132
134
135
134
137
142
144
142
136
129
126
125
125
122
117
114
114
115
115
114
114
120
128
135
141
145
153
160
165
167
166
162
158
154
145
132
121
115
113
113
123
135
146
153
150
142
135
134
136
139
140
140
144
150
153
151
143
137
136
135
133
138
145
148
146
142
137
130
126
124
118
113
112
74
80
85
92
99
107
111
114
119
121
123
121
118
117
121
130
136
139
140
138
136
137
140
139
138
139
144
145
141
134
127
123
123
123
124
123
122
120
118
117
118
120
126
131
135
139
144
153
161
165
166
164
160
159
156
147
136
127
121
118
116
120
129
138
144
139
140
137
139
140
138
135
134
139
145
148
146
139
134
134
135
137
145
148
148
145
141
134
127
125
123
117
112
111
74
76
84
89
94
100
109
115
119
123
127
127
125
124
125
132
137
139
139
137
137
141
143
141
138
135
138
139
135
130
128
124
122
127
135
134
129
121
117
117
121
123
127
133
136
139
147
156
162
164
163
164
164
159
152
142
132
126
120
115
117
124
130
138
139
134
136
137
140
144
142
138
136
139
142
144
142
138
139
141
141
142
145
145
142
138
134
132
129
126
123
118
110
107
73
77
83
89
93
97
106
113
118
124
128
129
130
130
132
136
138
138
140
139
140
142
143
140
135
132
132
135
136
135
135
133
133
136
138
137
133
125
118
117
118
120
125
131
134
136
145
156
164
168
164
164
161
156
148
139
129
121
113
111
117
127
136
145
149
146
143
141
143
146
147
145
145
147
149
151
149
146
147
147
145
144
143
140
136
131
129
130
128
126
123
120
110
104
73
77
81
88
93
97
105
110
115
123
126
129
133
135
137
139
139
139
141
142
144
146
147
146
141
137
134
135
135
139
144
145
143
142
142
141
136
128
119
114
113
115
121
127
131
134
143
153
162
168
165
163
159
152
146
137
128
120
115
113
115
123
133
145
155
158
154
150
148
150
152
152
152
153
157
158
157
155
154
151
146
143
141
137
131
128
128
130
129
126
123
120
110
100
75
75
79
89
96
101
106
109
112
120
124
127
131
134
137
140
141
142
143
145
147
149
151
151
150
147
144
143
141
143
148
150
148
146
147
142
135
126
117
110
108
108
116
123
129
133
140
151
159
165
165
163
158
150
143
136
130
125
122
119
115
115
121
134
149
158
160
156
153
153
154
154
154
154
158
160
159
157
154
150
144
141
141
138
133
130
131
132
130
126
125
123
109
99
76
71
77
87
95
102
107
110
112
119
122
124
128
133
136
139
142
143
143
146
148
150
152
153
153
151
151
151
151
149
147
148
151
153
150
142
131
123
116
109
106
106
114
120
126
132
140
148
155
162
164
163
159
151
143
138
135
133
131
127
119
112
113
123
139
151
159
158
158
157
157
156
155
154
154
156
156
154
153
149
146
145
141
140
136
134
133
133
130
128
125
123
111
100
79
71
77
86
91
96
103
107
112
117
118
122
125
129
132
135
137
139
138
142
147
150
151
151
151
150
151
150
150
149
148
152
156
155
149
138
127
122
119
115
113
113
118
122
125
130
138
145
154
160
165
166
163
155
147
142
142
142
144
139
126
113
109
115
130
143
152
156
159
159
158
156
154
152
151
153
153
151
150
147
145
146
142
141
139
135
132
131
130
127
123
121
110
102
80
76
80
85
87
91
100
107
110
115
116
118
120
123
126
129
132
135
136
139
144
148
149
149
149
150
149
146
147
149
151
155
156
151
143
132
123
123
125
125
127
128
129
130
131
134
140
146
153
160
166
168
166
159
152
148
148
148
152
147
133
117
109
110
121
134
141
148
155
157
156
155
153
151
152
152
150
149
149
146
144
144
143
142
139
134
131
128
126
123
119
115
110
105
81
80
83
86
87
90
100
106
109
113
114
115
117
118
121
126
131
136
139
140
144
147
146
145
146
148
144
145
148
151
151
153
153
145
136
127
121
124
131
133
136
140
140
140
139
141
146
149
154
159
166
168
167
162
155
151
151
151
149
147
137
122
112
109
115
125
131
140
149
154
156
156
155
153
151
150
148
148
149
148
145
145
143
143
140
135
130
126
122
119
114
111
109
107
84
80
85
87
91
95
98
102
108
111
112
115
117
118
122
126
131
138
138
142
144
144
145
147
145
144
141
144
148
152
154
152
146
140
129
124
121
124
130
136
139
142
145
145
145
147
151
153
156
162
167
171
169
162
155
152
153
153
146
139
132
125
117
113
115
116
124
129
138
145
151
155
155
153
153
152
152
152
150
147
145
145
144
142
138
133
128
124
120
117
114
111
105
107
82
77
81
86
92
97
100
103
106
109
112
115
118
121
125
129
132
137
137
142
145
145
145
146
145
144
144
146
148
150
151
148
140
133
125
121
117
119
125
131
136
139
143
144
145
146
151
155
159
164
172
174
172
164
155
151
148
147
141
133
124
119
116
116
118
120
121
125
131
137
145
151
153
152
151
150
151
152
151
148
147
146
142
140
135
130
126
122
118
115
112
110
106
109
81
76
77
82
90
95
99
103
105
108
111
114
119
123
127
130
131
134
135
140
143
144
144
144
144
144
147
147
148
148
148
144
137
130
126
121
116
114
118
125
131
135
137
139
140
141
148
155
162
167
173
173
170
161
152
145
139
135
129
120
114
113
115
120
123
122
120
122
126
132
139
146
149
149
148
148
149
150
149
147
146
144
141
138
133
128
125
122
117
113
111
110
107
110
85
79
78
82
88
94
99
103
108
110
111
116
120
125
129
131
130
130
131
137
140
142
143
142
142
143
147
147
147
146
144
141
136
132
129
123
115
112
114
120
126
129
130
133
134
135
142
152
159
163
165
165
160
152
143
135
128
123
113
107
107
113
121
126
126
123
122
122
124
129
137
145
148
148
147
147
147
147
147
145
144
143
139
135
131
127
126
123
117
113
110
109
107
109
89
83
81
83
88
94
100
106
111
114
115
119
122
126
130
130
128
128
130
135
138
140
141
139
140
142
146
147
146
143
139
137
135
132
130
123
114
109
110
113
116
118
120
125
128
130
137
146
150
152
152
151
146
139
131
123
116
111
101
99
105
117
127
132
131
127
122
121
122
126
134
142
146
147
146
146
146
145
144
143
143
142
136
133
129
126
125
122
116
109
107
106
103
106
91
84
82
84
88
94
102
108
113
116
119
121
122
125
128
129
127
126
130
135
138
139
140
139
137
139
142
143
143
139
138
136
134
132
131
125
116
109
105
103
102
100
103
109
115
121
130
139
139
138
136
134
131
125
118
112
106
103
96
97
105
118
128
134
134
131
125
123
121
124
129
135
140
142
143
143
143
142
141
140
140
138
133
131
127
125
125
121
114
107
105
102
99
104
92
84
81
83
88
94
100
107
115
119
122
123
122
123
126
127
126
127
131
135
138
140
140
138
136
137
137
139
139
138
138
137
134
130
129
126
119
111
104
98
92
88
89
94
100
109
120
125
125
124
121
120
118
114
109
105
101
100
97
98
105
117
127
133
134
133
131
129
126
126
129
131
132
135
138
140
142
141
138
136
134
132
129
127
124
122
122
120
113
106
104
99
96
104
95
84
80
82
87
92
98
107
117
123
125
125
123
122
125
127
127
128
129
134
137
140
141
138
136
136
136
137
138
138
138
136
130
124
123
123
120
112
104
96
89
85
85
88
92
99
109
115
115
114
113
113
113
110
107
103
101
101
99
100
107
118
127
133
134
133
132
132
131
132
133
132
131
132
136
139
142
141
138
134
131
127
126
122
120
119
120
118
112
106
105
98
95
105
97
89
82
85
88
91
97
104
114
122
124
126
124
121
123
126
127
127
129
133
137
140
139
138
136
135
135
137
139
138
137
135
130
124
122
120
115
107
100
97
92
86
85
87
91
99
107
108
108
110
110
113
114
110
106
104
103
102
100
104
112
120
126
129
131
133
133
134
135
135
134
133
133
133
134
139
144
143
138
133
129
126
124
119
116
114
113
113
109
105
103
100
98
106
99
92
86
89
90
90
95
101
110
119
123
126
124
122
124
126
126
126
130
133
137
139
138
137
135
134
134
136
138
137
136
135
130
126
122
118
112
105
99
96
92
87
85
87
92
101
110
113
114
116
120
120
118
112
107
104
103
101
103
108
116
124
128
129
129
130
132
133
135
136
135
134
133
132
134
138
142
142
139
135
132
129
125
120
116
115
113
110
107
103
104
103
102
111
96
89
89
90
89
88
90
96
106
115
121
126
126
124
125
126
125
125
131
134
137
138
138
136
134
134
134
135
137
136
135
132
130
126
124
117
110
105
100
97
94
90
87
89
94
103
114
120
123
126
129
129
126
121
116
113
110
106
108
114
122
128
130
129
127
127
127
130
133
136
136
134
133
131
132
135
138
139
138
136
133
130
125
121
118
116
113
110
107
103
102
101
102
112
92
84
86
87
86
85
88
93
103
113
120
127
129
127
126
125
124
125
130
132
137
138
137
134
133
132
133
135
136
135
132
130
127
124
122
114
108
106
103
101
100
97
94
96
100
109
119
124
129
133
134
134
132
127
124
120
117
115
116
120
126
130
131
129
126
125
124
127
132
135
137
137
135
134
131
133
134
135
136
136
132
127
123
119
117
115
113
110
108
105
102
101
103
111
94
87
83
84
84
84
87
92
101
111
119
127
130
129
126
124
124
127
129
132
135
137
136
133
132
131
132
133
133
133
130
126
123
120
116
110
107
106
105
105
105
105
103
106
110
115
121
124
126
130
133
133
130
125
121
120
122
124
123
125
128
130
131
129
126
125
123
126
131
136
140
140
139
138
134
134
134
135
135
133
127
122
118
115
114
113
110
108
107
106
102
100
102
110
96
89
81
83
84
84
86
91
100
109
117
124
128
127
125
123
124
128
131
133
135
135
134
133
131
131
131
131
131
130
127
122
119
115
113
110
109
109
107
107
108
108
108
110
114
119
121
119
118
120
124
125
125
124
124
125
129
132
130
130
132
134
134
132
128
126
123
124
128
133
137
139
138
137
135
137
137
136
135
132
125
120
115
112
110
109
106
107
107
104
99
100
104
114
98
87
82
83
83
83
86
90
98
106
114
120
123
124
123
123
125
129
131
133
134
134
131
130
130
130
131
131
129
127
123
119
114
112
113
113
116
117
113
112
113
115
116
117
118
121
123
120
117
117
120
123
126
129
130
131
133
136
137
138
139
140
139
135
130
127
124
125
127
131
134
136
135
133
133
135
136
136
135
133
127
122
115
112
109
108
107
107
107
105
102
101
106
115
102
88
82
83
83
82
85
89
96
104
112
116
119
120
122
123
125
128
131
131
132
131
128
127
127
128
131
131
128
125
120
115
111
109
112
116
121
123
121
120
122
124
124
124
123
125
127
126
124
125
125
125
127
130
132
133
135
136
141
143
146
147
144
138
132
129
127
128
129
132
134
135
133
131
128
131
134
135
135
133
128
123
118
114
111
109
108
110
110
108
103
101
103
108
107
101
92
82
82
80
82
91
97
108
112
114
117
121
123
124
126
129
131
132
130
127
126
125
127
130
130
130
126
122
118
115
111
110
113
118
123
123
123
125
130
136
132
128
128
131
133
135
135
134
131
129
126
127
130
128
127
132
135
139
143
146
145
140
136
133
129
129
130
132
135
137
134
131
128
131
136
138
135
133
129
125
117
116
113
114
110
108
110
104
101
101
101
95
121
116
102
85
79
79
83
91
95
105
114
116
120
123
124
124
126
128
131
132
129
126
124
122
124
127
129
128
125
120
116
115
113
111
116
121
126
125
123
125
130
133
134
130
127
128
129
132
136
137
130
128
123
121
121
120
120
121
126
130
135
139
140
138
134
132
130
131
132
134
136
137
134
130
129
132
138
139
136
132
128
122
115
113
110
111
108
105
106
100
96
97
93
78
132
128
107
89
83
82
84
91
97
108
115
117
121
123
124
124
126
128
132
132
129
125
122
121
121
124
125
124
122
119
118
117
117
116
118
124
128
126
123
124
127
129
125
121
120
121
120
120
118
117
118
116
113
109
107
109
109
107
111
114
119
124
127
128
128
128
128
131
134
136
137
137
134
131
130
133
138
139
136
131
125
118
110
108
105
107
105
104
102
95
96
98
92
68
137
129
104
91
85
84
85
90
97
107
111
114
118
121
122
123
126
128
130
131
128
124
123
121
120
122
121
121
120
119
120
120
119
117
118
123
127
124
122
122
122
120
117
110
109
113
116
118
115
110
107
105
106
106
104
106
105
98
99
100
103
107
110
112
116
120
124
128
133
136
137
137
135
133
132
133
136
136
133
129
122
114
106
102
100
102
103
102
98
93
93
96
87
60
129
118
95
86
82
81
84
89
95
101
106
110
116
118
120
123
126
129
129
130
126
123
123
122
121
122
122
121
121
120
121
121
121
119
119
123
123
120
117
117
113
109
105
101
104
119
132
133
124
115
106
106
111
116
113
108
103
96
90
90
92
95
96
99
105
111
117
122
129
134
135
136
136
135
132
132
132
131
130
127
119
110
103
99
96
97
99
100
95
92
92
94
81
51
97
85
70
72
76
80
81
87
96
101
105
109
115
117
118
122
126
129
129
130
126
124
124
125
123
123
123
122
121
121
123
125
124
123
121
122
119
114
111
109
103
97
94
95
112
140
157
157
144
133
124
123
125
124
115
103
92
86
80
80
82
85
87
90
98
106
111
117
124
129
132
135
136
135
133
131
128
128
127
125
118
107
102
97
94
93
96
96
91
92
95
92
74
44
51
43
42
53
69
81
83
84
93
100
107
110
114
116
117
121
126
129
130
131
128
124
126
127
125
124
124
123
123
124
126
127
125
122
118
115
110
104
99
95
88
83
80
83
103
133
148
145
139
137
135
134
125
112
98
86
78
76
75
74
74
74
75
79
90
101
107
113
120
126
129
133
135
135
133
130
129
127
127
124
115
107
102
97
94
92
94
94
89
92
95
89
66
35
23
20
27
41
63
82
86
84
88
91
106
111
115
116
117
121
126
128
131
131
128
125
126
127
125
124
124
125
125
126
126
125
120
116
110
105
99
91
85
80
73
69
71
77
98
124
129
119
113
114
113
112
99
83
75
72
74
79
77
75
71
66
63
67
80
92
105
111
118
124
127
131
134
134
133
131
130
129
127
123
115
106
102
96
95
92
94
93
89
92
96
89
62
30
11
13
20
35
56
74
82
82
82
88
106
112
115
116
118
120
123
128
129
130
128
127
127
128
126
125
126
127
127
124
122
122
117
106
99
91
83
78
73
71
70
67
68
67
78
96
105
100
97
98
99
97
88
75
65
66
76
80
77
70
65
56
56
63
74
90
106
112
118
120
124
129
134
135
136
135
134
132
128
122
113
106
99
95
93
88
90
94
91
94
96
85
56
24
11
12
14
25
45
64
76
81
85
91
103
109
113
114
115
118
121
125
127
128
130
130
130
129
127
126
127
127
126
122
118
117
108
97
84
78
74
71
69
70
74
75
74
67
68
79
91
93
89
87
84
88
87
83
77
77
83
84
80
70
61
56
59
67
79
92
107
113
120
122
125
129
133
134
134
135
134
132
127
119
108
100
95
93
93
90
90
91
92
96
96
82
51
20
11
10
8
16
33
54
70
81
88
92
98
105
110
112
114
116
118
122
124
126
129
131
130
131
130
129
129
127
125
120
116
113
103
91
78
72
69
73
78
85
96
102
97
87
80
82
89
93
89
84
81
91
99
104
105
108
110
107
96
82
71
66
70
77
87
98
111
117
123
125
126
129
131
131
131
133
133
130
124
115
104
95
93
92
90
91
89
89
95
99
95
78
46
17
8
6
6
12
25
48
68
81
87
88
93
101
108
111
112
114
117
121
122
124
126
126
127
129
132
133
128
126
124
121
118
114
106
96
86
77
72
79
92
107
125
135
140
134
124
114
107
101
93
88
95
108
119
129
136
144
144
135
119
100
85
78
79
88
99
110
117
122
126
127
129
130
129
128
129
131
131
127
119
112
102
94
93
93
90
91
89
90
99
99
90
75
43
16
11
7
9
8
20
41
63
79
86
85
90
98
106
110
112
114
117
120
119
120
121
122
123
128
131
133
129
125
122
122
120
119
114
107
97
84
77
80
91
110
133
149
153
154
152
147
138
130
127
127
133
144
152
158
165
173
170
154
126
105
90
86
91
102
113
123
124
126
127
128
130
131
128
124
126
129
130
125
117
110
100
94
93
94
90
91
94
95
100
96
93
80
51
21
17
13
11
7
13
32
53
73
83
83
89
98
104
107
111
113
116
119
118
119
120
122
125
127
129
130
129
125
122
121
121
122
121
116
109
96
86
83
86
101
124
141
151
154
159
161
157
153
153
156
157
163
164
162
162
163
156
139
116
97
92
100
111
121
127
130
129
128
127
128
131
132
128
123
124
129
131
125
116
109
101
95
94
94
91
92
99
100
96
92
99
95
70
34
15
14
13
6
10
23
40
61
77
79
88
94
101
105
110
113
117
120
119
120
121
124
128
130
129
127
127
124
121
121
122
123
124
123
119
110
99
94
93
101
116
125
132
137
143
149
151
153
155
156
155
156
152
147
140
134
129
119
109
97
103
117
126
131
131
132
131
129
128
129
132
133
129
124
126
132
133
125
115
109
105
102
99
96
93
93
103
101
93
93
105
113
99
59
15
15
14
7
8
18
32
53
70
74
86
93
99
104
109
114
117
120
120
120
123
126
129
130
129
127
125
121
119
120
121
124
126
125
125
116
109
105
104
108
113
114
108
114
121
127
131
136
139
139
139
138
134
131
122
116
116
115
114
105
113
126
128
128
130
134
131
130
130
131
134
134
130
125
130
134
134
125
114
110
109
109
105
99
93
94
104
100
89
97
115
134
128
86
11
15
15
9
6
9
27
49
64
76
83
87
94
103
108
112
118
119
120
122
124
126
129
131
130
128
126
121
117
117
120
122
125
126
125
119
114
109
104
106
112
113
111
112
116
121
127
130
133
134
135
133
129
123
121
123
120
118
120
119
119
120
122
124
128
133
132
132
134
136
135
132
128
126
130
137
133
122
115
112
112
115
110
97
93
95
100
98
92
100
123
146
154
123
11
16
16
11
4
3
18
41
60
74
78
83
90
99
106
111
119
118
118
120
122
124
128
130
129
126
123
120
117
118
119
121
123
124
126
120
117
113
109
110
114
116
127
127
127
129
132
135
138
139
135
136
134
131
127
125
123
121
121
119
119
120
122
124
128
131
132
133
135
136
133
129
126
126
132
137
133
122
115
113
114
116
109
100
94
92
98
100
98
107
131
162
176
147
12
13
14
11
6
1
11
32
51
67
72
79
85
92
102
111
119
120
118
118
118
120
124
128
127
125
123
120
119
119
120
120
122
122
123
122
121
119
115
116
119
120
130
131
133
137
140
141
142
142
140
141
141
139
134
128
125
124
122
121
121
121
124
128
131
133
133
133
134
134
129
125
124
127
135
137
131
119
113
114
115
115
109
101
96
92
97
103
104
115
138
178
197
172
16
11
9
7
5
2
8
22
38
55
68
77
82
88
97
109
118
121
120
117
114
115
120
125
125
125
124
122
122
121
120
120
120
121
121
122
124
124
122
123
124
124
124
126
130
135
139
141
143
144
141
140
138
138
134
128
125
124
122
122
123
123
125
128
130
133
132
132
132
131
126
122
125
130
136
135
126
114
111
115
115
112
107
100
97
95
100
105
111
126
159
196
212
189
30
20
13
8
7
6
7
14
28
47
66
76
81
85
92
102
114
122
121
117
114
113
116
121
123
123
123
122
121
122
119
118
118
120
122
125
127
128
129
129
129
130
130
130
131
133
135
137
140
141
138
132
129
129
129
126
123
123
121
122
123
123
123
124
127
129
130
131
131
130
124
123
127
134
137
131
121
111
112
118
117
109
102
96
98
100
100
104
119
148
188
210
214
197
54
41
29
18
13
10
8
10
21
42
60
73
79
82
87
94
106
117
118
116
113
113
116
117
119
119
119
119
120
120
117
116
116
119
123
126
129
129
132
132
132
132
135
135
134
134
133
131
131
131
132
125
120
119
121
120
118
118
118
121
123
123
123
124
127
129
130
132
132
131
128
129
133
136
135
127
118
113
116
121
117
107
98
94
98
99
98
103
131
173
208
218
214
204
82
67
49
37
27
19
14
10
18
34
53
68
76
81
84
87
98
110
117
115
113
115
115
114
115
115
118
118
120
120
117
114
114
116
122
126
126
125
129
131
130
131
131
131
131
131
128
124
122
121
122
117
115
115
117
117
117
117
119
122
124
124
124
127
129
130
129
132
133
132
132
135
137
137
131
123
117
116
119
122
115
103
97
94
97
98
101
115
150
194
221
226
219
212
99
86
71
59
46
36
27
20
21
32
48
64
74
80
83
84
93
105
116
115
113
114
113
111
112
114
119
119
121
122
118
114
114
116
120
124
122
120
125
128
126
127
126
125
124
122
120
117
114
114
110
109
110
113
116
119
120
121
123
125
126
125
126
127
128
128
129
133
134
133
135
139
138
135
127
120
117
118
120
120
112
99
98
95
96
97
108
133
169
209
228
228
219
214
107
99
88
78
66
58
49
40
34
33
45
58
74
80
79
81
90
100
109
112
112
111
112
112
111
113
118
124
127
125
121
117
115
115
119
117
116
119
125
129
129
125
125
123
119
117
115
112
110
109
110
110
112
115
117
120
122
123
125
123
122
124
127
128
130
133
132
133
136
136
135
140
138
129
119
121
116
118
123
116
106
100
98
96
93
100
124
154
191
222
232
227
222
214
113
107
99
90
80
72
65
56
50
47
46
58
71
79
80
81
87
95
103
108
110
111
111
109
108
109
117
127
132
129
122
116
115
116
116
115
116
120
126
129
128
125
121
119
117
116
116
113
113
112
112
114
116
119
120
122
124
126
125
124
124
126
129
131
132
134
133
134
135
133
132
136
134
125
113
117
117
121
121
111
101
96
97
93
92
109
143
179
209
228
230
225
222
220
118
111
103
96
85
77
71
63
56
52
49
57
69
79
82
81
83
88
96
103
108
110
110
107
105
106
115
127
132
129
123
119
117
118
116
115
117
122
126
128
127
124
122
120
118
117
117
115
114
113
113
116
118
119
120
122
125
126
124
125
127
130
132
134
135
136
136
135
133
130
130
132
128
118
112
117
119
122
116
104
98
94
94
91
97
123
164
201
225
233
228
222
221
225
116
111
103
95
84
75
69
64
59
55
52
57
67
78
82
79
79
82
90
98
106
109
109
107
105
107
113
122
127
125
124
123
121
121
120
118
119
121
123
123
123
123
124
122
120
119
119
117
116
115
114
115
116
117
118
121
124
126
127
128
131
134
135
136
137
138
136
133
129
127
128
129
123
114
113
118
120
118
108
99
98
96
94
97
112
145
184
215
231
233
227
222
223
227
114
109
100
93
83
74
69
66
61
58
54
58
64
75
79
77
76
79
86
95
105
110
111
107
105
106
110
119
124
124
125
125
124
124
125
122
119
118
116
116
118
120
121
120
120
120
121
122
121
122
121
119
118
117
120
125
128
131
133
134
137
138
138
138
137
137
135
132
127
125
127
127
119
111
112
117
118
112
102
96
99
97
100
112
140
177
209
227
234
232
228
227
228
227
112
107
97
91
80
73
68
63
59
56
54
57
64
73
77
77
76
78
86
95
103
110
112
108
103
101
106
115
124
126
126
124
124
126
129
127
123
116
112
111
113
116
118
119
121
124
126
127
128
130
132
128
124
122
125
129
133
136
138
140
143
143
141
139
138
136
132
130
125
123
125
123
117
113
113
118
116
109
100
95
98
99
113
136
171
204
228
236
233
229
231
235
232
225
111
104
98
90
81
74
68
61
56
54
54
57
64
73
80
82
80
80
87
93
100
105
109
107
102
100
102
110
119
124
125
124
123
125
130
132
129
120
112
112
113
115
119
121
126
130
132
134
136
139
143
139
133
129
129
131
134
136
140
142
145
145
143
141
138
135
130
130
125
119
120
117
115
115
116
118
112
106
100
98
105
115
136
166
201
221
234
236
232
229
237
240
235
228
110
104
95
86
78
73
67
61
56
57
55
59
65
75
84
87
85
83
88
92
96
100
103
105
103
102
101
105
111
118
124
123
123
125
130
135
134
125
116
115
116
116
119
123
129
134
138
141
145
148
151
147
141
135
132
132
134
135
138
141
145
145
145
143
139
136
127
128
123
116
114
111
111
116
116
116
106
102
100
102
116
135
159
194
222
230
233
233
233
236
241
240
236
234
108
102
94
88
77
71
67
60
56
59
58
59
71
85
97
99
89
86
89
86
87
91
96
101
104
101
98
99
104
112
118
121
124
128
133
136
136
129
121
119
119
119
121
124
130
137
142
144
148
151
151
148
144
140
136
135
135
136
139
141
143
144
144
142
137
132
126
125
118
112
109
107
109
115
114
107
101
101
101
108
135
169
195
220
234
236
234
233
237
242
243
242
236
242
108
101
94
86
77
71
67
61
57
58
55
62
81
98
110
108
94
89
87
82
80
85
93
102
104
102
99
99
102
108
114
119
124
129
131
133
134
128
122
119
120
120
122
125
130
136
141
144
147
150
150
148
145
142
139
139
139
140
142
142
143
143
142
139
134
129
123
120
113
108
107
107
110
113
112
105
100
102
110
129
168
204
221
237
242
237
237
237
239
241
241
240
240
245
106
99
92
83
76
72
65
60
58
55
53
66
91
113
122
113
95
88
88
82
79
82
90
99
103
100
98
98
99
104
109
113
120
126
127
128
128
126
122
120
120
122
124
126
131
137
141
145
148
151
152
150
147
145
144
142
142
142
142
141
140
139
137
134
129
125
120
114
109
107
106
107
110
111
105
102
106
118
138
164
200
231
239
246
241
237
240
241
242
239
239
237
239
242
105
97
91
81
75
72
63
60
59
53
52
67
96
124
131
114
95
89
92
86
84
85
88
95
100
101
97
97
98
102
105
108
113
118
122
122
123
124
123
122
122
124
125
128
132
138
142
146
149
151
153
152
150
148
145
142
142
142
139
137
134
133
132
129
124
120
113
106
103
104
104
105
107
105
102
106
123
150
176
197
218
235
239
242
237
237
242
245
244
238
237
235
238
236
103
97
90
80
76
71
62
62
64
56
52
67
100
133
141
119
98
94
93
91
90
90
89
90
96
100
98
97
98
100
103
105
109
114
118
119
122
123
123
122
124
125
126
129
133
138
142
146
149
150
150
150
149
147
142
139
139
141
137
133
130
129
128
124
119
115
107
101
100
104
104
105
106
104
110
121
146
182
209
222
228
234
238
240
237
239
244
246
246
241
238
237
240
235
101
95
88
78
74
71
63
66
68
61
53
71
104
143
153
130
106
97
95
94
96
95
91
90
94
98
99
97
96
98
99
102
107
111
116
118
120
122
122
122
123
125
126
130
134
137
141
143
144
144
144
144
144
142
139
136
136
138
136
132
127
125
124
120
114
109
104
101
101
102
104
104
107
111
128
148
176
208
232
237
234
236
240
241
239
240
242
244
247
245
241
240
238
233
99
93
85
77
72
68
64
66
66
60
57
76
109
149
164
143
117
101
96
94
96
97
95
94
95
96
97
95
94
95
96
99
103
107
112
116
118
119
118
120
122
124
125
129
133
135
138
139
139
138
137
137
137
135
133
131
131
133
131
125
120
118
118
114
108
103
102
102
103
103
104
107
118
131
158
185
210
229
243
243
237
239
243
243
241
241
241
243
247
247
244
242
235
231
97
90
83
76
71
66
61
63
62
55
58
78
111
151
171
156
129
106
93
90
91
96
98
99
98
97
96
94
93
95
97
97
101
104
108
113
115
114
114
117
120
121
124
127
131
133
135
137
136
134
133
132
130
129
127
126
125
125
123
117
111
110
110
107
102
98
104
107
109
109
112
119
138
159
186
217
236
240
246
243
238
243
244
244
244
245
244
244
246
244
243
242
235
234
94
89
82
75
70
64
60
64
60
52
59
81
112
148
168
164
146
125
105
92
92
93
96
103
97
95
94
93
94
94
96
100
102
104
104
106
108
109
111
111
115
118
120
123
128
131
134
134
133
131
126
127
126
124
124
124
122
119
117
111
107
105
108
108
105
107
107
107
107
114
120
138
168
200
220
230
239
241
241
244
247
242
241
243
244
245
244
244
246
247
241
239
234
234
94
89
79
77
72
63
60
66
61
51
56
79
114
148
168
174
168
150
118
98
92
92
97
103
100
99
97
97
98
98
100
103
104
105
104
105
107
109
110
111
113
116
118
121
126
129
131
130
128
126
123
123
126
127
126
122
118
116
110
111
111
108
108
110
106
106
108
109
110
127
152
184
210
230
235
238
239
240
243
245
243
239
241
242
243
244
245
246
247
248
239
237
235
229
94
88
81
76
70
61
63
73
62
44
50
78
123
156
170
182
185
169
138
110
96
94
98
102
100
102
100
101
102
102
103
104
105
105
105
106
108
111
111
112
113
114
115
118
121
123
125
125
124
122
119
118
123
128
127
122
118
119
116
118
118
115
112
110
106
110
122
129
138
163
194
226
237
239
238
238
236
237
243
247
244
244
244
243
243
243
244
245
245
245
233
231
234
224
