23
22
22
18
14
11
12
13
16
18
23
27
31
37
44
51
59
66
77
85
94
103
112
119
127
133
140
144
150
157
163
164
167
175
182
188
193
197
201
206
212
219
227
230
233
234
235
236
236
236
233
233
231
230
230
229
227
226
223
222
220
214
208
203
196
190
180
170
158
140
119
97
69
48
33
25
19
20
24
28
30
33
36
39
45
52
56
54
50
48
40
33
26
22
20
19
19
14
10
10
12
15
18
19
27
32
39
47
56
66
75
84
95
103
112
119
127
133
139
146
152
156
162
168
173
174
179
187
193
198
202
203
204
206
212
219
224
226
228
230
230
231
231
230
230
231
229
227
229
228
226
226
225
223
221
216
211
206
200
196
187
179
170
158
143
124
96
74
48
34
20
18
22
26
30
32
34
38
46
55
61
60
57
54
45
37
29
23
20
16
12
10
9
10
14
17
18
22
29
40
49
61
72
85
92
101
114
122
130
135
138
142
148
155
159
164
169
175
180
184
188
192
199
202
204
205
205
207
211
218
221
222
224
226
227
228
228
228
227
225
224
225
225
226
225
224
220
221
220
214
209
204
198
192
187
183
176
169
161
149
124
99
72
48
30
27
26
28
30
31
33
35
43
53
59
57
54
54
44
38
31
26
21
16
11
11
11
14
19
21
23
25
35
47
59
75
89
101
109
119
127
134
141
146
149
152
158
162
165
170
176
180
185
190
195
199
203
206
207
206
205
206
210
216
222
223
225
226
228
229
230
229
227
225
223
222
222
221
219
216
216
216
214
209
206
203
198
193
189
187
182
177
173
166
147
127
98
73
49
40
35
31
30
29
31
32
38
46
50
49
46
44
41
35
30
26
21
16
12
12
12
16
23
27
31
35
45
59
73
90
102
113
120
129
134
140
148
153
154
156
158
162
165
170
175
181
187
193
199
204
210
214
214
211
211
212
215
219
223
224
226
228
230
232
232
232
229
226
223
221
220
219
217
215
212
211
208
204
202
200
195
191
191
189
186
182
179
176
165
151
128
102
75
59
46
38
35
31
32
31
34
38
41
42
40
38
35
31
28
25
21
19
15
14
14
17
26
33
41
48
61
76
90
106
115
123
126
134
140
146
153
158
159
161
162
165
168
171
178
184
189
194
201
205
210
216
218
217
216
217
218
221
223
224
227
229
232
234
234
234
229
228
225
222
220
218
217
217
218
217
215
211
208
205
201
198
195
192
189
184
181
180
176
167
151
127
102
82
66
55
47
42
38
35
33
32
37
41
41
40
37
34
30
29
23
23
20
20
19
22
32
42
52
61
74
88
101
117
125
131
132
138
145
150
156
162
163
163
165
166
168
173
179
184
188
192
197
201
205
212
216
216
216
216
215
215
215
217
220
223
226
227
226
224
225
225
225
223
220
216
215
215
213
214
214
211
208
204
201
198
195
192
189
185
182
182
181
177
169
151
130
110
90
75
64
55
49
44
39
38
43
47
49
48
45
41
38
34
25
26
22
23
25
31
41
51
63
72
84
97
108
122
129
134
133
138
144
149
154
157
158
158
159
162
164
168
174
178
183
188
193
196
199
206
209
211
211
209
205
205
205
207
211
214
216
215
212
210
211
213
216
216
213
210
209
209
210
211
212
210
206
202
199
198
196
192
190
187
185
185
184
180
177
165
150
134
114
96
80
66
58
51
46
46
51
55
56
55
51
47
42
36
23
25
24
27
31
41
52
65
76
85
98
110
118
129
134
138
137
141
145
150
153
155
154
154
157
159
161
165
169
173
177
182
188
192
193
196
198
199
200
198
195
194
196
199
202
206
208
207
204
201
196
197
199
199
198
198
199
199
201
202
203
202
201
197
197
198
199
196
194
194
192
191
188
183
179
171
163
153
139
122
102
83
68
58
51
50
55
59
59
59
57
52
47
40
23
24
28
31
38
48
63
76
89
100
109
118
125
134
139
141
140
144
148
151
155
155
154
154
157
159
161
163
164
166
168
173
179
183
185
186
187
188
190
187
185
186
187
189
193
196
199
198
195
192
190
189
187
185
184
184
186
188
189
189
191
193
194
195
197
198
197
195
195
196
195
193
189
183
177
172
171
167
158
144
124
104
82
70
60
59
62
65
67
68
66
61
54
45
24
27
34
40
48
59
73
89
100
108
117
123
130
137
140
141
143
145
149
152
155
156
155
157
160
161
161
161
162
161
162
166
171
173
172
173
176
179
181
180
181
181
179
178
182
186
188
192
193
189
189
188
186
184
182
181
182
184
184
184
186
190
192
193
193
194
194
194
195
194
194
192
188
183
179
174
173
175
171
163
147
123
99
83
68
66
70
74
78
78
77
69
59
50
30
34
43
50
60
71
87
101
112
118
124
127
133
138
141
142
144
146
151
153
155
157
156
158
159
160
158
160
158
159
160
162
165
166
165
167
171
174
177
178
179
182
176
170
172
177
181
185
189
188
187
185
181
178
178
179
181
183
181
179
179
182
187
189
191
192
189
189
189
191
191
190
187
185
181
177
175
178
174
171
160
141
120
102
85
78
79
85
89
90
89
82
71
58
38
45
54
64
74
86
99
111
120
125
130
132
136
139
141
142
144
147
151
153
157
157
158
158
158
158
158
158
158
158
160
163
167
168
168
171
176
180
184
186
190
192
186
178
177
182
185
187
190
192
193
189
185
182
181
181
180
180
179
176
175
178
183
188
190
189
190
187
186
188
189
188
186
187
185
181
178
177
174
171
168
154
140
121
102
92
90
94
98
100
98
92
81
67
44
52
65
75
87
98
110
121
127
131
132
134
136
138
138
139
141
144
147
150
154
156
157
157
156
157
158
161
162
164
167
172
178
183
185
188
194
198
203
207
210
212
210
205
204
207
208
208
208
210
210
207
207
210
215
217
217
216
209
208
206
207
207
209
206
204
197
193
189
188
187
189
188
189
189
185
183
178
171
168
167
159
150
133
114
102
96
98
101
103
101
96
86
74
50
57
70
82
94
105
116
124
130
135
133
135
136
137
136
135
137
139
143
146
151
153
155
156
156
156
161
165
170
174
177
183
191
196
201
205
211
216
220
223
227
229
231
231
230
231
232
233
233
235
231
229
228
230
231
232
230
229
229
229
227
225
225
223
221
218
209
205
198
192
190
192
192
191
190
191
187
182
174
169
168
163
158
143
124
110
99
97
101
103
102
98
89
79
57
68
80
90
101
110
119
125
130
135
136
137
137
137
136
135
137
140
143
146
151
154
156
158
160
161
166
171
178
182
186
191
198
202
207
212
219
224
227
232
235
236
240
243
242
238
239
242
242
244
240
238
236
236
235
235
233
231
231
232
231
229
227
226
225
224
216
213
206
199
196
197
196
193
192
192
189
184
175
170
168
165
161
149
133
116
102
98
101
103
100
95
86
78
64
77
90
100
109
115
122
127
131
136
135
136
137
137
137
137
140
142
147
151
156
158
160
163
166
169
172
176
182
187
191
196
201
204
210
216
222
228
231
235
236
238
241
245
242
238
239
241
242
242
243
242
241
240
238
236
234
234
236
237
235
231
228
225
224
221
217
214
210
206
204
202
198
195
191
190
185
180
175
169
168
165
161
151
138
123
110
104
103
103
97
89
80
72
67
79
92
101
109
115
120
125
130
135
133
134
135
135
136
138
142
146
152
156
159
161
163
166
171
174
176
180
183
188
193
199
205
209
212
218
225
230
232
236
236
236
240
244
242
238
241
241
240
240
241
241
243
244
242
240
239
239
237
237
237
235
233
231
229
226
217
213
211
213
210
205
199
197
190
187
180
177
175
171
169
166
159
151
142
130
119
112
107
104
97
87
76
66
70
81
91
101
106
108
114
122
128
130
129
128
129
133
134
136
140
144
150
154
158
160
163
170
174
177
181
185
189
193
196
203
209
214
218
223
229
233
235
238
241
242
243
242
243
242
240
243
242
235
235
237
241
243
243
242
242
240
241
237
235
235
236
238
236
231
221
214
212
213
212
206
202
199
190
187
181
177
177
172
166
164
157
152
146
136
123
110
105
104
96
91
81
70
74
87
92
99
102
103
108
117
122
125
124
124
125
130
132
134
137
141
147
150
153
157
161
168
174
179
183
187
194
198
202
207
213
217
222
227
233
237
239
241
243
243
245
243
244
245
245
246
242
236
232
233
237
241
242
243
243
242
239
236
236
237
238
240
239
235
223
216
211
210
208
204
199
195
191
189
185
182
178
173
167
166
162
155
147
137
123
111
104
99
96
93
85
75
77
90
95
99
100
98
104
112
118
122
121
121
124
128
131
133
136
139
143
146
150
152
157
166
173
177
182
187
194
199
203
208
213
218
222
228
235
239
241
242
243
244
243
240
241
245
247
246
242
235
231
228
231
238
240
241
242
241
235
235
236
237
238
241
239
235
224
216
210
209
207
203
199
195
193
193
189
185
180
175
171
171
166
158
148
137
124
111
100
92
90
91
87
79
80
89
96
98
98
97
102
110
116
121
120
121
125
129
131
133
135
137
140
144
148
151
158
165
172
175
183
186
190
195
199
203
208
213
217
222
229
235
237
238
239
240
239
238
238
241
244
244
241
236
230
222
222
228
234
236
235
233
232
231
231
232
234
236
234
229
217
210
206
204
202
199
197
196
196
195
190
184
180
175
174
174
169
161
150
137
124
110
95
83
81
84
84
79
81
85
91
93
93
94
100
107
113
119
120
123
126
129
131
132
133
134
138
143
148
156
162
169
173
175
178
181
184
187
189
191
193
196
198
203
209
214
217
218
221
223
227
230
230
230
232
237
238
236
228
216
211
217
223
226
224
222
221
218
219
220
222
224
218
211
206
201
199
199
196
195
195
196
196
192
184
178
177
175
174
175
174
164
152
138
123
107
91
76
74
76
77
75
78
78
82
85
87
91
97
103
109
114
119
122
125
127
128
130
132
134
138
144
153
160
167
172
176
176
175
174
175
176
175
173
174
174
177
180
185
190
193
196
199
203
209
214
215
213
216
223
228
231
223
210
203
205
210
213
211
210
205
202
201
203
205
205
199
190
185
181
181
181
179
178
180
182
184
181
175
172
170
170
170
173
174
167
154
138
120
104
87
72
67
66
67
67
70
70
74
77
81
87
94
99
104
109
116
119
122
123
124
128
132
136
142
147
156
162
167
170
170
168
165
161
158
157
155
152
151
151
153
155
159
165
170
174
180
183
187
194
194
193
198
205
213
220
213
201
193
192
194
196
195
194
191
186
181
180
179
178
173
165
161
157
157
158
157
158
161
165
164
164
162
161
161
162
163
166
169
164
155
139
121
104
86
71
64
59
57
59
64
65
68
72
78
85
92
96
101
106
113
116
119
120
121
126
133
137
144
150
156
160
162
162
160
157
147
141
134
131
128
127
126
127
127
129
133
140
147
152
158
163
165
171
173
175
180
186
195
205
203
193
184
181
179
180
180
180
174
167
159
154
150
150
146
139
133
129
128
130
131
133
137
141
146
150
152
153
154
152
155
159
161
161
156
144
125
107
88
72
65
55
52
53
56
63
65
71
77
81
87
92
98
102
109
112
114
116
120
126
133
140
145
150
151
150
150
149
143
137
127
116
108
105
101
98
98
101
100
102
106
113
121
128
136
142
146
150
156
162
162
166
177
186
187
186
179
168
166
168
169
168
162
153
141
135
130
126
123
111
105
98
94
96
101
103
110
122
133
140
146
148
148
146
148
153
158
159
158
149
129
108
89
70
62
53
49
48
53
60
66
69
74
79
86
88
94
101
107
109
111
113
119
127
134
141
145
144
142
137
134
132
126
120
112
102
94
90
85
82
83
85
84
84
86
91
99
107
115
121
126
131
139
147
150
155
164
172
175
179
174
161
156
157
158
155
148
139
127
122
114
108
102
90
83
77
71
72
76
82
95
111
125
133
141
144
146
143
144
148
152
155
155
150
131
109
88
67
55
49
47
45
47
56
65
66
71
77
82
84
90
100
105
108
110
113
121
128
135
140
143
138
131
124
120
115
111
107
100
92
86
82
76
72
72
74
74
72
73
76
81
89
97
103
105
110
119
129
137
145
154
161
168
175
172
159
149
149
149
147
140
130
119
114
105
95
87
75
70
68
65
66
70
78
92
107
119
128
136
142
145
143
142
144
148
152
155
153
137
112
86
61
49
45
45
43
45
53
61
65
70
76
81
85
89
98
103
108
111
117
125
129
131
134
132
126
118
113
108
104
101
99
95
89
85
81
75
72
71
71
73
71
70
70
72
76
82
89
94
99
106
117
126
137
148
156
162
169
168
156
143
139
138
135
128
117
108
104
95
85
77
68
68
70
70
71
78
86
99
110
120
127
136
144
147
146
143
143
147
151
155
156
143
119
89
59
46
42
43
45
47
54
60
66
72
76
82
86
91
96
100
106
114
121
126
125
122
121
118
114
108
105
102
99
98
97
94
90
88
84
79
77
78
77
76
76
75
74
72
71
75
79
86
91
97
105
116
127
138
149
159
164
167
159
145
137
131
126
114
100
93
90
84
77
70
66
71
73
75
77
85
98
110
120
127
133
139
147
151
150
146
146
151
152
154
157
148
127
95
62
45
36
38
43
51
57
62
70
75
77
82
87
91
94
100
107
115
122
123
118
112
110
109
107
105
103
100
98
97
98
97
94
92
88
83
83
84
84
84
83
82
80
78
76
77
79
82
87
91
98
108
116
129
144
160
169
178
175
162
152
142
131
111
93
85
83
78
72
68
68
75
80
84
90
100
113
126
134
139
144
149
154
156
155
152
153
157
158
156
156
151
136
104
68
45
32
30
38
55
59
65
72
75
78
83
87
91
96
104
111
116
118
116
110
103
101
100
103
104
103
101
100
101
101
101
100
98
96
91
89
90
88
86
84
82
82
82
80
80
82
82
86
89
94
103
111
126
146
166
180
196
197
186
175
159
139
111
89
79
78
74
71
69
72
80
86
96
106
117
128
138
146
152
156
160
159
158
155
154
156
160
160
159
158
156
147
119
82
51
31
25
34
57
60
66
70
74
79
84
88
92
99
107
113
116
115
109
102
97
96
98
103
106
107
106
107
108
109
110
111
112
109
104
100
97
93
87
83
80
80
82
83
84
84
83
87
88
92
100
108
128
152
174
195
215
216
204
192
170
144
108
85
76
76
75
74
74
80
87
94
104
115
127
136
146
156
160
164
165
162
156
151
151
154
157
160
159
160
161
156
133
98
57
34
24
31
56
62
69
71
75
82
87
88
94
103
110
112
113
110
103
96
94
95
100
104
110
113
114
116
119
121
122
125
122
127
120
112
106
99
88
82
77
77
78
81
84
85
84
83
85
90
99
110
130
156
182
206
221
222
210
198
178
143
106
79
74
74
76
77
80
86
94
102
112
122
130
139
150
159
164
165
164
155
151
142
142
147
153
158
158
159
166
162
148
112
68
36
26
26
57
62
71
75
80
85
91
94
100
107
109
109
107
104
100
96
95
97
103
108
114
118
119
121
124
126
131
135
132
133
127
122
112
100
89
80
74
74
76
78
80
81
84
83
82
85
94
109
133
162
189
210
222
222
212
202
180
144
103
76
72
74
77
79
84
90
100
104
108
114
122
132
142
148
154
158
159
150
143
130
130
136
143
152
155
155
164
166
158
127
83
45
28
23
59
65
74
80
85
90
97
102
106
110
112
109
104
100
97
96
97
98
103
108
114
117
117
117
118
120
119
124
121
121
118
119
110
96
87
79
73
73
74
76
77
79
77
75
75
78
91
110
138
169
196
214
224
223
215
208
186
147
106
77
74
78
80
81
85
88
90
93
96
100
107
118
128
134
142
146
147
138
129
118
118
125
133
146
152
152
160
169
168
142
102
59
33
21
63
70
77
85
92
96
104
111
113
116
113
109
104
99
97
96
96
97
102
107
112
111
108
106
107
109
107
110
108
107
105
108
101
89
79
73
69
69
71
70
72
77
78
75
75
78
92
114
142
171
200
216
224
225
221
216
193
153
109
78
75
78
80
79
78
76
78
80
82
85
89
97
108
118
122
128
130
126
121
112
111
116
124
138
145
147
155
168
171
153
116
73
41
23
65
76
82
92
99
101
110
117
119
119
112
107
100
95
92
93
94
95
99
103
104
100
94
89
91
94
97
98
99
101
97
99
89
80
65
65
63
62
61
59
64
75
78
74
71
74
92
117
146
173
200
214
224
227
226
221
199
159
114
82
74
76
80
79
75
72
70
67
67
70
74
81
92
102
107
115
119
120
116
109
105
110
118
129
137
141
148
165
172
163
129
87
48
24
66
78
87
97
104
106
113
119
119
118
109
102
93
87
86
87
89
92
93
94
93
86
80
78
81
84
89
91
95
98
94
91
77
68
60
63
61
56
53
51
56
66
72
68
64
68
90
119
148
175
196
211
222
228
228
223
203
165
124
88
72
70
75
73
69
68
60
54
50
52
58
63
70
76
82
92
98
101
99
98
101
111
121
129
135
138
145
165
173
168
140
98
52
23
69
81
93
103
111
112
116
120
119
117
108
98
87
81
80
82
85
85
88
86
81
75
72
73
77
81
80
76
75
73
68
66
51
40
33
43
48
51
54
58
65
75
71
67
65
71
93
120
146
169
189
204
218
228
228
224
207
174
131
95
71
62
66
63
59
61
61
55
49
46
47
47
46
43
46
57
64
73
78
87
99
114
123
132
137
139
144
166
173
169
148
112
62
27
74
87
99
110
117
119
121
124
121
119
109
98
86
80
79
81
80
81
80
75
69
63
62
66
72
75
73
64
56
51
48
51
38
28
24
37
44
48
53
54
56
62
60
61
64
74
97
122
143
163
183
198
213
225
228
225
211
182
137
102
75
62
65
60
54
59
62
62
59
53
48
46
38
30
33
43
51
64
74
85
94
107
117
129
136
137
142
165
172
165
153
122
73
33
77
92
104
116
121
122
124
125
121
116
107
99
88
80
78
79
78
77
72
67
61
56
54
56
62
63
60
52
44
40
45
49
42
35
26
38
45
48
49
47
47
54
54
57
64
77
97
116
140
161
179
196
209
221
228
227
214
189
147
110
83
70
67
61
60
61
66
67
65
58
52
47
39
31
32
39
52
66
81
88
90
97
107
121
133
136
141
161
164
164
159
131
79
42
77
92
106
117
123
125
126
124
119
113
101
94
86
81
80
80
77
73
67
62
54
49
44
45
49
50
47
44
40
39
47
55
53
50
43
53
57
55
55
53
49
52
53
58
67
80
96
113
133
153
179
197
210
221
226
225
215
192
159
125
98
84
81
79
83
85
86
82
74
65
60
57
52
46
50
57
71
84
97
101
98
103
111
127
139
143
147
162
164
167
167
142
93
52
78
93
105
116
122
123
124
122
116
110
99
95
89
85
84
81
75
70
63
54
47
42
40
42
44
45
45
44
43
43
53
65
69
71
72
82
83
80
79
77
73
71
65
72
80
89
99
109
127
148
174
195
211
222
226
226
218
198
173
144
121
105
103
105
110
114
109
108
104
100
100
101
100
98
97
100
107
115
124
126
124
129
132
147
158
161
163
170
169
174
175
155
110
64
79
92
102
112
118
119
121
121
117
113
105
102
95
89
83
77
69
63
56
52
48
47
46
49
54
57
59
59
61
63
74
86
90
93
100
104
103
100
97
95
92
93
86
92
97
98
99
103
119
139
164
189
209
224
228
227
222
205
186
161
142
127
122
121
122
121
123
126
130
133
134
133
132
131
131
131
131
131
136
140
144
154
159
170
178
181
182
180
177
182
179
162
122
74
77
89
98
106
112
116
120
121
119
117
115
112
104
94
83
73
66
62
59
60
63
65
63
65
74
81
79
78
78
81
94
110
115
120
121
119
115
110
105
102
101
102
106
111
112
108
102
99
112
131
154
179
204
223
229
228
226
212
196
175
159
145
138
131
123
114
112
114
121
129
135
137
139
140
141
140
139
136
140
147
156
171
179
186
190
191
192
186
182
183
181
167
132
85
77
86
93
101
107
112
117
119
118
117
116
114
107
97
85
76
70
68
72
74
79
81
80
83
89
92
97
98
103
109
121
131
131
133
127
123
118
114
110
105
105
106
120
123
123
116
105
99
109
126
148
171
195
218
228
230
229
220
202
183
171
161
156
148
134
120
112
108
106
112
120
126
131
136
141
140
138
136
140
149
164
181
194
197
199
197
195
189
186
181
181
169
143
97
80
88
93
98
103
107
111
113
112
111
108
109
107
102
94
88
85
85
92
96
99
98
95
96
97
97
101
108
117
123
127
126
119
117
117
115
114
115
116
117
117
116
124
127
126
118
106
99
108
124
145
164
185
209
223
228
231
225
207
188
179
173
173
168
155
141
123
114
106
103
106
111
120
130
137
139
142
145
152
163
175
191
202
204
207
203
198
191
193
184
181
174
155
112
84
91
97
100
101
103
106
107
108
108
109
112
114
114
111
108
107
107
111
121
128
122
110
107
111
113
115
115
114
109
108
108
108
113
116
116
119
125
131
137
138
134
130
132
129
120
109
104
112
128
144
159
177
200
216
225
230
225
210
191
181
178
182
180
170
158
147
136
122
109
97
91
98
108
120
127
139
150
161
170
177
189
201
205
209
206
198
194
200
189
182
178
165
121
86
94
101
103
106
109
111
116
119
119
123
126
129
130
129
126
121
116
115
123
131
132
129
125
121
117
111
105
101
99
101
102
108
115
121
125
130
136
139
148
154
146
139
132
125
121
113
114
120
134
146
157
176
194
210
222
226
224
212
196
185
179
178
182
182
174
165
155
141
127
115
104
99
100
108
119
131
142
155
164
171
179
189
202
208
208
200
199
206
196
185
182
169
126
88
96
102
106
112
118
123
130
136
137
138
140
142
143
144
142
135
128
119
115
113
119
125
123
110
98
89
88
92
100
107
112
116
120
127
134
141
146
150
156
159
151
143
135
126
124
122
128
132
145
154
162
179
195
208
220
227
226
215
201
190
185
184
189
191
185
175
168
158
149
139
129
122
121
117
123
131
141
152
159
166
175
189
203
210
210
202
202
209
200
191
182
164
124
89
96
102
106
113
120
126
134
142
146
146
146
149
153
159
159
153
145
129
120
112
111
112
107
97
88
84
87
93
103
112
119
123
125
130
141
149
155
159
160
158
152
147
139
131
129
132
141
147
156
167
173
183
196
208
220
228
229
221
209
198
192
189
192
194
190
185
180
173
168
161
153
146
142
140
141
144
152
162
170
178
187
199
211
215
211
202
201
207
200
194
178
160
124
87
94
96
100
106
112
118
127
136
142
142
143
147
153
162
165
163
157
145
140
130
118
106
97
97
100
104
105
107
110
116
123
129
131
138
150
157
161
164
161
156
149
147
142
138
137
138
147
155
163
169
171
176
186
197
210
220
221
215
207
199
193
190
192
194
192
193
189
186
182
177
172
167
165
167
167
168
173
181
190
200
208
213
216
213
207
197
195
199
197
191
175
160
128
82
88
90
93
99
105
112
122
133
140
141
142
146
152
159
164
165
163
158
154
146
135
123
115
116
119
126
125
124
123
126
132
139
145
149
160
165
168
168
164
157
150
147
143
142
139
142
149
153
158
158
157
161
169
182
196
206
209
207
201
194
188
185
186
189
191
197
197
195
191
187
184
182
181
182
184
184
186
192
202
211
216
216
212
204
201
193
189
190
191
187
175
164
135
77
83
86
89
94
101
108
118
129
137
142
145
149
153
157
161
166
169
171
168
164
162
159
153
147
142
142
141
142
142
142
146
154
160
166
173
175
176
174
168
162
152
147
141
139
135
140
143
144
145
144
144
148
158
169
183
195
200
198
195
188
182
178
179
183
188
198
201
203
199
194
191
188
186
187
189
191
192
194
202
209
209
209
201
194
191
188
183
182
185
184
176
169
138
74
80
84
87
93
101
107
115
124
130
138
141
147
149
151
156
165
171
179
179
180
182
185
182
174
167
159
159
160
160
159
160
165
171
180
182
182
181
174
168
162
150
138
130
128
123
126
125
127
129
131
133
138
146
156
169
183
190
190
187
182
175
172
172
177
184
194
201
207
207
205
201
198
196
196
195
196
197
195
198
199
195
192
187
182
178
175
174
173
177
178
175
170
138
73
80
85
88
95
102
108
114
120
126
132
136
141
144
145
149
159
167
174
175
178
180
183
185
182
177
173
172
172
172
170
168
171
177
183
181
179
176
167
159
152
138
124
118
117
110
109
106
111
117
124
127
135
142
150
161
175
185
190
187
180
173
167
164
166
172
184
193
203
209
211
211
209
207
207
203
202
203
197
193
188
181
176
174
171
165
163
165
166
173
171
172
169
138
74
80
85
90
95
100
107
114
121
128
133
135
138
139
139
140
145
150
157
157
158
160
164
167
171
175
179
179
178
178
176
175
174
175
175
174
171
164
155
146
133
120
111
113
116
117
115
114
114
118
124
128
136
144
151
161
174
185
192
189
181
172
167
164
163
165
170
180
193
204
209
210
211
211
213
213
212
207
202
195
186
178
171
169
167
163
159
159
164
165
163
164
166
139
72
80
86
90
93
95
102
111
118
126
131
131
132
130
127
126
128
131
135
136
138
142
148
156
165
171
179
178
179
180
181
178
174
173
168
169
167
160
147
132
117
107
106
119
132
141
143
139
135
134
133
136
142
150
158
168
182
192
199
196
189
179
173
173
171
168
165
171
182
195
203
206
206
205
210
214
215
212
208
201
191
183
177
173
170
164
159
158
160
159
155
158
163
140
70
79
86
90
91
92
98
107
114
119
119
118
118
118
117
117
119
122
126
128
132
137
145
155
166
173
178
178
180
181
183
179
173
169
165
164
158
148
136
120
111
111
121
137
155
163
164
157
151
149
147
149
154
162
171
180
190
197
202
200
197
189
184
187
185
176
167
166
170
180
191
197
199
198
203
208
213
213
210
204
196
190
184
180
174
168
161
158
156
152
147
150
158
140
69
79
82
87
89
90
96
104
108
111
110
108
108
108
109
112
116
119
125
129
135
141
148
157
166
173
176
176
177
178
177
173
168
163
164
160
148
135
125
112
113
126
146
161
174
176
175
172
170
171
170
171
175
181
186
190
193
195
198
199
200
198
194
199
199
190
175
168
164
168
178
187
192
194
194
200
204
206
206
203
198
193
190
186
180
172
166
161
157
149
144
146
154
140
70
80
81
85
87
88
94
101
104
104
103
101
100
102
106
110
116
121
126
131
138
145
151
159
165
168
169
169
168
167
166
163
159
156
155
148
135
123
115
107
112
129
147
157
165
165
163
161
163
166
169
170
173
177
183
185
184
183
185
186
193
195
192
195
197
191
177
168
159
157
163
171
179
183
190
194
198
201
202
201
199
195
189
186
181
176
171
166
159
150
143
144
150
139
70
78
79
83
84
85
91
95
98
98
94
94
96
99
106
113
120
126
133
139
144
148
153
158
163
165
163
162
159
155
153
152
150
148
143
134
120
110
105
103
111
127
139
145
146
144
142
143
146
151
148
149
154
159
165
168
167
166
169
171
177
180
178
178
179
178
174
165
155
150
151
155
162
168
173
178
184
187
188
188
185
181
183
180
178
174
170
167
160
151
142
142
148
139
71
75
77
79
80
83
88
91
91
92
92
94
97
103
109
116
124
130
137
142
147
149
151
154
156
156
154
152
149
145
144
143
141
138
132
121
107
98
96
98
107
117
121
122
121
118
119
121
126
132
132
134
136
141
146
150
149
147
151
154
156
156
155
154
155
155
155
149
143
139
138
141
148
155
163
168
174
177
178
179
177
175
175
174
173
171
167
166
159
151
142
140
145
137
70
73
74
76
78
82
87
88
86
86
89
92
98
107
113
120
128
135
137
141
146
148
149
152
152
151
148
146
142
138
138
137
133
128
122
110
99
93
91
93
98
101
99
98
96
94
95
96
100
105
108
110
115
121
128
132
132
130
129
132
132
130
129
129
129
130
127
124
121
121
122
126
135
144
153
159
164
167
168
170
171
170
170
171
170
168
166
165
159
151
142
139
143
135
71
69
70
71
76
82
85
83
82
82
85
91
100
109
115
122
128
131
133
136
140
142
144
146
146
146
143
138
135
134
131
128
123
115
105
99
94
92
90
90
89
85
82
80
81
78
76
75
75
79
83
90
95
104
112
118
120
115
113
111
108
103
99
100
99
98
96
99
97
97
102
115
126
139
143
145
151
157
158
160
163
162
165
167
167
168
166
162
159
151
141
138
140
130
69
67
68
69
73
80
84
82
79
79
85
91
99
107
112
118
123
125
125
130
134
137
138
139
138
137
135
131
131
129
123
118
112
104
94
93
94
95
94
91
85
78
75
73
74
71
66
63
58
59
65
72
79
90
99
105
108
104
101
94
91
85
78
76
73
74
78
85
88
92
95
103
112
125
129
132
139
145
148
151
154
154
158
161
163
166
165
162
159
153
140
134
135
127
68
65
65
67
72
79
83
82
79
79
85
91
98
105
110
114
117
119
118
122
126
129
130
131
130
131
127
124
124
121
113
106
100
92
87
91
99
103
102
95
85
75
70
68
70
69
64
59
53
53
57
64
70
79
89
92
95
91
86
80
75
70
63
61
60
65
78
92
100
105
100
97
98
108
119
124
129
134
138
142
144
146
151
157
160
163
162
161
159
153
142
132
132
125
66
64
63
65
71
78
82
83
82
82
87
91
97
104
108
112
114
114
116
119
122
123
124
124
124
124
120
117
117
114
105
99
95
89
87
95
105
112
110
103
89
77
70
64
63
61
61
57
52
52
56
61
64
71
78
80
80
76
78
72
69
63
57
52
53
64
87
111
126
129
117
104
97
101
114
121
125
127
133
136
139
143
147
152
155
158
157
156
156
151
142
131
131
125
65
62
59
63
69
76
81
83
84
87
88
93
97
102
106
109
111
111
114
116
117
117
117
117
118
118
115
111
110
105
97
94
93
91
92
100
112
120
119
112
96
79
66
58
55
56
58
58
55
55
58
61
62
66
69
69
69
65
66
64
65
63
57
51
54
69
98
132
155
159
141
121
106
99
105
113
118
121
126
130
133
138
143
147
149
151
150
150
152
149
139
130
131
126
62
61
58
62
68
75
79
83
87
90
90
93
95
98
102
106
108
109
109
110
111
111
111
113
114
114
112
107
105
100
93
93
98
98
102
110
122
129
130
123
104
84
67
58
56
57
62
64
62
63
64
66
63
65
65
65
64
60
60
61
66
66
63
56
60
78
109
149
175
181
164
140
119
103
99
103
108
113
116
121
126
131
137
140
144
146
145
146
151
149
138
132
133
128
61
61
59
63
67
73
78
84
88
90
90
91
92
94
97
102
105
106
105
106
106
107
108
109
109
109
107
102
101
98
94
98
105
108
114
122
132
138
138
130
111
91
76
66
63
62
65
65
61
63
68
68
65
66
66
66
64
61
65
66
69
69
67
61
65
84
115
151
175
189
179
160
138
121
108
103
103
105
106
111
118
123
129
132
134
137
137
140
145
144
137
133
132
129
61
61
61
63
66
71
78
84
87
89
87
88
88
89
93
98
102
104
105
106
106
106
106
105
103
101
101
98
98
97
96
103
112
115
121
128
137
141
139
132
114
94
80
72
67
67
67
66
64
67
69
70
68
70
72
71
72
69
69
70
72
71
73
70
77
96
124
155
175
193
189
175
156
140
122
110
102
100
98
103
112
117
121
124
126
128
128
132
137
135
132
130
129
128
60
61
59
62
66
71
76
82
87
90
87
89
87
86
89
94
99
104
103
106
106
106
107
103
98
97
94
95
98
102
108
112
116
122
129
136
140
143
141
131
116
98
85
76
69
68
68
68
68
71
73
74
73
73
79
83
83
81
79
76
78
77
79
83
94
111
133
159
182
191
189
182
171
156
137
125
111
102
97
99
106
111
116
118
119
118
120
124
127
127
128
128
129
125
60
60
58
61
64
69
73
79
85
89
88
90
89
88
89
92
96
100
100
102
103
104
105
101
96
94
95
97
103
110
117
122
126
131
136
142
145
146
143
134
121
108
94
85
76
74
74
72
71
72
78
81
82
84
90
94
95
95
91
87
86
84
88
101
115
131
149
167
181
188
187
182
174
163
154
142
127
114
103
99
102
105
110
112
113
114
113
116
119
120
124
125
126
121
60
61
60
61
63
68
71
76
82
87
88
91
92
91
91
91
92
95
97
99
100
102
104
100
96
94
98
103
111
119
126
129
131
136
140
145
145
144
139
132
124
115
105
95
85
80
77
74
72
72
76
81
86
88
92
96
96
97
94
94
94
94
102
116
130
143
161
173
181
185
182
177
173
169
164
154
141
127
111
102
100
100
104
105
109
110
109
109
112
116
121
123
125
121
62
62
61
62
64
67
69
73
79
84
87
91
94
94
94
92
92
95
96
98
99
101
103
102
98
98
104
111
120
126
131
131
132
136
142
145
143
139
134
129
125
119
108
99
90
85
81
76
72
70
73
80
84
88
89
90
90
91
95
100
104
108
116
126
136
145
160
172
180
182
179
174
171
168
164
159
152
141
127
115
108
104
104
104
107
111
109
108
112
117
121
125
127
123
63
63
61
61
62
65
67
70
75
80
85
90
94
94
93
92
92
95
96
98
99
101
103
103
103
104
109
118
128
131
133
131
132
136
139
140
136
132
128
125
122
119
111
104
95
91
87
84
78
75
75
80
84
84
85
84
85
89
100
110
119
127
133
135
141
148
154
165
173
176
176
174
172
166
160
159
157
152
142
131
120
112
108
106
108
111
112
110
114
120
123
127
128
127
63
63
61
60
61
63
66
68
73
77
83
88
91
91
90
89
90
94
97
100
101
102
104
105
107
111
116
124
132
133
131
128
127
131
132
131
126
122
119
118
120
119
117
111
106
104
103
98
91
86
85
86
86
85
85
86
89
93
105
119
133
146
151
149
151
153
151
157
160
164
169
172
169
162
155
154
155
156
150
142
132
123
114
110
109
113
113
113
115
120
124
127
127
129
63
63
62
60
60
63
66
68
72
76
81
86
88
87
86
86
89
95
99
101
101
102
103
105
109
114
120
127
131
131
128
123
121
122
124
123
117
113
112
113
119
122
121
118
115
115
114
108
99
92
91
91
89
89
91
93
95
99
108
121
133
144
152
155
159
158
154
154
150
152
156
159
160
157
153
152
153
154
152
148
141
133
122
116
112
115
117
117
118
121
122
124
122
127
63
64
64
61
60
63
65
67
71
75
79
84
86
85
84
85
89
96
99
101
101
101
102
103
107
114
120
126
129
129
125
122
118
118
117
115
108
104
103
108
117
121
122
119
119
120
119
111
100
92
84
85
86
89
94
96
97
100
105
114
116
123
134
146
155
155
158
154
148
146
146
146
150
153
151
149
148
148
147
145
140
134
128
121
116
117
121
121
122
124
120
120
119
125
64
66
65
62
60
61
65
69
72
74
78
81
84
86
86
87
90
93
97
96
98
101
102
102
105
111
116
119
120
122
120
119
118
116
113
106
101
100
103
108
116
120
121
118
114
112
111
105
96
85
79
79
80
85
91
94
95
94
94
96
96
99
108
117
130
145
150
152
150
144
141
143
147
152
153
149
143
139
139
140
139
139
130
124
121
121
124
127
128
126
120
117
119
124
63
65
65
62
60
61
65
68
72
74
77
80
84
86
86
88
92
95
94
95
98
103
104
103
105
109
114
115
115
117
118
115
112
107
102
98
95
96
102
106
107
109
102
101
98
94
91
88
83
79
78
75
72
74
79
82
81
79
74
76
76
79
84
91
102
115
127
136
141
141
140
140
140
143
143
144
144
140
137
137
137
135
130
126
124
125
127
127
127
124
120
118
121
128
62
64
64
61
60
61
64
68
71
74
76
79
83
85
86
89
93
97
96
97
101
105
105
104
105
108
111
113
112
115
117
112
106
97
92
91
90
94
98
101
98
94
86
83
80
79
80
81
85
87
80
76
72
71
73
74
74
71
70
73
74
72
72
73
78
87
97
109
119
125
129
131
130
130
134
141
144
138
132
131
132
132
131
127
127
129
128
126
123
120
118
119
123
130
62
64
63
61
60
61
64
68
71
73
75
78
81
83
85
89
94
98
101
101
104
106
106
104
105
108
109
111
110
113
113
108
102
93
88
89
90
92
94
93
88
83
77
70
65
64
67
69
71
73
74
74
73
71
69
69
69
68
69
71
72
71
68
65
65
68
75
83
92
100
111
118
120
119
123
131
134
129
121
121
126
131
132
127
125
127
125
122
118
115
113
115
121
129
61
63
61
61
59
60
63
67
71
73
74
77
79
82
84
89
95
100
103
104
105
107
106
104
105
106
106
107
105
106
105
102
100
94
91
92
90
87
83
79
76
72
69
63
59
60
63
65
67
68
71
77
82
79
72
68
67
67
68
67
66
64
61
60
60
59
61
65
71
80
91
101
107
111
111
115
118
115
109
109
118
128
131
125
121
122
121
120
116
111
108
110
115
122
59
61
61
59
59
60
63
66
70
72
73
76
78
81
84
89
96
101
101
103
107
108
107
105
104
104
105
105
99
99
98
97
99
97
95
92
85
76
68
62
59
57
53
54
58
63
69
73
77
82
87
95
101
97
87
80
76
74
72
67
63
59
57
57
58
56
52
55
59
64
71
76
85
94
101
102
104
104
100
101
110
120
127
121
117
117
118
118
115
109
104
104
108
114
57
59
60
58
58
59
62
65
69
71
73
75
77
80
83
88
94
98
99
102
106
108
107
105
103
103
103
102
95
94
94
94
96
92
88
81
72
63
58
54
53
53
57
63
71
76
80
86
90
93
98
104
108
106
100
93
88
83
79
74
71
68
65
63
60
54
49
48
47
49
50
50
59
72
87
89
91
93
92
97
106
115
121
117
114
113
114
115
112
106
98
97
101
109
56
57
59
58
57
59
61
64
68
70
72
74
77
79
82
86
91
94
98
101
104
105
104
103
102
101
100
98
91
91
91
90
89
83
75
66
57
54
55
57
58
59
66
73
80
84
87
91
93
93
94
98
101
104
104
103
98
92
90
89
91
91
86
80
72
62
52
45
38
37
36
34
43
56
69
73
77
81
84
94
105
113
116
114
113
111
111
112
109
101
96
94
96
103
53
55
61
60
58
57
59
63
67
69
73
76
79
81
83
84
87
93
95
101
102
104
105
103
101
98
98
95
91
89
88
87
80
74
64
57
51
54
57
59
61
64
71
76
83
87
89
91
93
93
93
97
101
105
109
113
114
113
112
116
119
119
116
109
98
88
75
65
57
52
48
49
53
54
63
67
71
75
83
94
105
112
114
115
112
110
112
108
102
100
94
90
94
99
52
54
59
59
60
58
58
61
65
69
73
76
78
80
82
83
85
89
92
99
101
103
103
101
100
98
95
92
88
86
86
83
75
67
61
57
55
57
58
59
60
62
67
74
83
91
97
101
104
106
107
112
118
122
127
134
139
141
144
149
152
152
147
138
127
119
103
94
86
83
83
84
81
74
67
69
72
76
84
94
104
109
111
114
113
110
109
103
97
95
90
89
91
95
54
54
58
60
63
62
60
60
65
69
73
75
77
80
82
82
83
86
90
98
100
102
102
100
100
99
96
91
88
85
83
81
74
67
64
64
65
68
67
67
69
72
78
84
93
102
107
111
116
120
126
132
137
140
145
151
159
165
165
166
167
164
157
149
145
143
135
129
123
118
117
115
106
93
83
82
81
83
88
97
102
105
110
113
113
109
104
96
91
89
87
87
89
93
53
54
57
60
64
64
62
62
66
70
73
76
78
80
83
83
82
85
90
97
100
101
101
100
101
100
99
95
90
86
83
80
77
75
76
78
80
82
81
81
83
87
98
100
105
112
115
118
123
129
133
137
141
143
143
147
153
159
162
159
157
153
147
143
143
147
149
148
145
140
136
134
127
119
108
102
95
93
95
99
102
103
109
112
112
107
99
91
86
84
86
88
89
91
51
53
55
58
61
62
61
63
64
68
71
74
77
80
82
82
82
85
88
95
97
99
100
99
100
99
99
97
92
88
84
83
83
84
87
89
92
93
93
91
93
96
101
102
107
112
115
117
122
127
126
128
130
131
129
129
131
133
131
130
130
128
125
122
124
129
132
135
136
136
136
135
134
132
124
116
107
102
101
103
102
102
104
106
107
104
96
88
82
78
85
89
90
88
52
54
52
55
58
59
59
60
63
64
68
72
76
79
80
80
80
83
87
93
94
96
99
99
101
99
98
97
94
91
88
86
88
90
91
93
95
97
96
94
93
92
95
97
103
107
110
110
111
113
112
113
114
113
112
111
110
110
108
107
108
109
108
108
111
116
119
124
129
132
137
138
137
138
130
122
113
106
103
102
101
101
99
101
104
102
94
86
79
74
81
89
92
88
56
56
51
53
56
57
57
58
60
62
65
69
72
76
80
79
80
82
84
89
90
93
98
100
100
98
97
95
93
92
89
88
89
92
91
93
95
96
94
91
90
89
92
95
99
103
104
102
100
98
98
97
97
96
96
94
92
91
91
91
91
91
93
94
101
105
112
119
125
130
137
140
139
137
132
127
119
112
106
100
98
97
95
96
100
99
91
84
79
73
77
88
93
86
58
56
52
54
55
56
56
56
58
60
63
66
69
74
79
81
81
83
80
85
86
90
96
98
99
96
97
94
91
90
89
87
90
94
95
95
95
94
92
91
90
90
94
96
100
100
100
98
94
91
88
86
84
83
80
79
77
77
78
80
82
84
85
88
93
96
103
116
124
126
134
140
140
139
137
131
125
118
108
99
94
93
93
94
97
95
87
81
78
72
75
88
94
83
58
58
53
54
57
58
58
56
57
60
63
66
69
73
77
81
83
83
80
79
81
86
93
96
97
96
95
93
91
90
88
86
89
92
93
95
96
95
92
90
89
89
92
93
95
98
96
93
88
86
83
80
79
79
77
75
74
76
79
83
86
86
88
90
93
98
107
113
121
129
133
136
137
137
136
136
131
123
113
101
94
93
94
96
95
91
85
81
76
73
76
88
92
83
57
56
55
55
56
59
58
57
58
60
63
65
68
72
76
80
82
82
78
78
80
84
90
93
95
96
96
95
91
88
85
84
86
88
90
92
93
93
91
88
86
86
89
90
88
88
87
86
86
87
82
79
78
78
75
74
75
77
82
86
88
90
93
96
99
104
111
116
124
128
130
132
133
134
138
136
131
122
111
99
93
94
96
96
94
87
81
79
77
75
78
90
91
80
56
58
58
55
55
57
58
58
59
60
62
63
66
69
74
77
79
80
76
77
79
83
87
90
94
95
97
97
95
91
85
83
84
85
86
88
89
90
88
86
84
82
82
83
82
83
82
82
83
84
83
79
78
77
75
75
76
78
81
85
88
92
97
100
105
109
114
120
125
128
129
130
131
134
136
133
127
119
108
97
93
95
100
99
94
83
77
76
77
77
82
93
91
76
53
57
58
56
54
55
56
56
57
59
59
60
62
66
70
73
76
77
76
77
79
82
86
90
93
96
99
100
100
95
89
86
85
84
83
84
86
86
85
84
83
82
79
80
81
83
83
82
82
83
81
78
75
75
74
74
75
77
79
82
85
89
97
102
107
111
118
123
128
130
130
131
133
134
133
128
122
116
106
98
94
94
99
98
92
82
75
75
77
78
85
93
89
72
50
53
56
54
53
53
53
53
55
56
57
56
58
63
67
71
74
76
76
77
79
81
84
88
93
96
99
102
103
100
95
90
86
83
81
82
83
83
82
81
81
82
82
82
82
84
84
84
83
83
80
77
75
75
76
77
81
84
87
89
92
97
104
110
114
119
125
129
133
134
134
135
135
135
132
125
119
115
108
103
100
96
95
93
86
76
73
74
78
79
84
91
84
65
51
56
56
54
53
52
53
53
54
54
56
55
56
60
66
69
73
76
76
77
78
80
82
86
90
95
98
102
104
104
100
93
88
84
78
79
81
80
78
78
79
80
83
84
84
86
86
84
82
80
77
77
77
78
81
86
92
96
101
104
106
109
115
119
124
128
132
136
139
140
141
142
141
139
133
126
122
120
118
117
112
103
95
88
80
73
69
71
74
78
83
88
78
58
51
58
57
54
53
54
55
55
55
54
53
52
55
59
64
68
72
75
76
77
77
77
78
82
87
91
95
98
102
104
102
95
89
86
79
79
80
79
80
79
79
80
81
82
85
87
86
83
78
76
75
78
82
88
93
99
106
110
115
118
121
124
127
130
133
137
143
146
148
147
146
146
144
141
136
130
129
128
127
128
120
106
93
85
75
70
68
68
70
74
81
84
72
49
47
54
58
55
53
55
57
58
55
54
52
51
53
58
63
67
71
75
75
75
75
74
75
78
82
86
90
92
98
103
102
95
90
87
81
82
82
83
84
84
83
82
83
82
82
82
81
79
77
77
79
86
95
104
111
117
122
125
131
135
139
142
144
146
148
152
154
157
157
153
149
146
143
139
140
135
136
135
132
131
121
103
87
79
71
67
68
67
69
72
79
80
66
42
43
52
59
57
58
59
59
58
55
53
53
52
54
57
61
64
68
71
73
73
73
73
73
75
78
81
85
88
94
98
98
96
93
90
88
87
87
90
91
90
87
85
84
82
81
82
80
81
83
87
93
100
106
111
119
127
134
140
143
146
149
153
156
158
161
164
165
164
161
156
150
147
142
136
136
138
138
136
133
125
108
92
75
69
67
68
67
65
70
73
79
74
56
30
36
47
59
60
62
63
61
58
56
55
54
53
54
57
59
61
64
67
71
71
71
71
71
72
75
78
82
84
89
93
95
95
95
93
91
89
90
94
96
97
94
92
92
90
88
89
89
92
96
102
107
112
117
119
125
132
141
147
151
153
155
156
161
165
168
170
170
168
165
159
152
147
143
137
136
138
136
132
126
115
98
83
74
71
70
70
66
65
70
75
76
69
50
28
32
46
58
63
66
66
63
59
57
58
56
56
55
56
58
59
61
64
68
69
70
69
70
71
72
75
76
77
82
89
95
99
101
100
95
93
93
96
102
104
105
105
103
102
99
98
100
103
110
116
120
124
125
125
129
136
144
151
155
156
155
155
158
161
165
169
169
168
166
162
156
152
147
141
138
136
130
121
112
102
89
79
74
74
75
70
64
64
70
75
74
65
46
25
29
45
56
62
65
65
65
62
60
61
58
57
56
58
57
58
59
62
65
67
68
70
70
71
73
74
72
73
79
87
95
103
106
105
98
95
94
96
103
108
112
115
114
111
108
106
105
107
113
117
121
126
128
128
130
135
143
148
154
154
153
152
155
157
159
162
166
166
166
164
160
157
153
147
138
132
121
108
97
89
82
78
74
75
74
68
61
64
70
74
72
58
38
21
25
41
55
58
63
65
66
67
65
64
60
59
57
57
57
57
59
61
63
65
67
70
70
71
72
73
73
73
76
83
91
98
103
102
98
95
94
97
103
108
112
115
116
115
113
109
107
106
109
112
117
123
128
131
133
136
138
141
145
148
148
149
152
154
155
157
161
161
160
157
153
151
148
142
135
126
113
100
89
80
75
73
74
73
70
62
58
64
72
75
66
51
31
17
25
39
51
55
60
64
68
70
67
65
64
61
59
58
57
56
57
58
61
63
67
69
71
71
72
72
73
71
72
77
82
89
95
97
94
95
96
99
103
107
108
110
113
113
113
111
108
107
108
109
113
120
126
130
134
134
133
132
134
138
139
142
147
149
150
152
153
151
149
145
141
139
139
134
132
120
103
89
78
70
68
69
76
71
65
59
60
67
77
77
66
50
31
19
26
38
46
52
59
63
68
71
69
66
67
64
62
59
58
56
56
57
60
62
65
68
70
70
70
71
71
69
69
70
73
79
85
87
86
89
93
98
99
102
104
106
109
110
111
110
108
107
107
107
110
116
120
124
128
129
126
124
125
128
129
132
136
138
139
142
142
141
140
137
132
132
131
128
121
106
88
77
70
66
66
70
74
69
64
63
65
74
78
76
63
49
31
21
25
35
42
50
60
65
70
72
72
69
69
66
64
61
59
57
57
58
55
58
62
66
68
69
70
70
69
67
67
67
68
71
75
76
80
83
87
92
94
97
100
103
105
107
108
107
105
105
105
105
108
113
115
118
122
123
122
120
116
118
118
118
120
122
124
127
130
130
131
130
125
123
121
117
105
91
77
70
67
66
66
69
69
66
65
68
72
76
76
70
56
43
28
23
18
29
37
52
63
63
68
74
73
69
69
67
65
61
59
57
56
56
55
56
59
62
65
67
68
68
68
66
66
68
67
64
66
70
72
76
81
83
83
87
93
98
100
101
100
99
99
98
98
100
105
108
109
110
112
115
116
114
112
109
105
103
107
110
113
114
116
117
117
116
116
115
112
108
94
80
66
63
65
66
66
66
65
64
63
74
81
78
68
58
45
35
31
25
13
22
34
50
61
64
67
72
71
69
69
67
66
62
59
58
56
56
56
57
58
59
61
63
64
65
66
66
65
65
64
62
64
67
68
72
76
77
78
82
87
92
93
93
92
91
92
93
93
95
102
104
105
102
102
104
106
106
102
99
97
98
102
106
106
106
104
105
104
104
103
102
98
93
80
72
62
58
61
65
65
64
60
62
66
76
82
76
61
44
31
26
28
27
12
18
31
45
59
63
66
69
70
70
69
67
66
63
61
58
58
57
57
57
56
56
57
59
61
62
64
64
63
61
59
59
62
64
67
70
71
72
73
76
81
85
86
87
87
87
88
89
89
91
94
96
96
93
90
90
93
93
91
89
88
90
94
97
96
94
92
92
91
89
88
86
83
79
72
68
63
59
61
64
64
61
61
67
73
82
90
86
67
40
26
22
25
22
11
17
27
41
55
63
66
68
69
70
68
68
67
65
63
61
59
58
58
57
56
55
55
56
59
60
62
63
62
58
57
58
61
63
65
67
68
70
70
74
78
81
81
82
83
84
86
86
86
88
89
92
93
90
87
85
84
84
83
82
82
84
86
85
84
82
81
81
79
78
76
75
72
69
69
68
66
63
61
61
61
62
64
70
76
86
107
116
98
62
28
21
25
22
7
13
23
38
53
63
68
69
67
69
67
68
67
67
66
64
63
61
59
58
56
55
55
55
56
58
60
61
61
58
57
59
61
62
62
63
64
65
66
70
74
76
75
77
79
80
83
83
83
84
85
87
88
87
84
82
80
78
82
82
82
82
81
79
78
77
75
74
72
71
69
68
66
65
63
63
65
64
61
57
59
63
67
72
78
91
125
149
136
91
42
22
24
23
6
11
19
35
53
64
68
69
66
66
67
68
69
68
68
67
66
64
60
59
57
56
55
54
54
54
57
58
58
57
57
59
60
60
59
60
61
61
63
66
69
71
72
74
75
77
80
81
80
81
83
83
82
82
81
80
78
77
76
77
77
75
73
72
72
71
71
70
68
67
66
65
64
63
63
63
63
64
60
57
60
66
67
74
85
102
144
176
168
123
66
28
19
22
7
12
20
37
52
62
65
66
65
67
68
69
70
68
68
69
67
65
61
60
59
57
56
55
54
54
56
57
57
57
58
59
59
59
59
60
60
60
61
63
66
68
69
71
72
74
78
79
79
80
83
82
83
81
82
82
81
82
80
81
81
79
77
76
75
76
73
71
70
69
67
66
66
66
67
66
66
65
62
61
63
66
67
77
96
120
164
195
196
159
90
39
23
27
7
13
23
38
52
58
60
63
65
69
68
70
70
69
68
68
68
65
62
61
60
58
57
56
55
55
58
58
58
59
60
60
60
61
59
60
61
60
60
62
64
65
66
68
69
71
75
77
77
79
79
80
81
81
81
80
80
81
80
80
80
78
77
76
75
74
75
74
72
71
70
69
68
69
68
69
67
64
64
66
67
68
77
88
113
137
176
203
207
176
114
54
28
26
10
18
27
43
51
54
60
62
66
69
67
68
69
69
68
67
67
67
64
62
61
60
59
60
60
59
61
61
60
61
62
63
63
62
61
61
62
61
61
61
62
62
64
65
67
69
71
73
74
74
75
76
77
77
79
80
80
79
79
79
78
79
79
78
77
76
75
74
72
72
72
72
72
71
70
71
69
67
67
69
73
75
80
101
126
162
185
205
211
197
144
85
43
28
15
24
34
49
54
58
63
65
66
64
66
65
67
68
68
67
66
65
66
65
64
62
62
62
62
62
64
64
63
63
63
64
64
63
63
63
63
63
62
62
63
63
64
65
67
68
70
71
72
72
72
73
74
76
77
78
78
79
79
77
77
77
77
78
77
77
75
74
73
72
72
72
72
72
71
70
67
67
68
72
80
86
92
115
141
175
192
205
214
210
176
115
62
35
18
27
43
60
66
65
64
66
65
64
66
66
66
68
67
66
64
64
67
67
66
65
65
65
65
66
66
66
64
64
64
65
65
65
65
66
66
65
65
66
67
68
68
69
70
71
72
73
74
73
73
74
76
76
77
79
81
80
81
80
78
77
78
78
78
77
76
75
74
73
72
72
72
72
70
68
67
68
70
78
89
98
107
131
156
188
203
209
218
225
207
153
94
55
