23
22
22
21
16
13
15
14
11
11
14
19
26
36
45
57
70
79
88
94
103
115
121
118
119
125
133
136
139
140
144
149
154
157
156
158
160
160
160
160
160
162
158
157
158
160
157
153
151
151
154
155
156
154
149
146
142
138
136
136
137
137
135
136
138
136
132
129
127
123
117
114
114
112
112
112
108
108
106
105
101
92
80
72
66
58
53
48
37
30
30
33
35
35
27
27
31
31
23
18
19
19
18
20
22
28
37
50
60
72
81
89
95
98
107
120
127
122
121
126
133
138
143
144
147
153
158
160
159
159
160
159
156
155
157
160
160
158
158
160
160
159
158
158
157
158
160
157
152
150
146
140
135
134
137
139
136
132
131
130
131
130
129
125
119
117
117
115
113
110
105
104
105
107
106
95
87
78
70
62
60
57
46
36
34
34
33
32
26
29
32
30
29
28
30
32
32
32
32
38
48
60
70
79
89
98
102
107
115
126
131
128
126
127
137
142
146
146
151
159
162
162
158
158
159
158
155
154
156
158
159
160
160
161
163
165
164
161
161
161
163
160
159
158
152
149
144
136
134
137
135
128
127
129
129
132
130
128
125
122
122
118
114
113
112
109
107
108
107
100
90
86
77
70
66
64
56
46
40
40
38
36
22
29
28
30
34
41
45
46
44
42
41
51
63
73
81
86
93
101
108
114
122
131
135
132
130
132
142
145
149
151
155
160
162
161
157
156
156
157
159
161
162
162
164
164
164
164
164
166
167
167
166
165
166
164
163
162
156
153
147
141
138
137
135
133
134
134
134
135
133
131
128
128
129
124
118
117
116
112
108
109
106
102
95
89
85
80
75
71
63
53
45
42
42
38
25
33
29
32
43
54
55
49
46
50
58
69
80
85
90
93
101
106
110
116
124
132
137
137
134
134
144
148
151
154
157
163
163
162
159
158
158
160
165
168
170
169
169
172
173
170
168
168
170
171
170
170
169
165
163
164
159
156
149
145
141
138
135
138
142
141
141
138
137
136
132
133
136
130
121
120
119
113
107
107
105
101
98
93
90
88
84
77
66
57
49
46
49
48
29
32
25
28
40
51
49
40
43
56
73
82
87
90
94
102
108
113
113
119
124
133
142
144
142
139
144
147
151
152
157
163
164
163
161
162
163
164
168
172
174
175
175
178
180
178
174
173
173
173
173
171
171
165
162
164
161
159
151
147
143
140
139
142
145
145
142
140
141
142
135
136
140
132
122
121
119
114
107
105
104
100
100
95
92
92
87
78
66
57
52
48
48
52
30
30
37
40
49
55
57
57
65
75
77
84
89
92
103
111
116
117
117
123
128
135
142
144
143
141
144
146
149
152
158
162
164
164
163
164
167
170
174
177
178
177
176
181
184
183
181
179
180
180
178
176
175
169
165
167
165
164
156
150
146
145
143
143
145
146
145
143
145
147
140
137
140
132
126
125
122
118
111
107
107
103
101
95
94
95
90
80
70
60
55
48
43
48
37
41
50
52
53
54
60
69
74
73
75
83
91
99
111
118
120
118
122
128
133
135
138
139
139
142
145
147
150
153
158
161
162
162
165
164
165
170
174
174
171
168
170
173
177
176
176
177
181
183
182
183
182
174
171
172
170
170
162
155
151
151
147
144
144
145
148
147
149
151
144
139
140
133
130
129
127
121
116
113
113
109
103
98
96
96
93
86
78
70
58
51
42
44
43
49
52
50
47
50
59
68
70
68
77
88
100
108
116
120
120
122
127
132
133
134
137
139
142
146
148
151
155
158
161
163
163
163
168
164
163
167
169
165
162
160
164
168
169
167
166
169
174
177
180
181
180
173
169
172
171
170
165
158
155
155
151
148
148
148
151
150
148
149
145
140
140
136
133
130
127
122
118
116
116
113
107
102
99
98
94
92
85
78
64
56
48
46
43
44
42
35
37
51
62
67
73
80
87
99
110
117
120
121
123
127
126
126
125
129
136
141
144
148
151
155
161
163
167
168
166
166
174
171
171
172
171
166
166
170
173
177
177
173
170
170
175
178
174
176
177
169
165
169
168
168
164
159
156
155
153
151
152
151
152
150
147
146
144
140
142
138
135
131
127
122
118
118
118
116
111
106
101
99
96
93
88
82
73
58
51
47
44
45
42
40
45
56
65
70
78
87
96
108
115
114
114
117
124
128
124
122
121
124
134
143
148
146
153
159
166
172
175
174
173
175
177
174
173
175
177
179
181
182
187
185
186
184
180
181
183
182
180
180
178
169
166
167
164
167
164
160
158
158
156
155
155
156
154
151
147
145
144
143
142
141
137
131
123
121
121
120
118
117
114
108
104
103
99
95
89
83
73
62
54
55
56
58
54
51
54
63
69
72
80
89
97
108
116
116
116
119
124
128
129
126
123
126
135
144
148
148
156
161
167
174
178
178
176
177
175
174
176
180
184
186
188
191
191
190
192
191
188
190
192
190
186
186
184
176
172
173
171
171
165
162
160
160
159
156
154
155
158
154
150
147
146
145
143
142
137
132
127
124
123
120
118
117
113
109
106
103
100
97
92
84
77
67
63
64
57
60
61
59
60
67
71
74
82
90
97
107
116
120
123
124
128
133
133
129
128
132
139
145
150
153
161
165
168
174
180
182
178
176
175
177
182
187
191
194
195
197
197
196
195
193
191
195
198
197
196
195
193
185
179
178
174
174
171
167
164
162
161
159
157
157
159
157
152
149
148
147
146
144
141
135
130
128
125
121
117
116
110
107
104
101
100
98
94
86
83
72
69
60
51
57
58
56
59
66
70
75
84
93
101
109
119
127
130
130
133
138
134
131
130
136
142
147
151
155
163
166
168
173
178
178
175
172
175
179
186
192
195
197
198
200
201
202
201
199
200
203
205
204
203
200
198
192
186
181
176
174
170
165
160
158
158
157
157
159
161
159
155
150
149
149
148
146
141
136
132
131
128
123
118
114
110
107
104
100
100
100
96
89
81
76
74
60
47
53
51
54
58
64
69
75
86
94
107
114
122
129
133
132
133
137
134
131
131
138
142
144
149
153
165
167
169
171
174
174
171
169
175
180
187
191
195
197
200
201
201
204
205
204
206
208
207
205
202
200
202
200
194
188
179
172
168
165
160
158
157
158
158
159
163
161
156
152
150
151
149
147
141
136
133
133
131
127
119
117
115
110
107
104
103
102
97
91
78
75
69
65
46
46
47
53
60
65
69
76
86
93
107
113
120
126
131
131
132
134
135
132
133
138
143
145
148
151
166
169
171
170
172
173
172
171
176
181
187
190
194
197
203
204
204
205
203
201
202
201
200
202
202
200
206
207
200
192
179
168
168
168
165
164
163
161
161
160
160
160
156
152
152
154
151
148
143
140
139
137
135
129
121
118
114
108
105
105
104
101
97
92
82
74
67
69
41
41
44
52
61
68
73
78
87
95
104
110
116
121
129
132
133
135
135
134
135
141
146
150
153
155
169
173
172
171
174
175
176
176
180
184
187
190
191
195
198
201
206
205
200
197
197
194
195
199
201
199
206
207
199
191
180
171
171
170
170
167
165
163
162
162
161
162
159
156
155
156
152
147
144
144
144
141
135
128
122
120
111
105
103
105
104
101
95
89
87
75
74
77
30
36
44
52
63
70
75
82
91
99
106
111
117
121
129
134
135
137
136
135
136
143
149
154
159
160
173
175
174
172
175
178
178
179
182
184
187
186
187
189
192
193
193
196
194
195
195
192
190
194
197
195
202
202
195
191
183
177
175
175
173
171
168
166
167
166
168
167
165
161
158
156
149
143
140
141
142
141
134
127
122
122
114
108
107
110
108
102
94
89
85
74
73
74
27
35
42
51
61
68
77
87
96
102
105
110
117
125
133
136
138
141
139
137
137
142
148
155
160
163
171
174
173
171
174
178
178
177
179
180
179
177
177
178
178
178
178
180
183
186
185
182
181
182
183
185
191
194
192
189
183
176
175
174
175
174
171
166
165
165
165
164
161
157
154
151
144
136
131
138
141
140
133
128
125
124
118
108
105
107
109
104
96
90
83
74
70
72
28
40
43
50
60
69
81
89
94
98
102
109
118
124
131
136
138
144
143
142
142
146
152
158
161
162
168
172
171
168
171
174
174
173
169
170
169
167
167
167
167
166
167
169
170
171
169
167
167
168
174
174
177
180
183
184
179
173
166
165
164
163
162
158
155
154
152
152
149
147
146
145
137
127
129
132
136
135
132
130
127
124
116
109
105
108
108
104
97
93
85
75
70
71
40
47
46
50
56
66
79
86
90
95
106
113
120
125
133
139
141
143
144
144
145
150
154
158
159
159
165
170
170
166
168
169
168
166
164
164
164
163
164
164
164
163
164
164
164
162
159
159
161
162
167
165
165
170
173
175
172
165
162
160
157
158
159
157
153
150
146
146
144
143
144
142
134
125
125
126
129
130
130
130
127
125
118
111
107
109
107
102
96
91
83
75
70
68
46
46
44
46
51
63
76
82
89
96
110
116
121
127
136
143
144
141
145
146
148
152
157
160
159
159
162
168
169
168
168
168
166
163
161
161
161
161
163
163
163
163
163
165
163
159
158
161
163
165
167
165
165
166
167
168
166
160
156
154
152
153
156
155
152
150
149
148
146
145
146
144
137
129
124
124
125
125
126
126
125
124
118
111
108
108
105
101
95
90
83
74
67
63
37
37
36
42
52
65
74
81
90
99
110
117
121
126
134
140
144
145
149
149
151
156
159
162
161
161
163
167
169
168
168
167
166
166
164
163
162
161
163
162
163
163
161
162
161
158
155
157
160
160
164
164
166
166
165
166
165
161
154
153
150
151
154
154
153
153
152
151
149
147
146
143
137
131
125
126
125
123
121
121
122
123
117
111
107
108
106
103
97
90
82
73
63
54
26
30
32
44
58
67
75
80
88
96
107
117
123
125
129
135
144
149
153
154
155
159
161
163
162
162
165
168
167
164
165
167
168
170
170
168
166
164
164
163
162
163
162
162
162
160
157
155
155
155
163
164
167
168
164
165
166
164
160
158
155
155
155
157
157
158
158
157
152
148
145
142
139
134
129
129
128
124
120
118
119
122
118
113
109
109
108
104
96
90
82
73
61
48
22
26
33
47
58
66
73
83
93
101
110
118
123
127
130
134
141
150
153
154
156
159
161
163
162
161
164
166
163
161
162
164
166
168
170
166
163
164
164
162
162
161
165
166
167
165
162
159
157
158
164
164
165
164
162
164
168
166
163
160
158
157
157
157
158
158
162
160
156
151
147
145
142
140
134
132
130
126
122
119
119
120
119
113
110
109
107
103
96
88
81
71
59
46
21
26
35
48
56
61
72
89
104
112
115
119
124
128
133
135
139
146
151
153
155
159
161
162
161
161
162
162
161
160
160
161
163
165
168
164
163
163
165
163
163
162
166
167
168
169
166
161
159
160
164
163
162
162
161
166
170
169
162
161
158
158
158
158
158
159
164
161
156
152
149
147
144
142
137
134
130
128
125
122
119
119
116
111
109
108
106
103
96
89
79
69
58
45
19
28
35
47
55
68
81
98
113
118
117
119
125
131
134
135
139
144
150
151
155
159
161
161
159
157
159
156
156
159
164
166
164
162
165
165
167
167
168
168
167
166
169
170
169
171
170
166
165
161
162
162
164
163
160
164
169
169
164
163
164
165
164
164
165
164
163
162
155
154
154
149
148
146
143
137
133
132
129
125
122
118
113
109
108
109
107
102
96
90
81
72
64
46
26
33
43
54
66
83
102
114
121
120
122
125
131
135
136
136
141
146
149
149
151
154
157
156
155
154
152
153
155
160
165
167
167
167
166
169
171
171
172
172
173
173
172
173
172
175
175
171
169
164
163
163
164
163
159
160
163
168
167
164
166
166
166
165
167
167
166
165
159
158
159
152
152
152
151
148
144
137
131
130
125
119
115
111
108
108
106
101
96
90
84
76
70
51
30
37
47
66
87
103
114
118
120
117
124
127
131
134
135
137
140
145
148
149
150
152
152
151
150
149
149
151
156
160
163
163
163
165
171
174
174
173
173
174
175
175
173
175
175
178
179
177
174
170
166
165
165
165
161
155
159
167
170
169
169
169
169
169
170
169
166
166
163
164
162
154
150
151
153
154
150
141
135
137
135
127
118
115
111
108
104
101
98
95
88
84
78
58
29
35
59
83
102
110
111
112
118
124
126
128
129
133
137
141
143
144
143
147
149
150
150
147
145
143
150
152
157
162
162
162
163
167
171
173
175
174
173
174
174
172
174
177
176
178
179
179
179
175
170
169
171
171
167
156
156
168
175
174
172
170
170
170
170
170
172
170
167
166
161
152
148
150
156
156
153
146
139
140
137
130
121
116
112
107
104
102
100
98
91
88
82
64
29
38
65
89
105
113
118
118
122
126
130
129
131
134
138
142
143
142
145
144
143
139
139
141
145
149
156
156
156
156
154
151
152
155
166
169
173
176
179
179
176
171
174
179
181
182
183
183
185
182
173
174
176
179
175
160
158
169
186
186
179
173
172
171
172
174
177
174
169
163
157
150
148
153
156
153
152
148
144
141
137
131
122
117
113
108
104
100
98
94
89
86
82
65
33
49
65
89
103
110
118
121
124
128
133
135
136
136
137
137
139
139
135
137
139
140
141
143
143
142
138
136
136
142
146
149
156
161
170
173
179
185
189
189
186
183
188
194
196
195
192
191
190
185
180
181
185
189
183
167
162
166
191
193
188
176
171
169
173
179
181
178
175
168
161
155
151
153
157
152
149
148
145
140
133
127
118
114
111
109
103
99
97
93
88
86
82
67
36
53
71
94
102
105
112
117
128
136
140
140
139
137
135
136
136
134
134
131
127
125
128
135
137
136
128
122
120
128
138
146
153
160
168
170
174
180
184
185
188
192
201
209
210
206
202
198
195
187
188
186
191
196
189
174
165
163
183
193
191
179
169
165
170
182
187
184
182
173
165
161
154
154
159
150
143
142
137
129
118
107
101
98
95
94
92
94
94
93
90
90
85
72
34
50
72
96
108
115
122
127
131
136
138
136
133
130
130
131
129
127
119
119
120
122
127
128
122
115
118
110
107
116
127
136
144
149
145
145
148
154
156
161
173
184
194
201
205
206
208
211
212
206
191
190
196
199
190
176
166
158
177
193
197
186
175
168
173
187
190
185
179
165
159
156
150
151
151
142
133
130
127
119
105
92
81
76
72
72
75
83
89
92
95
94
91
76
38
59
79
97
104
110
123
127
129
132
135
136
138
141
139
134
127
119
117
114
110
111
114
118
119
118
123
117
110
104
102
104
105
107
102
100
97
104
112
113
119
130
145
159
170
182
191
203
210
203
188
179
181
192
191
178
166
161
170
192
200
194
180
166
169
181
187
175
165
150
140
139
135
135
134
126
120
119
116
106
94
85
78
72
67
66
67
70
77
85
90
89
88
80
34
55
79
98
106
108
116
123
131
137
142
140
138
141
142
138
130
124
118
115
108
104
107
115
119
119
126
121
112
102
93
89
89
91
89
84
77
77
77
72
71
78
93
113
132
151
162
170
180
182
175
167
171
187
191
179
165
156
165
186
195
189
171
155
158
168
171
162
143
124
117
112
106
104
104
101
99
98
93
86
82
83
77
76
76
73
68
65
69
76
84
87
89
84
30
45
66
87
103
110
117
124
134
139
137
133
130
133
137
136
129
124
116
117
117
117
120
122
120
115
115
114
109
104
100
101
104
109
112
102
90
85
81
72
65
67
72
88
105
128
152
162
166
165
161
160
165
178
185
182
168
153
154
177
190
184
164
143
139
147
147
136
108
86
78
71
66
65
69
65
65
72
80
84
85
86
80
78
77
77
74
72
71
73
80
91
95
88
36
49
55
69
85
101
112
120
133
139
138
132
125
128
137
141
136
127
127
125
123
123
128
133
135
134
131
127
120
113
107
106
107
109
105
101
97
97
95
86
79
76
77
88
96
113
139
153
147
140
136
148
161
169
180
186
172
150
151
172
186
179
155
131
126
130
124
110
81
61
51
46
48
49
59
63
69
77
85
93
97
98
97
91
86
84
82
75
68
65
75
87
96
89
48
66
68
79
85
90
100
114
130
135
141
142
142
137
135
135
131
126
125
120
117
120
130
142
152
158
160
154
145
136
132
129
126
124
115
109
101
91
83
76
75
76
83
93
100
110
126
133
129
127
126
147
167
176
182
185
169
145
149
166
175
165
140
114
110
114
103
86
63
53
48
48
60
64
73
81
88
92
98
106
108
107
104
102
98
93
85
74
70
70
82
91
98
96
48
66
87
102
104
100
103
113
121
119
125
127
132
139
143
140
128
118
102
106
115
127
139
150
158
162
167
163
158
157
160
162
162
160
154
146
137
127
116
103
90
78
81
81
86
97
112
116
117
123
137
151
170
180
181
178
165
149
148
159
163
152
125
100
93
94
90
76
62
62
68
77
90
98
113
116
115
108
103
102
98
90
99
96
92
86
76
72
73
78
78
82
93
94
46
64
91
109
114
113
116
117
114
107
97
99
109
124
132
124
115
110
102
115
127
135
144
155
162
163
175
174
171
172
175
178
179
179
180
172
166
159
152
143
131
118
100
89
86
90
95
102
111
128
139
147
160
170
175
176
172
166
158
162
159
144
116
90
86
87
82
83
84
95
117
125
122
124
112
115
116
106
95
88
86
84
76
72
66
66
66
68
70
75
82
87
97
96
49
75
95
108
111
119
128
125
119
118
102
78
72
103
141
151
139
124
121
135
144
145
149
159
167
167
173
173
174
176
179
184
187
189
187
186
184
178
167
157
149
140
129
119
111
95
80
85
106
133
140
147
158
167
174
181
182
178
168
165
153
133
102
83
83
86
98
117
135
156
189
189
161
155
141
137
134
132
132
127
120
115
109
101
93
90
85
76
68
65
61
67
80
85
52
75
95
111
114
120
126
126
132
133
120
87
62
73
127
167
165
148
139
146
149
148
150
156
161
162
170
184
187
176
171
172
173
173
175
177
173
165
152
137
126
125
129
127
127
124
106
96
99
116
131
146
153
159
173
186
187
183
176
169
150
123
100
90
99
116
136
156
170
193
223
215
166
156
154
156
153
153
154
150
137
121
107
100
101
96
85
80
79
77
73
65
66
72
58
81
100
116
119
124
124
122
129
134
130
116
95
86
108
121
130
148
142
145
146
144
148
155
157
155
163
174
174
159
145
137
134
136
138
137
128
113
103
97
95
97
109
120
126
130
131
114
96
98
117
135
147
153
168
186
189
180
175
170
150
119
97
94
107
120
137
151
154
170
199
179
114
107
134
146
139
133
141
142
130
118
107
98
95
94
89
86
89
90
85
76
70
67
68
87
103
117
121
125
126
125
134
139
143
142
132
126
131
115
114
145
151
149
146
144
148
154
152
145
142
149
146
130
109
90
82
85
101
105
93
68
63
74
84
86
87
107
116
130
144
139
108
89
95
105
125
147
164
171
167
160
155
150
130
103
90
97
111
122
127
128
117
135
172
154
83
81
139
139
101
68
76
86
88
90
87
88
91
96
95
95
98
104
97
86
78
71
82
92
104
117
120
123
128
132
139
143
149
151
147
148
155
130
122
147
148
146
145
148
151
148
137
127
115
118
114
105
88
65
53
55
80
90
79
57
63
90
105
99
92
109
114
126
130
145
120
84
83
78
94
131
156
156
141
125
116
105
86
70
72
95
118
128
118
116
115
145
185
166
86
73
143
131
81
43
46
52
49
48
60
78
94
99
101
102
104
106
103
89
79
78
93
96
106
119
122
121
127
134
140
143
145
147
150
149
149
128
126
151
142
141
145
152
151
137
121
112
100
98
97
98
91
71
56
57
72
79
72
65
80
109
119
111
110
120
120
120
116
129
117
83
77
84
105
131
150
155
146
130
115
102
79
58
63
97
129
139
121
111
110
133
160
150
94
80
92
83
61
54
65
67
57
44
50
71
92
101
104
104
103
106
102
90
76
73
95
97
104
118
124
122
125
132
136
141
141
143
149
148
141
124
128
151
143
140
141
145
140
124
111
109
103
101
102
111
110
94
78
77
82
86
86
88
96
108
114
117
120
127
128
118
115
111
105
78
75
101
129
145
154
163
165
158
150
143
119
84
77
109
140
146
122
113
116
128
137
135
109
98
90
76
68
77
87
89
83
68
60
69
84
99
105
104
105
107
100
94
79
71
95
97
103
114
121
124
127
131
132
138
141
141
144
146
142
123
125
150
143
138
135
133
127
119
115
114
117
119
125
136
140
126
113
112
117
118
117
119
116
113
117
127
132
136
136
125
111
105
100
73
80
104
127
144
160
174
176
171
168
163
142
106
89
110
136
144
135
129
136
139
138
134
129
122
113
102
97
101
102
105
105
93
79
79
92
107
113
111
111
110
103
94
84
75
96
99
105
112
119
125
131
132
129
133
137
142
151
155
151
121
116
143
138
136
135
134
132
130
127
127
128
135
145
159
165
155
146
148
148
146
140
137
133
128
130
137
141
144
142
137
104
114
112
77
82
109
131
140
155
173
181
180
174
160
137
108
87
98
124
136
143
141
150
152
150
142
142
132
128
123
121
117
111
112
112
100
97
99
113
125
126
124
119
112
106
89
84
81
96
101
107
113
121
125
129
131
132
132
134
142
149
162
158
132
116
140
148
150
150
146
146
150
151
145
145
149
156
165
168
164
163
168
171
161
153
150
146
141
139
142
147
148
141
135
94
128
119
76
85
114
133
139
150
170
185
185
175
159
136
108
90
92
106
120
134
142
143
155
156
150
148
143
141
137
132
127
121
118
115
110
111
119
131
139
138
131
122
117
112
97
85
77
100
103
109
115
122
124
125
126
130
132
136
141
147
158
160
140
123
140
169
165
162
156
155
163
165
155
151
156
161
164
165
164
167
175
174
170
165
161
154
147
143
146
140
149
148
136
113
107
87
79
94
118
133
142
152
167
180
183
177
163
143
112
86
84
101
120
135
143
142
154
159
151
146
150
147
142
137
132
123
119
118
119
119
128
136
141
138
131
125
121
112
102
88
76
102
102
109
115
121
122
121
122
127
131
137
140
148
157
160
147
123
132
163
168
164
156
155
159
160
158
158
161
164
166
166
164
165
169
175
171
168
166
163
155
149
148
150
154
149
129
118
80
67
93
108
121
131
145
162
174
181
180
177
164
145
115
85
78
97
124
136
143
141
151
161
156
144
148
149
143
138
135
128
122
125
131
132
134
137
136
132
127
122
120
114
104
87
77
100
99
107
111
117
120
119
122
126
131
135
138
145
151
155
147
122
123
165
172
168
159
156
159
159
158
161
163
164
167
173
173
171
171
175
169
164
162
162
159
154
152
155
150
140
120
106
71
78
106
108
124
139
154
166
175
184
188
176
161
144
118
90
77
94
126
129
141
143
148
158
157
142
141
145
138
136
139
137
135
138
143
143
138
132
131
130
125
119
115
115
102
86
85
98
103
105
109
115
120
121
122
127
131
134
135
139
143
149
150
128
122
159
169
172
160
148
149
155
159
166
165
163
164
169
172
173
174
167
168
168
167
165
162
158
154
160
158
140
120
95
75
88
98
108
126
141
153
165
177
186
190
177
161
144
122
93
75
89
125
126
134
143
150
152
153
142
139
141
137
139
144
144
144
147
151
144
138
133
134
134
127
119
115
117
104
90
93
99
107
106
108
112
117
121
124
126
128
132
133
135
143
153
157
138
121
138
165
169
157
158
154
152
165
164
162
160
158
161
162
165
170
172
171
168
166
166
169
166
162
159
161
136
117
95
96
108
111
117
128
136
145
162
179
186
181
175
163
147
126
95
74
87
121
132
133
136
148
153
154
147
144
144
146
149
149
145
142
144
144
136
137
139
142
140
131
121
116
114
108
98
92
101
109
108
108
111
116
119
121
123
126
132
138
136
147
154
160
147
127
117
146
153
154
169
168
157
160
160
159
158
161
164
166
170
178
188
180
168
160
163
171
177
174
167
158
133
116
108
116
118
120
120
135
142
146
158
171
181
182
173
166
152
128
101
81
85
109
135
137
132
146
155
152
149
150
153
158
159
152
145
144
142
136
134
142
148
148
146
141
129
119
110
109
102
85
103
107
109
108
110
115
117
119
122
126
133
140
139
145
149
156
155
141
107
128
160
168
159
164
172
164
166
162
159
163
171
174
179
186
187
185
181
175
174
176
175
168
165
140
130
121
125
132
121
119
125
138
144
148
160
173
181
178
174
170
156
131
107
86
81
95
127
143
137
145
150
145
145
154
158
163
163
154
149
154
151
140
140
151
156
154
153
152
140
125
111
109
105
82
104
109
109
107
108
111
115
118
121
127
130
138
141
148
153
154
159
154
135
108
128
167
173
168
173
171
174
175
174
171
174
180
184
185
182
179
175
171
173
179
177
166
147
127
130
145
143
130
120
118
127
134
145
153
163
176
182
180
175
171
153
126
109
96
84
86
112
133
151
150
145
140
138
143
150
158
161
156
151
157
158
152
149
159
165
163
158
150
138
126
119
109
96
93
105
107
108
107
108
111
114
116
120
126
133
136
141
146
152
157
159
160
157
137
114
118
144
160
166
177
175
180
180
178
178
181
181
178
175
178
180
178
180
182
169
149
135
136
151
158
146
133
127
127
127
133
143
154
162
172
178
179
175
171
156
131
111
98
91
98
93
116
144
158
159
151
142
141
145
150
156
157
154
156
159
160
156
162
169
167
155
141
132
129
125
111
95
105
106
110
109
107
108
110
112
114
118
123
132
137
146
143
149
164
163
160
161
170
152
122
121
138
149
150
163
172
178
180
183
187
188
184
178
173
178
185
180
163
150
147
152
158
167
158
143
138
136
137
128
131
140
151
159
166
174
175
173
169
157
133
112
98
97
109
95
100
117
139
159
166
160
151
142
142
149
157
158
158
164
171
163
164
161
154
146
141
134
130
126
117
104
110
104
111
110
108
109
111
110
110
116
121
129
137
147
147
152
164
163
160
172
164
171
172
150
135
138
141
146
152
156
158
160
164
166
165
165
165
165
160
153
154
163
168
177
171
165
153
148
151
147
139
130
133
140
148
156
164
171
173
172
165
154
133
113
99
98
111
105
98
98
118
143
162
168
159
147
144
148
157
160
163
170
175
173
164
154
145
141
137
132
127
127
127
124
111
103
110
111
108
109
110
109
108
114
119
129
133
141
155
158
156
160
165
171
172
175
173
166
165
165
159
152
152
151
150
147
145
146
148
150
158
160
157
163
182
196
196
181
171
164
160
162
161
149
138
133
137
145
148
155
167
175
175
171
163
153
137
120
107
101
106
124
116
103
100
109
131
152
154
147
144
147
156
164
172
176
176
174
159
147
142
132
119
117
123
136
136
130
111
103
108
111
109
109
110
109
108
112
118
125
132
138
153
157
152
159
164
171
174
173
168
165
170
177
181
181
180
178
177
174
171
174
178
180
179
186
195
199
199
196
195
185
177
169
165
159
151
140
137
133
141
149
150
156
170
179
178
175
167
159
145
130
117
106
101
112
136
148
144
128
118
127
128
124
123
125
131
139
147
149
144
141
132
126
125
121
117
124
135
148
140
122
112
103
109
110
108
108
109
108
109
112
118
124
133
141
148
150
154
158
159
164
165
168
170
168
172
179
183
187
185
185
186
184
184
186
190
192
195
200
205
204
202
197
192
181
172
162
151
142
136
130
133
133
143
149
148
153
170
184
187
186
178
169
152
137
125
109
98
116
138
155
170
173
161
146
127
125
120
118
119
116
115
116
116
123
125
126
129
134
140
144
146
146
139
123
114
104
111
108
107
107
109
108
109
112
119
127
132
143
148
150
154
154
157
153
165
168
167
171
175
179
183
188
190
190
189
189
192
194
196
197
200
205
205
202
197
185
173
162
154
144
135
133
131
127
126
135
144
149
146
150
168
188
196
198
191
177
157
139
127
112
99
107
127
140
159
174
175
178
175
166
160
155
152
143
136
139
145
155
158
163
167
163
152
140
131
126
130
129
111
109
112
110
109
107
107
108
110
115
121
126
136
142
147
153
159
158
155
156
161
167
169
171
174
179
183
186
186
186
189
190
191
195
198
199
203
208
205
196
181
166
156
150
138
129
130
131
128
125
126
133
144
150
150
156
173
194
206
205
196
180
161
146
134
109
92
99
110
125
150
172
178
173
170
173
174
173
164
157
152
154
157
163
165
164
158
151
144
141
140
136
133
125
110
111
113
112
111
108
106
107
111
116
123
127
135
140
143
151
156
158
157
160
165
169
169
168
171
176
179
184
183
184
187
189
191
193
195
197
201
200
192
180
167
151
136
135
128
126
132
133
130
127
128
135
144
153
159
164
178
196
211
208
194
179
168
152
132
109
101
104
107
111
127
153
171
177
177
172
172
171
168
162
160
161
163
162
159
156
156
158
154
145
137
129
124
118
105
107
111
114
112
109
107
108
112
119
126
129
136
140
142
150
156
160
161
163
167
171
170
168
169
173
175
180
183
185
187
187
188
189
190
194
193
186
173
163
156
142
125
118
121
127
136
138
135
134
135
142
148
157
165
168
177
195
212
211
195
178
166
148
126
106
106
112
114
113
120
142
165
175
180
174
171
170
169
167
164
163
164
163
158
154
153
155
151
141
134
129
120
114
103
106
108
114
113
108
106
109
113
120
127
134
140
143
145
152
158
162
164
162
167
172
171
169
169
171
174
182
184
187
188
186
185
186
187
190
182
170
157
153
155
146
128
112
121
133
141
144
142
142
145
149
151
156
163
166
174
192
209
215
201
182
162
141
124
106
106
119
118
112
111
125
146
161
173
175
171
170
170
168
165
163
163
159
156
151
148
146
144
141
139
131
116
107
98
107
110
114
112
109
107
109
112
119
126
137
143
149
151
156
160
162
164
162
166
171
170
170
171
175
178
184
184
184
185
186
187
186
184
184
171
158
150
150
156
150
133
112
121
135
143
146
147
151
155
152
154
156
161
165
176
193
209
219
208
187
165
144
127
111
112
125
120
115
112
124
139
150
161
171
169
169
171
169
167
166
167
161
155
148
144
144
143
142
142
130
111
101
92
109
112
114
113
110
108
109
110
117
124
138
148
155
158
160
161
162
164
163
167
169
168
169
174
179
182
183
179
176
178
184
187
184
177
172
160
154
153
154
159
152
135
114
122
134
143
147
150
156
161
157
157
158
162
167
176
193
206
217
208
189
171
149
130
113
120
126
118
112
109
123
137
139
145
165
166
169
169
169
168
167
169
164
157
150
145
143
140
136
135
125
107
97
90
109
110
114
114
111
108
108
109
115
124
139
150
158
161
162
161
161
163
163
166
167
166
169
174
179
182
180
175
172
173
178
180
176
169
162
155
157
159
160
165
158
141
117
123
133
143
149
151
157
162
160
158
161
165
169
178
193
206
215
206
189
173
154
133
116
122
133
119
107
102
119
140
142
145
157
163
167
168
167
167
167
166
159
155
150
147
142
135
131
129
115
101
93
86
109
109
113
114
111
108
108
109
116
126
137
149
158
161
161
160
159
161
162
164
166
167
169
173
176
179
177
175
174
172
172
172
169
165
158
157
162
166
166
170
165
148
119
123
132
143
148
151
155
160
162
159
162
167
172
179
194
210
217
212
193
174
154
136
120
124
128
116
107
102
120
144
146
148
152
160
165
166
167
168
168
165
159
154
149
147
141
133
126
122
109
97
92
85
110
105
111
113
111
108
108
109
113
123
134
147
157
161
164
162
159
159
160
162
164
165
165
167
170
173
176
174
171
169
168
164
163
163
162
164
169
170
166
167
167
153
128
121
121
134
147
151
152
156
159
157
159
165
172
182
200
216
224
215
200
179
161
142
127
123
124
105
98
113
134
145
147
146
151
156
163
169
171
166
162
160
157
155
152
146
140
134
125
119
107
100
100
79
108
106
110
112
110
108
108
108
111
119
133
144
153
160
166
165
160
157
155
160
165
167
166
166
168
170
173
174
172
169
163
160
163
170
170
171
172
171
165
166
166
156
141
133
122
120
125
133
142
148
152
155
157
163
175
192
211
223
222
214
200
181
164
143
125
119
112
103
106
125
140
146
149
152
150
154
161
166
168
165
163
161
161
158
153
146
138
131
120
111
105
101
98
75
110
104
109
111
109
107
106
106
109
116
129
138
147
157
166
166
157
153
150
159
167
170
168
166
167
169
172
172
169
167
163
163
167
172
177
176
172
169
163
161
164
158
152
141
126
120
120
121
124
128
140
149
157
160
171
190
208
218
212
205
196
180
162
140
117
109
106
110
121
133
140
146
151
157
153
156
159
163
163
163
162
162
162
156
150
142
134
125
112
104
99
99
95
73
108
104
108
111
109
107
108
106
109
114
125
135
145
155
165
164
155
150
149
157
167
171
169
168
169
170
172
170
168
168
168
170
173
176
178
175
171
168
163
159
161
157
153
140
129
131
133
125
115
113
115
129
144
156
164
175
183
188
187
183
179
167
151
131
110
102
108
121
130
130
131
140
151
158
158
158
157
157
159
161
162
162
159
151
141
134
129
119
107
97
96
98
89
73
108
104
107
110
108
107
109
108
110
115
124
135
145
155
163
161
154
151
150
156
164
167
169
169
170
172
166
166
165
165
168
170
175
176
175
173
168
166
162
156
155
151
148
138
131
135
139
132
122
117
110
115
127
142
154
160
162
164
166
163
159
149
135
118
104
101
112
126
131
125
124
135
146
155
162
160
156
153
155
158
161
162
155
145
134
126
121
112
102
93
99
95
84
74
104
102
107
110
109
107
109
108
110
116
123
134
145
154
160
159
154
154
152
157
162
166
168
170
171
172
166
163
162
163
169
174
174
171
171
171
165
162
158
151
147
144
140
142
137
133
133
133
128
123
123
125
129
137
142
144
147
151
145
140
134
125
115
106
101
104
114
122
125
124
126
130
140
154
163
161
157
153
154
158
161
162
156
147
134
125
118
110
100
94
102
94
80
75
89
104
106
109
108
106
107
107
110
116
123
133
142
151
158
157
153
156
154
159
163
167
169
171
171
171
169
166
166
169
177
180
175
167
168
169
162
154
148
144
141
138
136
144
146
139
134
133
133
132
130
140
148
148
144
141
141
143
135
126
119
112
109
106
103
109
117
121
121
121
124
125
133
149
161
161
159
155
154
155
158
159
156
149
138
128
118
109
100
96
104
94
80
75
78
102
107
109
107
106
106
106
109
115
125
133
141
148
157
155
153
155
153
158
164
168
169
170
170
169
162
165
169
173
177
175
168
162
165
166
159
149
141
136
136
135
137
146
151
147
142
139
140
144
145
156
162
156
151
154
158
158
156
143
131
124
118
114
106
109
119
123
120
117
119
120
129
144
158
161
162
156
152
151
153
154
154
149
140
130
118
107
100
99
103
93
80
75
73
102
108
108
107
106
105
104
107
113
123
133
140
147
155
155
154
156
152
160
167
171
171
167
164
162
160
163
171
179
180
173
165
161
165
160
150
143
138
135
133
139
147
151
155
156
154
152
155
159
159
157
156
153
150
157
168
171
170
164
150
142
136
125
115
112
117
118
114
113
113
114
125
140
156
164
167
163
154
149
152
154
153
150
140
127
116
108
102
99
102
90
80
78
65
97
107
108
105
103
102
102
106
112
123
133
140
145
151
154
153
155
157
162
167
169
169
169
165
162
160
162
169
177
178
172
163
157
157
149
140
134
135
138
140
148
160
152
153
164
166
160
160
166
162
161
159
154
150
157
167
170
169
168
157
151
147
137
126
120
124
118
110
108
110
113
122
134
152
160
163
160
153
149
155
158
155
150
138
123
112
106
101
99
97
86
78
77
61
94
107
107
106
102
101
101
105
111
123
133
140
143
149
153
153
155
162
165
166
166
168
169
165
160
157
162
168
173
170
163
154
148
150
142
135
131
135
142
147
157
166
155
154
162
166
167
169
170
165
163
162
156
148
148
151
151
154
156
150
143
142
140
134
129
132
126
118
114
112
110
114
126
144
152
156
156
148
144
151
157
155
150
136
121
109
105
102
101
95
82
77
74
56
92
105
107
106
103
101
102
106
112
123
135
140
143
148
154
154
156
165
166
166
165
166
167
164
158
156
164
170
169
162
153
147
145
145
139
136
133
137
146
154
164
165
160
161
164
165
174
181
181
176
170
165
160
153
155
160
160
163
165
161
148
144
140
136
136
139
134
128
123
117
109
110
121
141
150
158
158
149
143
150
158
155
148
136
120
107
104
103
101
94
82
78
69
55
91
102
106
107
104
103
103
106
110
123
135
142
145
150
155
155
157
165
169
171
170
170
168
163
157
156
165
170
167
159
153
151
149
147
143
142
139
139
147
155
163
165
162
165
169
169
175
182
182
184
178
177
177
176
176
178
177
166
165
162
152
148
143
137
139
144
138
132
125
118
111
110
121
140
149
156
159
150
143
151
161
158
149
137
119
104
101
100
98
91
81
80
64
51
86
99
105
108
107
105
104
106
110
122
133
141
145
151
155
156
159
166
171
175
176
174
170
164
160
157
163
166
162
158
159
158
153
148
144
145
143
141
149
155
160
160
161
164
166
167
171
173
169
167
165
169
174
175
174
172
164
152
147
143
135
135
135
127
131
136
136
137
127
119
111
109
122
136
143
150
155
149
143
154
165
162
152
137
117
101
98
98
95
87
82
81
57
39
74
94
102
107
107
106
105
107
110
120
130
138
144
151
155
156
159
166
170
175
179
176
170
163
160
158
164
164
158
155
156
155
151
139
135
138
140
143
152
156
157
154
152
148
144
139
136
134
131
129
129
129
126
126
134
135
125
116
114
115
111
113
116
113
121
116
123
131
124
114
107
107
122
137
142
148
155
153
146
156
167
161
148
133
114
99
97
95
88
81
82
82
54
31
65
88
97
104
105
103
104
106
109
120
128
136
143
151
154
156
160
166
168
174
178
175
168
161
159
163
168
167
158
151
152
151
148
136
131
135
137
142
148
147
144
134
124
120
130
132
126
133
149
153
154
149
138
134
144
145
133
124
128
131
119
108
102
92
98
100
106
115
110
105
106
107
123
138
142
147
156
155
149
154
163
154
141
127
110
97
95
91
82
76
81
82
54
23
56
84
99
105
105
106
100
100
109
119
130
141
143
148
151
150
157
161
166
173
176
173
168
162
158
164
169
165
162
157
152
150
144
134
131
130
134
136
132
127
124
130
130
136
171
186
175
189
209
214
215
213
202
200
214
217
209
207
213
217
195
162
146
131
111
90
88
98
96
99
106
109
124
143
144
144
151
151
146
150
157
146
131
120
107
91
92
84
75
78
80
72
60
27
53
82
98
104
104
107
104
101
108
117
128
138
141
148
151
149
155
159
165
172
174
171
169
164
161
162
167
164
162
160
154
149
142
134
132
125
117
117
108
102
113
138
144
160
199
219
212
223
240
236
236
236
228
227
237
237
230
226
232
237
220
206
203
193
154
102
92
85
86
97
105
109
125
141
145
146
149
149
146
150
153
143
131
118
105
89
88
80
75
82
79
67
66
27
47
75
96
102
101
106
106
102
107
115
125
136
141
149
153
151
155
155
163
170
172
172
171
167
164
162
165
161
159
156
151
143
136
131
121
113
103
98
95
95
118
143
146
157
177
187
190
206
232
237
237
237
230
229
236
235
227
218
219
226
209
196
196
193
150
116
109
82
82
93
101
107
122
138
145
149
151
149
149
153
153
141
133
117
100
87
83
77
77
85
77
60
72
26
38
65
91
101
99
104
106
103
104
111
120
130
139
147
153
153
154
152
160
169
172
173
172
168
165
164
165
159
153
150
144
138
133
126
107
111
107
96
97
109
133
151
150
154
150
149
159
181
207
223
224
222
214
213
219
218
213
193
182
180
162
144
139
139
117
120
121
87
90
101
105
111
120
138
147
151
151
151
152
156
152
141
130
111
94
84
79
76
81
87
75
57
77
24
30
55
84
103
102
102
103
102
104
105
113
121
132
144
151
153
152
151
158
167
171
172
169
166
163
166
166
160
153
148
142
140
138
130
111
119
125
121
120
122
136
150
152
158
153
149
158
166
178
186
186
182
172
172
180
182
181
171
154
148
139
124
117
113
113
131
120
87
110
128
122
118
124
139
148
153
153
151
155
159
150
138
124
102
87
83
77
78
85
88
73
57
81
24
26
45
76
102
105
101
102
105
104
105
109
114
128
140
151
154
151
151
156
163
169
171
167
163
161
165
168
163
159
153
147
146
146
140
128
130
140
157
157
139
139
155
156
161
157
153
157
163
170
175
175
169
158
158
164
167
172
167
158
149
137
124
120
127
140
157
119
90
128
150
134
124
134
142
147
151
153
152
158
162
153
134
116
94
85
86
77
81
90
87
70
61
86
25
24
35
64
96
106
100
102
107
104
106
108
111
125
138
149
157
153
151
152
159
167
169
165
163
162
166
170
168
164
158
150
150
151
150
147
140
145
170
184
169
159
167
157
152
151
147
153
167
180
178
177
172
165
164
166
169
178
182
171
151
136
125
129
149
151
150
116
107
140
151
133
128
140
145
146
147
150
151
158
164
155
130
108
90
88
90
79
85
93
80
64
67
90
27
25
27
53
90
105
100
102
108
104
106
107
108
121
136
147
156
152
151
151
157
166
169
167
164
165
168
173
169
165
157
149
149
150
156
160
154
147
160
184
193
186
184
162
149
153
153
156
170
184
180
178
177
174
173
172
175
188
184
166
140
138
145
147
159
128
113
107
126
145
142
129
130
141
149
147
146
148
148
155
160
151
126
104
88
90
92
80
85
93
74
61
73
93
27
24
28
40
76
102
101
102
100
100
103
105
104
115
132
144
157
154
149
152
158
162
169
172
171
170
169
171
170
168
163
159
156
156
159
165
164
151
143
150
167
177
191
172
181
189
178
174
181
193
182
180
179
175
172
169
173
185
184
169
159
164
170
161
145
107
98
108
141
149
138
127
133
142
151
148
145
146
146
152
156
142
122
98
88
96
94
84
93
86
70
60
74
98
34
28
30
34
63
95
102
107
104
100
99
100
101
109
125
141
156
159
147
148
154
162
168
172
175
173
169
169
168
169
167
163
162
164
165
162
159
148
129
121
129
141
174
195
219
224
213
212
214
210
198
189
183
177
170
167
177
194
196
191
199
208
192
154
126
101
99
120
148
143
129
126
137
148
150
146
143
146
151
156
152
132
110
96
102
104
92
84
96
81
63
61
81
104
43
36
38
31
51
95
111
115
112
104
101
100
102
105
118
137
150
158
148
143
147
158
168
175
176
172
168
164
162
165
166
164
165
167
167
158
153
149
137
121
114
116
144
195
232
238
228
225
233
229
214
207
203
198
191
193
200
211
216
216
227
227
191
145
114
111
111
133
146
134
128
133
143
152
152
151
144
146
159
164
148
118
102
101
119
112
90
87
97
76
55
63
89
111
57
46
41
39
67
121
132
121
115
111
106
101
104
103
113
131
142
155
152
141
142
154
164
170
173
169
170
165
161
162
163
164
166
169
166
157
151
150
149
140
127
119
124
165
210
231
227
220
225
225
218
221
224
217
214
219
220
218
220
225
230
216
172
133
109
120
124
134
134
127
135
140
145
154
158
156
147
149
165
166
139
108
108
119
129
110
88
90
86
69
52
67
95
118
66
55
44
55
103
165
162
128
112
113
106
100
104
100
108
127
138
153
153
143
141
148
156
166
169
168
169
166
162
157
157
161
164
165
165
160
153
148
147
141
132
128
129
140
175
201
208
215
223
226
217
220
225
220
219
223
220
215
211
212
208
182
143
120
108
122
127
129
124
126
137
142
146
157
160
152
149
159
167
154
124
106
118
133
124
102
91
93
78
65
54
75
102
121
73
64
55
70
128
193
189
145
119
115
109
103
105
99
103
120
133
149
156
145
134
137
151
164
167
164
167
168
165
158
154
155
158
161
162
160
155
152
147
135
128
132
137
134
150
159
166
191
210
216
205
200
199
201
209
209
198
194
189
175
161
140
122
114
107
118
122
122
117
124
136
145
150
153
153
145
150
165
164
137
112
113
136
138
115
93
91
94
77
59
55
83
109
125
78
74
68
81
141
208
208
168
129
116
113
109
110
103
102
112
124
139
153
147
132
127
142
157
162
162
168
172
173
167
158
155
157
161
161
160
156
153
148
135
129
135
139
141
147
146
144
158
172
172
172
169
166
170
181
178
163
159
153
137
128
122
118
114
107
107
117
115
114
127
137
150
153
146
144
144
158
166
154
127
114
127
151
133
107
89
93
101
95
61
51
86
116
131
72
73
70
88
155
219
217
177
133
117
113
113
113
108
103
107
118
130
145
151
138
125
132
144
155
164
167
172
177
172
162
153
154
160
162
163
156
146
140
132
130
139
142
149
149
153
152
148
149
142
145
152
151
147
150
145
135
139
133
125
125
119
117
109
108
107
110
110
114
133
141
150
153
143
138
149
166
164
145
127
125
140
145
112
96
86
100
119
132
86
46
87
120
135
74
72
71
96
172
233
227
184
133
118
122
119
112
115
110
104
114
126
134
145
143
131
128
140
152
156
158
162
166
165
161
153
152
157
160
166
161
149
142
139
139
140
146
146
156
159
163
174
177
168
167
166
167
163
157
155
151
146
143
141
136
124
117
114
107
103
109
117
129
132
147
154
152
141
139
158
165
157
138
129
145
152
131
94
91
92
105
159
182
116
41
68
114
135
92
84
78
96
167
229
231
197
142
121
118
118
114
116
113
106
113
122
130
142
145
136
130
135
142
147
151
154
158
163
163
157
151
153
159
166
165
155
146
143
146
150
150
146
152
156
163
182
193
190
183
177
173
170
171
172
170
159
152
147
138
122
114
113
107
103
106
119
133
140
153
154
148
142
150
166
159
143
137
146
155
142
109
90
87
96
124
204
209
139
43
46
91
133
101
88
76
87
153
219
231
205
151
119
117
119
116
114
112
107
113
122
131
141
147
142
133
128
132
138
147
151
159
165
165
155
149
149
156
160
162
155
145
143
149
156
153
152
160
162
161
168
173
173
165
165
170
171
167
167
163
151
142
138
131
117
109
108
105
103
107
122
132
143
153
150
143
144
159
167
151
134
141
156
150
120
97
90
87
102
154
235
223
148
60
23
57
113
99
88
74
82
135
203
230
214
166
120
113
122
121
116
114
109
111
116
128
137
148
150
145
134
128
128
140
151
163
166
162
152
147
147
152
152
156
152
145
144
148
150
150
149
157
158
152
150
150
150
148
152
159
159
150
148
147
140
132
130
125
116
105
103
103
108
120
129
130
145
153
148
142
152
161
155
139
137
150
151
131
103
92
87
92
111
188
239
227
151
72
24
30
71
98
94
79
78
107
176
226
227
191
129
117
124
123
115
112
111
111
114
115
126
143
157
160
147
131
123
127
146
162
165
160
154
150
149
154
152
154
155
152
150
149
146
145
137
141
149
149
145
139
137
136
135
140
141
134
127
126
122
121
115
114
109
105
105
111
122
130
131
130
148
154
148
146
155
159
141
132
146
155
138
113
97
90
87
101
134
217
235
229
156
68
39
25
34
97
94
82
74
83
147
215
238
213
151
126
121
120
116
116
115
112
112
108
120
136
152
160
152
136
124
127
145
161
167
168
166
158
153
162
157
154
153
154
155
156
152
148
139
138
142
140
133
126
125
125
122
123
121
119
115
112
110
108
103
104
109
112
116
124
133
135
135
138
155
155
147
149
152
148
135
138
154
152
128
101
86
87
91
109
163
229
235
227
153
63
41
32
24
91
91
84
74
75
115
187
232
231
193
149
127
120
125
126
120
111
105
107
120
132
141
150
151
141
132
134
146
160
168
175
172
166
160
169
164
155
149
151
155
157
160
157
149
143
136
131
128
123
125
116
117
110
103
105
109
114
117
118
118
120
122
124
128
132
139
143
147
155
161
150
142
152
146
131
133
149
154
137
113
93
80
87
93
119
187
235
240
222
145
64
38
40
29
89
90
85
75
70
86
149
211
238
230
189
144
122
124
124
119
111
110
104
119
131
136
143
150
145
138
134
144
154
165
173
170
166
164
167
167
159
151
151
154
155
160
158
155
152
144
140
139
128
121
121
126
119
113
121
131
133
134
134
136
138
132
128
132
138
145
146
153
163
159
138
132
148
137
120
134
155
150
119
101
93
84
99
99
130
204
239
241
214
133
62
43
40
31
90
94
84
77
71
80
113
180
231
240
220
175
136
121
129
120
110
112
108
119
130
135
142
149
147
141
137
138
147
156
160
163
168
168
168
172
169
160
152
152
156
156
155
154
155
151
144
146
144
134
132
132
133
138
141
142
141
139
139
141
140
137
133
133
139
144
148
161
163
148
136
135
132
130
126
142
150
132
106
92
85
87
97
106
161
224
240
236
211
133
60
45
39
28
91
96
91
76
72
77
90
137
199
236
239
215
169
134
121
121
118
118
108
117
125
129
136
144
148
146
134
135
142
150
156
164
170
168
166
170
175
169
157
151
152
154
153
151
151
148
145
146
152
153
150
149
151
152
154
151
147
144
144
139
135
136
140
144
148
153
158
162
162
145
137
136
124
123
138
145
139
111
93
92
92
94
97
129
196
240
244
231
205
130
61
44
37
29
92
98
97
77
73
74
75
92
145
210
244
237
201
162
119
122
130
121
109
114
118
123
131
141
144
142
134
135
138
144
153
165
172
171
161
165
175
178
164
151
150
152
152
150
149
147
148
152
160
167
169
168
165
161
157
153
148
146
147
143
136
138
148
154
155
161
165
161
155
139
138
136
119
123
142
139
121
98
97
104
101
99
110
164
229
244
240
225
202
138
67
49
45
37
90
98
98
83
73
72
76
75
97
158
221
242
232
204
151
131
130
117
114
113
112
116
126
137
142
140
135
133
134
139
149
162
170
171
166
166
176
184
175
162
157
156
154
156
155
155
160
169
174
176
183
181
178
170
162
156
149
146
147
149
146
145
151
155
156
161
161
154
146
136
134
124
113
124
133
124
108
96
102
105
106
117
148
203
243
242
233
225
207
149
74
49
46
39
93
98
100
83
74
72
80
78
79
106
173
226
240
228
198
152
130
128
124
118
112
111
117
129
137
141
136
131
127
130
140
152
162
169
173
172
177
184
182
174
164
157
151
156
159
161
171
181
184
183
189
188
184
180
173
163
151
141
145
151
151
148
150
154
157
158
154
149
137
132
123
107
109
123
126
111
101
106
114
110
117
142
195
237
245
240
232
226
208
158
84
48
40
37
92
98
102
83
76
72
74
80
82
80
121
185
225
239
234
187
156
140
129
125
118
114
114
120
129
136
138
133
127
127
133
142
154
167
178
177
177
181
185
179
166
155
152
154
159
165
173
181
185
187
193
188
183
183
179
170
153
141
144
149
152
149
149
155
160
160
147
142
132
127
113
99
112
124
122
107
102
111
122
125
149
187
228
250
241
237
230
223
209
173
96
53
41
39
92
97
101
87
80
74
71
76
82
79
89
131
188
232
249
226
196
156
139
135
128
124
119
117
120
125
134
133
130
129
130
135
145
158
173
176
177
180
186
180
166
156
161
160
162
166
172
185
190
188
194
189
187
187
182
170
159
151
147
147
151
151
147
151
157
156
144
133
127
118
102
103
118
120
111
109
111
116
126
151
193
237
243
245
239
236
230
223
208
187
111
62
46
41
94
99
96
94
82
76
76
72
75
86
81
94
137
195
241
246
229
192
154
145
135
130
124
120
119
121
124
130
130
129
129
129
137
146
160
171
173
178
184
177
161
155
164
161
161
162
171
189
196
184
185
187
191
191
183
167
159
156
149
146
152
153
143
142
150
151
143
126
121
110
94
106
118
111
106
111
119
129
156
195
227
245
248
238
242
239
236
227
206
190
130
74
47
42
93
95
99
93
84
77
79
78
77
77
78
84
88
133
201
235
243
231
195
159
140
139
130
125
123
120
119
123
128
131
128
125
126
135
148
162
168
169
175
178
169
159
160
163
162
156
164
189
195
183
186
193
195
188
178
168
159
153
153
154
155
152
144
141
145
149
137
121
116
103
97
108
112
110
118
122
136
160
195
227
246
248
246
244
240
239
236
230
210
196
148
86
54
43
95
95
99
97
88
81
80
80
77
77
79
85
79
94
140
201
236
242
231
201
162
145
146
141
128
122
121
118
125
133
128
120
122
128
143
155
160
161
169
175
173
166
163
163
165
163
169
187
193
189
194
194
191
186
178
169
161
154
155
155
155
153
148
146
144
139
130
117
106
97
101
112
113
120
131
144
170
204
232
243
246
245
248
245
240
238
235
228
216
203
161
96
58
44
93
93
96
99
94
85
82
81
78
77
80
81
79
80
92
143
198
233
243
233
204
174
160
155
144
131
128
117
122
132
128
120
121
122
134
147
154
154
158
167
173
174
172
166
167
170
174
184
188
190
194
191
188
180
174
167
161
156
154
153
152
151
150
151
143
129
119
112
103
99
111
119
122
139
154
180
211
236
248
245
241
244
247
243
239
236
235
225
220
205
176
106
60
45
