32
31
30
31
31
29
30
34
37
38
36
40
47
57
68
82
97
108
114
120
126
130
132
133
136
139
143
145
148
150
151
152
154
155
157
157
157
159
160
159
157
156
155
157
159
158
156
153
151
149
151
149
145
142
141
141
139
138
134
134
134
132
129
124
119
114
113
109
106
102
100
100
98
93
89
80
70
62
56
53
50
45
42
38
34
32
29
27
26
23
20
18
18
20
36
35
34
35
35
33
34
41
47
50
48
56
66
75
83
93
103
110
121
126
128
129
132
136
139
139
145
147
151
155
156
157
156
156
156
156
156
156
158
159
160
158
161
164
164
163
160
156
151
149
150
148
145
141
141
141
139
137
134
135
134
133
130
126
121
118
117
115
112
107
103
101
100
96
93
85
76
68
61
59
58
54
51
46
41
38
35
32
28
25
22
19
20
23
45
42
40
41
40
39
43
51
61
70
71
76
85
94
96
99
106
115
126
128
132
134
135
137
140
143
147
149
153
156
158
157
155
154
155
154
154
154
156
157
158
160
162
165
166
165
163
158
152
151
150
149
147
143
142
142
140
138
136
135
135
134
133
129
123
119
117
118
115
110
104
102
100
98
95
90
81
73
68
69
68
65
61
57
53
49
42
38
35
29
27
23
24
28
56
56
53
53
48
48
56
67
79
87
93
98
106
111
111
110
114
120
131
133
135
137
139
140
143
146
148
149
151
155
155
156
154
152
153
153
155
157
158
160
162
164
166
170
171
169
169
162
158
157
156
155
153
149
146
145
142
141
138
138
138
138
135
131
126
122
121
122
117
112
107
106
103
100
97
94
89
83
77
78
78
75
71
66
61
57
52
47
44
40
35
30
30
33
63
65
64
62
59
60
72
85
97
104
107
114
122
126
125
122
123
128
136
138
139
141
142
143
144
147
148
149
152
154
154
154
154
154
154
156
159
161
163
166
169
170
174
176
176
175
173
169
163
163
163
162
160
156
152
149
147
144
141
143
142
142
140
136
130
127
126
125
121
115
111
109
105
103
102
99
97
93
89
88
88
84
81
75
71
67
61
56
53
48
45
39
35
36
61
62
62
64
65
70
81
94
103
108
110
117
124
129
129
127
129
133
139
139
141
142
143
143
144
144
146
147
150
153
154
156
157
159
159
162
166
169
171
172
175
176
179
181
181
179
177
171
166
166
166
166
163
160
157
152
148
146
145
145
146
146
143
139
135
132
130
128
124
118
112
109
108
107
106
105
104
102
97
93
90
87
85
80
76
73
67
63
58
53
49
43
38
38
56
58
58
63
67
73
86
98
105
110
113
119
127
130
130
129
131
134
138
141
141
143
143
143
144
144
146
147
151
153
155
157
161
164
166
170
173
176
175
176
176
177
180
183
183
180
177
172
168
168
167
167
164
161
157
154
150
147
146
147
148
148
146
141
137
134
132
131
127
121
114
110
110
110
108
108
108
106
101
96
92
88
87
83
79
75
70
65
59
54
49
45
41
40
50
50
54
62
68
75
87
100
107
112
115
122
130
134
132
130
133
134
138
139
142
142
143
145
147
147
148
151
154
156
157
161
164
168
170
174
177
179
177
175
175
175
178
180
180
179
175
171
167
167
168
168
164
161
157
153
150
147
147
146
147
148
147
143
139
136
133
132
128
124
117
113
112
112
111
111
112
110
104
99
95
91
87
83
78
74
68
61
55
47
46
43
43
43
43
44
53
61
67
73
85
98
108
113
117
126
134
138
136
132
133
133
136
137
139
141
143
145
148
148
150
153
157
158
159
162
165
169
172
174
177
177
176
174
172
172
173
177
179
176
174
168
164
165
164
165
163
159
155
152
148
147
147
147
147
149
148
145
140
137
134
132
128
125
119
115
113
112
111
110
113
112
107
102
98
94
89
83
76
71
62
54
47
42
39
39
42
43
41
43
51
58
65
70
83
96
106
109
120
130
140
142
139
133
133
132
135
136
138
140
142
144
147
148
149
153
157
158
159
161
164
168
171
173
176
176
175
173
172
170
171
174
176
174
171
165
162
162
160
161
160
157
153
151
148
147
148
147
147
148
149
146
141
137
135
132
127
125
120
116
113
112
112
111
112
113
108
103
99
96
90
83
75
68
58
50
42
36
31
34
39
41
39
42
50
56
61
67
81
93
101
108
118
127
138
141
138
134
132
132
134
135
136
138
139
141
141
142
145
147
150
154
156
158
162
164
170
171
172
173
173
172
171
172
175
176
176
174
169
164
161
158
160
161
161
158
154
151
149
146
145
146
146
147
147
144
139
135
136
130
126
125
120
117
115
112
111
111
110
107
105
104
102
96
90
82
74
65
56
48
38
32
29
31
35
37
35
38
45
51
56
63
78
90
100
108
115
123
131
135
135
133
133
133
135
136
137
138
140
141
141
141
142
144
147
150
153
156
158
160
166
169
171
172
174
174
174
174
174
175
175
173
169
165
162
161
161
162
161
157
153
149
147
144
145
146
145
146
145
143
138
135
133
128
125
124
119
116
115
114
111
109
108
104
103
102
99
95
88
81
73
65
56
46
37
29
25
27
31
33
34
37
41
46
53
63
78
90
100
110
113
118
124
129
132
132
133
133
135
136
137
138
140
141
141
142
142
143
145
147
149
153
156
158
163
165
168
170
171
171
172
174
174
174
173
171
169
167
164
164
163
163
162
158
154
151
147
144
145
145
146
144
144
142
138
135
133
128
124
121
117
115
116
115
112
109
106
103
100
101
98
94
89
83
75
67
56
47
36
28
24
22
24
28
33
34
40
45
53
63
78
90
100
112
113
116
119
124
130
132
133
131
133
134
135
137
138
140
141
141
142
143
143
144
146
149
153
155
160
162
165
166
166
167
168
170
171
170
167
167
165
165
165
163
161
160
159
157
153
151
148
146
146
145
145
143
142
141
138
136
132
127
123
119
116
115
116
116
114
109
106
103
100
99
97
92
91
86
78
70
60
49
38
30
23
21
19
22
32
34
39
44
51
62
77
88
97
108
112
112
116
122
128
131
131
130
131
132
133
135
136
138
139
140
141
140
138
139
141
145
148
152
157
160
162
162
162
162
164
166
165
163
161
159
158
158
158
158
155
155
152
150
148
146
145
145
144
145
143
141
140
138
136
133
130
125
121
118
115
116
116
115
114
109
106
102
101
99
95
91
90
84
78
72
60
49
38
29
24
20
17
20
31
33
37
44
51
62
75
84
93
104
108
109
113
121
127
130
129
128
130
131
132
133
135
136
137
138
138
137
136
137
138
142
146
148
152
154
157
158
157
159
160
162
159
158
156
155
155
153
153
152
152
151
150
148
144
142
141
141
141
141
140
139
136
135
134
131
129
124
121
118
116
117
118
115
113
108
104
102
101
100
96
90
88
82
77
69
61
51
38
29
24
21
17
20
28
32
38
47
56
63
74
83
92
100
105
108
113
120
125
128
127
127
130
130
131
133
134
136
137
138
138
138
137
138
139
143
146
147
149
150
151
151
151
152
152
154
154
153
152
151
151
151
150
150
150
149
148
146
141
136
136
138
135
137
136
136
134
133
132
131
125
122
120
119
119
120
119
115
112
107
104
102
102
100
97
92
88
81
76
70
63
53
41
31
25
22
18
21
30
34
40
50
58
64
76
86
92
99
106
108
114
121
124
126
126
126
129
131
131
133
135
136
138
140
140
140
138
141
142
144
146
146
149
149
149
148
147
146
146
147
147
147
147
147
146
147
147
148
147
147
146
143
138
132
131
132
134
134
136
134
134
133
132
131
123
121
120
120
121
122
120
116
113
106
103
103
102
102
99
94
88
82
77
72
64
55
43
34
26
23
20
20
32
40
50
58
67
73
81
87
90
97
102
108
114
121
124
125
125
125
128
129
132
135
138
140
141
142
142
142
142
144
146
148
148
149
150
150
150
148
148
147
146
146
147
147
146
146
145
146
146
145
143
143
143
141
136
135
134
133
135
134
136
137
134
134
133
129
126
120
118
120
122
124
120
116
111
106
103
103
103
103
101
94
87
82
78
73
66
59
47
37
30
24
22
23
39
49
62
71
80
84
88
92
94
98
102
108
115
121
124
125
126
126
126
127
129
132
135
139
141
141
143
143
145
147
149
151
153
154
156
155
155
155
155
155
154
155
155
154
153
150
148
148
147
144
143
141
140
139
138
140
141
138
140
139
141
141
139
137
136
133
128
123
120
121
122
123
121
116
111
107
103
104
105
106
102
96
88
82
78
74
70
64
54
44
32
24
22
21
44
57
73
85
93
94
97
97
96
98
102
108
115
121
123
124
125
125
123
124
126
130
133
136
140
141
145
145
146
147
150
154
156
157
159
160
160
161
162
163
163
165
165
164
161
159
156
153
151
149
148
144
140
140
143
146
149
147
145
144
146
146
144
141
140
137
131
125
122
120
120
121
120
115
112
107
104
105
105
106
102
96
89
83
78
76
74
70
62
50
37
26
20
20
48
63
77
93
101
101
102
99
98
97
102
107
114
121
123
122
124
125
123
124
126
130
134
137
139
141
143
143
144
146
150
154
156
158
160
161
162
163
165
167
170
171
174
173
171
167
165
163
161
159
155
151
148
147
149
153
153
151
150
149
151
150
146
145
143
139
134
128
123
119
117
118
119
116
113
108
105
105
105
105
103
96
89
83
78
78
80
77
67
56
41
27
18
18
52
69
83
98
105
107
106
102
100
98
102
106
113
119
121
122
124
125
125
126
129
132
135
137
138
140
142
142
144
146
149
153
156
157
160
160
162
164
166
170
173
175
178
178
177
176
173
171
169
167
163
160
158
156
154
156
156
153
153
152
152
151
147
145
144
138
136
129
124
118
115
116
118
115
115
109
106
105
105
106
104
97
89
83
80
81
85
83
73
61
43
27
17
16
53
71
86
101
105
109
110
103
102
99
102
107
114
119
121
122
123
125
127
129
132
134
136
138
139
141
142
143
144
145
147
150
154
155
158
159
161
163
166
168
173
175
178
179
179
178
176
175
173
172
169
166
164
161
158
158
158
155
154
153
153
152
147
145
142
138
135
130
125
118
115
115
117
114
115
111
106
106
105
105
104
98
90
83
80
82
87
87
78
65
46
29
17
15
54
71
86
98
103
110
113
107
105
102
105
110
115
119
121
121
122
124
130
132
134
135
137
138
139
139
141
142
143
145
146
149
151
153
157
158
161
164
165
168
171
173
177
178
178
177
176
175
174
173
172
170
167
163
158
158
159
157
157
154
153
152
147
145
141
137
133
131
127
123
119
119
121
118
118
113
109
105
104
104
101
96
92
85
80
84
87
88
79
69
50
31
19
16
54
72
84
96
99
109
114
110
110
107
110
113
116
120
120
120
121
121
130
132
134
135
137
137
138
138
140
141
143
145
146
148
151
153
157
159
162
165
166
168
171
172
175
176
177
177
175
175
175
173
174
172
169
164
159
158
159
159
158
154
153
152
147
146
142
137
133
132
131
128
125
126
127
125
121
115
112
108
105
103
100
96
95
87
82
84
88
88
81
69
55
34
21
18
57
75
86
96
103
113
117
115
113
110
110
111
114
116
118
119
120
121
127
129
133
136
137
139
141
140
141
141
143
146
147
148
149
151
156
158
160
164
166
168
169
171
169
171
175
177
176
175
176
179
178
175
171
165
160
158
159
159
157
154
150
147
147
145
139
136
130
132
131
129
129
131
131
128
126
120
118
112
106
103
100
100
94
88
85
85
88
87
79
72
56
41
26
21
59
77
90
98
105
114
118
118
114
112
108
111
113
116
118
119
121
124
123
127
131
134
136
139
141
141
142
142
143
146
149
151
153
153
154
156
158
161
163
165
165
167
166
168
171
174
172
174
175
177
175
174
171
165
160
158
158
159
156
154
150
149
149
147
142
138
135
135
133
130
129
132
133
130
129
123
118
114
107
105
102
101
94
90
88
90
90
89
82
72
59
46
34
26
63
79
93
101
106
114
119
118
115
113
112
114
116
117
118
119
121
122
126
129
133
137
139
143
145
145
145
143
144
149
154
156
157
159
161
162
164
165
165
165
165
165
165
166
168
169
170
170
171
172
172
172
171
167
162
158
158
159
157
156
154
153
153
152
148
144
139
137
134
131
129
130
129
129
129
120
115
110
107
106
103
101
94
91
91
94
96
94
85
75
62
52
41
34
68
82
95
102
105
112
116
115
115
113
117
117
118
118
118
118
119
121
126
128
132
136
139
141
144
146
148
148
150
155
159
163
165
167
171
172
173
174
174
171
171
171
169
168
169
168
167
166
164
164
166
170
172
171
166
161
159
160
160
158
157
157
157
156
153
149
145
141
137
135
133
131
128
127
123
115
110
106
103
103
98
97
91
90
93
97
98
97
88
78
66
56
47
39
72
84
93
101
104
110
115
116
117
117
118
118
118
117
115
116
116
117
121
122
127
131
134
137
141
144
146
148
151
156
160
162
166
168
173
176
178
179
180
179
178
177
173
172
169
168
166
162
160
159
163
168
173
175
170
164
161
161
161
161
159
159
158
156
152
147
145
142
138
135
132
127
122
119
117
108
104
99
95
94
90
89
85
87
92
97
100
97
89
80
69
61
52
44
72
81
90
98
102
109
115
116
119
120
121
120
119
117
113
111
109
109
112
113
117
122
125
129
134
137
143
145
151
156
159
161
163
166
173
176
179
181
181
181
179
177
175
173
171
170
169
166
162
160
161
165
171
174
171
165
162
161
161
161
161
160
158
154
148
144
144
141
138
133
128
122
116
112
110
102
98
91
86
85
82
81
79
82
89
95
97
96
89
82
72
65
55
47
70
77
86
96
102
110
115
116
120
122
125
122
120
115
111
107
104
101
99
101
104
109
113
114
120
125
136
138
144
150
154
157
159
161
167
172
176
178
178
177
175
171
170
170
169
172
173
168
165
161
159
160
165
169
168
162
159
159
157
160
162
161
158
152
147
143
143
143
139
131
124
118
111
105
100
91
87
82
77
77
75
75
75
77
85
91
93
93
88
81
74
69
61
51
70
77
85
94
102
109
114
116
119
121
121
120
117
113
109
105
100
97
97
98
100
104
106
107
112
117
122
124
129
137
143
147
149
150
160
165
169
172
174
173
169
166
164
164
166
170
172
169
164
161
157
158
160
163
162
157
155
155
153
158
161
161
158
151
146
141
139
139
134
123
115
109
101
94
91
83
77
73
72
74
72
72
72
75
82
90
91
91
87
81
77
72
65
55
74
76
84
93
102
104
108
112
117
119
122
121
116
112
107
103
102
102
102
102
102
102
102
101
100
99
103
103
107
114
118
123
129
133
140
149
159
164
166
166
163
158
157
158
161
164
168
168
162
157
151
151
156
160
156
151
150
149
145
153
160
158
150
141
135
131
127
121
116
104
98
96
88
85
82
80
75
73
76
77
77
77
75
81
87
91
91
89
87
83
81
78
74
58
77
76
82
91
101
105
108
112
114
117
118
117
116
114
111
108
107
107
108
108
108
107
103
99
94
91
88
85
82
81
82
85
91
98
112
124
137
146
150
152
151
149
151
152
154
157
160
160
154
149
145
145
151
155
154
149
145
143
142
147
149
145
138
129
121
114
106
98
93
86
83
83
79
80
83
84
84
84
86
86
84
84
85
87
90
93
92
89
87
86
85
83
78
62
77
74
82
92
103
108
110
110
111
113
114
116
118
119
117
113
109
107
112
113
114
113
110
104
99
95
93
87
79
71
65
63
67
71
79
92
108
122
129
136
140
142
143
146
148
151
152
152
147
143
138
139
143
151
151
148
144
140
137
136
133
125
115
105
96
88
82
74
72
72
73
76
78
85
90
93
95
94
95
94
93
94
98
100
99
98
95
91
89
87
88
85
82
68
77
72
79
89
102
109
111
111
111
113
115
119
126
129
129
124
117
114
118
121
123
123
123
121
118
115
107
101
91
82
74
66
62
61
65
75
88
100
109
120
129
135
134
137
142
145
148
147
145
142
134
133
139
146
148
145
139
135
127
120
109
99
88
78
73
69
71
70
75
81
83
88
93
101
106
108
107
102
101
100
102
105
112
111
109
104
98
92
88
87
85
84
82
71
78
73
73
81
93
103
109
112
116
119
119
124
129
135
137
135
131
128
127
128
128
130
133
135
135
134
127
123
118
112
104
95
85
80
74
74
77
83
93
103
112
118
122
128
136
142
145
145
144
141
135
133
136
140
140
133
127
121
114
101
87
76
67
60
62
69
81
90
99
105
108
111
115
117
121
121
114
108
105
106
108
112
116
117
116
110
100
90
85
83
81
80
80
75
78
72
73
76
85
96
106
113
118
122
122
123
124
127
129
131
131
131
129
128
127
128
134
139
142
140
137
134
130
126
121
112
101
94
86
79
74
76
81
90
98
104
113
121
133
141
147
148
146
143
138
134
135
138
133
123
112
105
96
85
73
67
61
60
71
85
103
114
122
126
127
129
129
125
124
120
113
108
108
109
111
111
111
113
112
106
96
87
82
80
78
75
76
74
78
74
75
74
79
90
102
111
118
123
121
117
115
113
114
116
118
119
122
121
118
120
126
135
137
134
131
128
126
122
116
111
103
98
92
84
78
76
77
80
87
93
104
113
129
140
148
150
149
146
140
137
137
135
126
112
97
87
76
73
70
70
70
76
90
102
115
125
127
129
128
126
126
119
110
107
100
99
105
108
106
103
99
101
101
96
90
84
81
80
77
72
72
74
81
78
74
70
72
84
99
110
117
122
118
115
111
107
106
107
109
110
118
115
112
113
120
128
128
124
121
120
117
114
111
108
105
101
95
89
83
78
74
73
79
86
96
106
123
138
146
150
148
144
144
141
140
135
121
102
83
71
61
64
71
76
81
90
100
110
113
118
116
117
116
114
113
105
97
94
89
90
100
104
101
96
91
91
90
88
84
81
81
80
77
71
70
75
85
79
78
75
72
79
93
103
109
115
114
112
107
103
103
104
104
105
108
102
96
98
106
114
115
112
102
103
104
104
103
100
97
94
91
86
81
77
73
73
76
80
90
100
116
132
142
147
148
147
149
149
145
133
115
96
78
67
60
67
77
83
88
95
101
105
104
98
96
97
93
93
91
82
75
73
74
82
96
104
99
89
84
81
82
82
79
80
81
81
75
68
70
76
88
85
82
78
72
73
82
92
100
106
108
108
107
107
108
106
104
103
102
93
83
82
88
91
90
87
82
83
86
89
88
85
81
77
77
76
76
74
74
77
80
84
84
90
104
122
134
141
145
146
150
149
141
125
106
89
75
68
70
76
85
87
85
85
87
89
86
77
76
77
76
77
76
69
64
64
67
76
90
99
96
90
84
82
83
84
80
78
77
75
74
65
68
77
88
88
87
83
77
73
76
82
89
96
101
102
107
111
112
109
106
104
97
87
74
70
69
69
66
64
62
63
65
69
69
65
61
59
64
68
73
79
82
84
86
88
85
86
92
109
122
130
133
134
136
133
123
106
90
84
83
83
87
91
92
88
83
81
83
87
81
69
66
68
68
68
66
61
59
59
63
75
87
93
93
90
84
84
87
88
82
77
71
67
65
58
63
76
87
87
89
88
83
81
83
85
90
94
98
102
109
116
117
116
111
108
104
94
82
73
69
64
61
62
60
58
59
64
65
63
61
61
70
76
86
92
93
92
88
86
76
73
75
92
109
117
118
117
114
108
95
78
69
74
86
95
104
103
99
92
88
88
91
94
89
79
75
77
76
73
69
66
68
70
74
84
90
92
92
91
86
87
92
92
84
74
65
58
57
57
64
77
85
85
88
89
87
86
89
91
93
95
98
103
109
116
120
121
119
117
115
108
99
93
86
81
80
84
85
83
84
88
90
88
88
89
93
98
103
105
101
95
88
84
74
68
72
91
111
120
117
113
106
99
85
70
66
76
91
104
115
112
106
102
102
104
106
108
109
103
103
105
103
95
89
88
88
90
96
101
102
100
97
94
92
91
95
92
83
73
65
59
55
60
65
74
83
84
86
87
86
85
87
89
89
90
95
99
106
114
120
123
122
121
120
118
116
112
108
107
109
114
114
111
112
113
113
111
107
106
109
112
112
109
103
97
91
86
78
75
82
102
125
136
134
127
117
109
96
83
75
79
92
104
111
109
106
106
111
117
123
124
121
121
122
122
118
108
102
101
106
110
115
117
116
111
105
102
97
94
94
91
84
77
73
69
65
66
67
73
81
83
86
89
87
86
89
92
91
91
95
99
108
117
125
129
129
125
122
123
122
121
120
122
126
131
135
134
132
132
130
127
123
120
117
118
116
110
106
100
94
88
85
87
99
123
148
161
162
156
146
139
125
108
91
83
92
103
104
107
109
111
115
120
125
127
126
127
129
129
124
117
111
112
113
119
125
125
124
120
113
108
100
97
96
95
88
85
83
81
80
76
74
79
77
82
86
89
91
92
98
101
103
104
103
107
116
127
135
139
136
133
124
125
124
121
120
122
126
130
134
133
131
130
128
126
124
122
122
123
120
114
108
101
94
87
81
87
101
123
145
160
161
157
148
142
130
112
88
76
84
99
111
118
125
127
126
124
122
122
118
122
125
124
121
116
114
115
115
121
126
127
127
124
118
111
102
99
99
99
95
91
89
87
83
78
77
80
78
82
90
90
92
97
102
106
108
108
106
109
116
127
137
142
140
137
136
133
130
127
126
126
128
128
130
130
128
126
126
126
126
126
128
130
127
121
116
108
99
91
82
90
106
123
140
154
160
160
151
144
130
112
97
91
100
115
126
128
131
133
132
127
122
120
120
120
122
121
121
120
119
118
121
123
128
129
128
123
117
109
101
97
97
99
99
97
92
87
83
79
77
79
79
83
89
93
97
102
106
108
108
107
104
107
112
123
134
141
141
140
143
141
138
135
133
131
131
129
129
128
127
128
131
133
132
130
132
134
134
132
126
121
112
102
92
98
110
124
139
151
161
162
156
142
124
116
119
124
128
132
132
130
130
131
134
133
131
129
127
127
126
125
125
125
126
127
128
129
131
131
125
120
111
104
96
93
94
96
95
94
90
85
82
76
75
78
81
85
87
93
101
105
107
109
107
104
102
103
107
117
129
136
139
140
144
144
145
145
144
143
140
138
135
134
135
137
140
143
142
137
141
144
145
143
139
130
122
114
102
106
116
126
138
150
160
163
157
143
124
119
129
140
142
141
136
134
132
134
137
139
139
137
137
136
132
131
132
134
138
139
140
138
137
133
125
119
110
104
96
95
97
99
98
95
89
83
79
75
76
78
83
83
85
93
102
106
109
110
109
104
103
103
107
114
124
133
137
138
141
144
147
151
153
153
151
150
147
147
147
148
150
150
150
149
151
153
153
149
143
135
125
119
109
112
120
130
139
151
161
163
155
143
125
118
123
129
129
128
132
136
140
140
138
138
140
141
145
143
141
138
138
141
147
150
151
146
142
136
126
120
116
109
105
105
109
110
106
99
89
79
78
77
81
81
83
80
83
92
102
108
112
116
115
111
111
111
115
121
129
135
138
141
144
147
153
157
160
160
159
158
156
158
160
159
157
157
158
159
159
159
154
148
140
131
123
118
110
114
123
133
144
156
164
164
158
143
124
114
112
109
106
106
119
133
145
148
141
138
142
147
151
149
147
145
145
148
151
155
155
150
146
139
131
128
126
124
121
121
123
120
112
102
87
75
76
79
84
81
82
80
82
93
105
114
120
122
123
122
121
122
126
131
137
142
145
147
151
155
161
164
165
164
164
166
160
164
167
166
162
161
164
166
164
161
153
144
132
124
116
113
110
113
124
136
148
159
164
162
156
141
123
109
101
93
88
91
108
124
143
149
146
146
151
158
158
155
153
152
151
151
155
156
157
154
150
146
141
139
141
141
141
137
133
124
114
101
87
76
72
76
82
77
81
79
84
95
107
117
122
125
128
131
132
133
135
140
143
147
150
154
157
161
165
169
170
170
170
171
168
171
172
170
167
166
166
169
164
159
150
139
129
121
115
111
110
116
127
141
150
160
163
162
151
141
125
109
97
89
88
93
103
114
128
138
147
154
163
167
163
161
159
158
158
158
158
158
158
157
157
154
150
150
152
152
148
143
135
122
109
97
86
77
70
72
76
75
81
79
88
96
108
116
119
122
129
135
139
140
142
144
147
150
155
158
161
164
169
171
171
172
172
173
175
176
176
173
171
169
167
165
162
155
147
138
131
125
121
117
114
120
133
145
154
161
164
163
153
145
127
111
102
98
98
101
101
106
114
126
143
159
169
170
166
163
161
162
163
161
161
161
158
159
160
159
155
155
155
153
147
141
131
117
102
93
83
73
74
71
74
73
78
81
86
98
107
109
113
118
128
135
141
142
144
145
147
150
155
158
163
165
164
164
164
166
169
172
174
174
175
171
167
162
157
155
151
147
144
140
138
134
131
127
119
127
136
146
156
162
163
161
151
143
129
117
110
110
112
113
109
103
102
116
137
153
160
160
157
161
161
161
163
162
159
160
158
156
159
160
157
156
153
150
146
135
122
110
98
86
76
73
73
70
75
72
78
83
85
95
103
105
108
115
123
131
139
141
144
145
147
151
155
157
160
157
156
153
153
155
158
161
163
164
164
162
156
149
141
137
130
132
137
141
144
143
139
133
127
131
139
147
156
162
163
161
152
144
131
120
114
113
114
117
112
106
104
112
125
135
141
142
146
152
154
153
154
154
153
155
153
151
150
149
147
144
141
138
134
126
116
105
94
84
75
71
71
71
79
75
78
85
88
95
99
102
106
111
120
127
135
139
144
144
146
151
155
155
154
152
149
148
148
150
150
151
151
149
148
145
140
131
122
117
115
119
126
134
140
142
142
140
134
137
141
147
156
160
162
160
153
145
132
121
115
114
115
116
114
109
107
108
112
117
123
125
133
141
145
144
144
146
147
148
149
147
142
138
137
134
130
128
125
120
111
101
90
82
74
68
68
73
82
76
79
88
93
99
101
102
105
109
117
123
131
137
141
141
144
148
151
150
149
149
147
149
150
150
146
142
138
135
132
129
125
118
112
107
114
118
124
129
134
138
142
144
139
140
143
148
156
161
161
159
156
148
135
124
117
114
114
114
115
113
109
104
103
106
112
115
123
130
133
133
136
139
142
142
145
145
139
134
134
130
126
125
123
119
110
99
89
81
75
71
75
81
84
74
80
90
98
103
103
102
104
107
113
119
128
134
138
139
140
144
145
143
143
142
141
144
145
143
137
133
127
123
120
120
120
116
112
110
114
119
126
128
129
130
134
137
141
141
145
152
158
162
162
160
156
149
137
125
117
113
113
114
115
114
109
103
100
103
108
110
117
119
121
124
127
131
137
138
138
140
136
134
134
130
124
123
120
116
107
95
86
81
78
77
81
86
86
73
79
92
101
105
105
102
103
105
109
116
124
131
135
135
135
141
141
137
136
134
131
131
132
131
128
125
118
116
118
123
124
120
117
115
114
119
125
126
124
122
123
126
138
140
145
154
160
162
161
158
153
148
137
125
116
112
113
115
116
116
111
105
103
109
113
114
114
111
113
116
120
125
130
131
130
133
133
130
133
130
124
118
118
111
100
89
81
78
79
81
85
90
85
70
76
93
103
104
103
101
102
104
107
113
120
125
130
130
130
133
133
131
128
124
121
119
120
122
122
121
118
118
121
129
130
126
119
117
118
124
128
129
127
126
125
128
137
140
146
155
161
163
159
157
151
147
138
126
115
111
113
117
119
119
115
110
110
116
122
122
115
108
108
113
115
117
122
123
123
123
125
126
127
127
123
113
110
104
94
85
79
77
79
84
86
91
84
67
74
93
105
104
100
98
100
102
106
109
115
120
123
125
125
126
127
126
121
116
112
111
113
116
120
121
123
123
126
133
133
128
120
118
116
122
130
136
136
133
131
130
137
140
147
157
163
163
159
157
152
149
141
128
115
111
113
118
122
123
118
113
113
119
124
123
115
107
106
112
111
110
113
114
115
115
118
121
121
123
119
109
101
94
86
81
78
77
81
87
90
93
83
66
70
90
103
106
101
101
103
100
103
105
111
115
118
117
119
120
120
118
115
109
105
105
109
116
122
125
129
129
131
137
138
130
120
115
116
122
131
139
142
139
136
133
138
140
146
158
165
165
159
156
153
150
142
128
116
110
114
119
124
121
117
114
114
117
122
123
115
112
111
109
109
107
105
105
106
112
113
114
114
115
113
103
97
88
81
77
79
78
79
88
92
92
78
59
67
86
100
104
102
103
107
103
103
103
106
109
112
114
114
116
118
117
113
109
105
108
112
119
125
129
132
130
132
136
137
131
122
117
113
117
126
133
138
138
136
135
136
138
144
155
162
162
157
154
150
149
143
131
117
111
113
118
122
119
114
110
109
112
116
117
114
113
112
111
108
105
103
104
104
108
110
111
109
108
108
101
93
84
79
79
79
78
79
87
92
88
71
51
60
82
98
106
107
109
111
105
103
101
102
105
108
110
110
112
113
117
115
112
110
113
118
125
129
131
133
132
133
133
134
131
124
119
115
120
126
134
140
142
143
142
134
134
141
148
154
154
152
151
150
149
143
130
117
112
115
122
123
119
112
105
104
108
112
114
115
115
115
113
109
105
103
104
104
107
109
113
109
104
106
104
97
87
82
82
81
79
79
87
94
87
65
46
52
74
94
105
110
114
115
107
103
102
104
104
106
108
108
108
110
116
121
119
116
121
126
130
132
134
131
133
134
131
131
129
126
122
119
122
127
136
145
149
149
147
134
133
136
142
146
146
146
146
147
146
142
130
119
115
121
128
127
121
110
103
102
108
112
114
114
115
115
115
110
107
105
104
105
106
112
117
112
104
109
111
102
88
83
81
80
77
78
88
96
89
66
46
46
66
86
100
110
116
116
108
105
106
107
106
107
108
108
105
109
115
124
122
122
125
130
133
134
134
129
132
132
128
127
128
128
128
124
124
127
135
145
152
153
151
139
135
136
139
141
142
141
141
141
142
139
131
122
119
124
129
130
122
110
102
103
111
114
115
112
113
114
114
113
110
107
104
105
107
111
115
111
104
111
116
104
87
80
81
78
77
83
94
102
95
71
47
42
59
79
97
110
117
118
110
108
108
111
110
110
109
107
104
109
112
119
120
121
124
128
131
130
131
125
129
128
124
122
126
131
134
128
125
124
128
137
145
149
149
143
139
138
138
139
139
138
138
143
140
136
127
120
119
125
130
129
120
110
103
107
112
115
115
112
113
113
114
115
116
111
108
108
107
107
109
106
105
113
120
104
86
81
81
77
77
86
100
114
103
74
47
37
48
68
87
105
115
118
114
110
110
113
114
116
112
107
102
104
109
114
114
116
120
123
124
124
123
121
123
124
123
124
127
132
137
128
125
122
122
125
131
136
138
143
141
141
141
140
139
140
141
146
143
136
127
121
118
123
126
123
117
108
104
107
112
114
114
110
111
112
114
117
116
112
108
105
105
103
104
102
105
115
119
102
83
76
78
76
80
95
111
124
107
73
47
32
38
51
74
94
109
117
115
113
113
116
119
120
114
106
101
102
106
111
111
114
117
118
119
117
117
116
119
122
124
126
128
132
134
133
130
126
123
123
125
129
133
143
142
145
145
144
142
144
146
145
144
139
134
126
119
117
117
118
114
107
104
105
110
111
110
106
108
109
110
112
113
109
104
101
102
100
100
100
105
115
116
104
83
77
80
79
88
110
131
128
104
68
44
31
31
42
59
81
107
119
120
119
112
117
124
126
119
107
100
102
105
106
105
104
109
111
110
108
106
107
109
114
120
124
124
126
130
136
138
138
133
127
126
128
129
136
137
142
145
146
145
145
147
148
148
145
137
127
119
112
106
106
105
106
106
105
104
102
103
105
106
105
102
101
104
104
100
95
92
100
98
97
107
111
108
98
88
82
81
83
102
140
151
132
96
62
43
32
32
36
50
72
100
118
122
120
113
115
122
125
123
114
106
106
109
106
103
101
102
105
107
105
103
102
98
102
111
117
118
121
125
130
136
140
140
137
131
126
125
132
135
139
143
143
144
148
150
149
147
142
134
126
119
110
105
103
104
105
105
102
99
99
100
103
105
102
98
98
100
101
99
97
93
97
97
98
105
102
98
94
89
87
87
93
119
160
159
127
85
52
37
37
35
31
40
57
89
113
122
122
115
114
118
124
127
123
117
112
112
112
107
102
102
104
107
108
107
105
98
98
108
118
119
121
123
128
133
138
140
140
136
130
127
126
131
135
138
140
143
145
148
146
142
135
129
122
116
110
107
103
103
104
100
97
97
99
102
106
105
102
99
99
101
103
103
102
99
99
100
104
104
95
91
99
98
98
97
109
141
182
157
120
73
44
34
41
37
29
32
45
73
101
116
121
119
116
118
124
131
131
125
120
119
121
116
111
110
113
116
118
119
118
112
110
117
127
129
128
128
126
125
127
130
133
133
132
131
121
127
131
135
138
140
141
140
139
132
124
118
113
111
109
109
107
104
99
95
94
96
103
110
113
110
109
108
107
109
111
111
109
108
107
107
110
107
98
94
105
109
111
109
129
162
199
157
109
63
39
35
41
37
31
29
37
57
83
105
119
127
120
119
123
131
134
132
127
125
126
122
118
118
122
127
129
132
131
127
124
126
133
139
141
142
133
129
126
126
129
130
130
128
124
128
130
132
136
138
137
134
132
126
118
113
111
111
113
115
114
109
100
96
97
102
111
118
120
119
118
119
119
118
118
117
117
118
118
118
118
112
108
108
115
122
126
126
146
177
203
151
96
52
35
35
40
36
32
29
34
44
64
91
114
129
124
120
123
130
135
136
133
130
126
125
123
125
127
131
135
137
136
136
132
129
132
142
152
157
152
149
142
134
131
129
128
126
128
126
123
122
123
126
127
126
123
120
116
115
118
124
126
127
123
115
106
102
106
115
123
128
125
125
126
128
128
125
123
123
122
125
127
128
123
115
118
121
125
130
133
141
168
189
189
129
82
46
36
36
37
35
35
33
32
34
48
76
103
123
124
121
122
129
136
140
137
132
126
127
128
128
128
129
132
135
136
136
134
129
129
139
152
163
170
173
172
163
154
149
143
138
137
130
123
116
114
115
118
122
125
125
128
131
140
147
147
141
135
125
114
110
114
123
131
134
129
128
131
134
135
132
129
128
128
129
132
137
127
118
125
131
126
133
142
162
192
197
168
106
66
41
37
38
32
32
35
32
32
26
36
63
91
113
123
122
122
128
137
142
140
135
127
128
129
129
125
125
128
130
131
133
130
127
126
131
146
158
178
191
201
199
190
181
171
163
155
147
137
127
121
121
126
131
140
145
149
157
167
175
170
159
147
136
121
114
117
124
130
133
130
130
133
137
139
137
133
134
133
133
136
142
131
122
131
134
127
142
161
188
210
196
149
90
49
35
38
38
30
32
36
36
31
28
28
43
69
96
113
117
122
127
135
143
143
136
134
133
132
130
126
123
123
126
126
126
126
126
122
125
132
142
170
189
206
213
211
204
196
195
188
177
163
154
150
149
154
160
162
171
176
181
191
191
179
164
150
136
122
117
119
123
126
130
127
133
136
137
140
141
139
136
138
140
143
142
133
132
137
139
136
154
187
212
220
187
125
77
38
35
42
43
31
34
38
37
31
30
26
34
54
80
101
110
117
122
132
140
142
141
140
137
135
132
127
124
124
128
129
125
123
123
122
119
122
129
155
174
189
197
200
202
205
211
210
201
191
186
184
185
188
191
189
191
191
191
191
186
171
156
137
127
116
115
119
124
127
129
131
135
138
138
139
138
138
139
141
147
146
143
138
135
139
146
152
181
209
227
218
174
107
60
35
35
43
44
32
36
39
36
32
34
25
23
35
57
85
103
116
122
131
138
140
144
145
143
139
134
129
124
126
128
131
127
124
126
121
114
114
118
142
156
168
173
180
187
198
209
218
214
208
205
206
206
207
206
197
192
187
182
173
164
150
134
118
111
108
114
122
129
132
134
135
137
137
137
136
136
138
144
143
150
143
137
142
141
142
150
170
204
220
225
198
148
90
55
35
38
45
45
35
38
37
35
33
35
27
21
23
37
63
88
107
116
125
129
131
138
147
145
142
137
131
127
126
127
131
132
131
127
120
112
112
118
129
142
151
156
162
170
180
193
209
209
207
205
206
205
200
193
182
174
168
162
149
140
129
116
105
103
105
114
125
131
136
138
139
139
136
135
137
139
142
145
146
146
141
133
135
141
150
163
190
222
229
221
177
124
70
50
40
42
48
47
36
38
34
34
32
35
28
23
20
25
43
70
95
108
121
123
124
132
143
143
143
140
134
129
128
129
131
134
134
128
119
114
115
119
120
131
140
145
153
159
169
179
195
196
195
194
194
191
184
176
165
155
150
143
132
124
117
109
101
102
105
113
122
128
134
137
143
142
138
135
140
147
148
146
143
142
141
133
127
142
167
190
210
229
229
210
155
105
52
50
47
46
47
46
34
35
30
32
29
31
28
26
20
19
33
56
82
103
118
122
125
133
135
140
143
142
138
134
133
133
134
136
133
126
122
121
121
120
123
130
134
140
148
152
157
165
178
180
180
180
179
176
169
162
154
144
138
132
123
115
111
103
101
103
107
113
120
127
134
138
142
145
140
138
144
150
149
144
138
131
132
129
131
154
184
211
227
230
222
193
136
91
46
55
50
47
46
45
30
30
30
30
26
28
27
26
21
21
27
45
71
96
113
118
121
127
130
137
143
145
141
137
136
137
137
136
132
128
125
125
124
123
127
131
133
136
142
143
146
150
161
163
164
164
164
161
157
152
145
139
132
125
120
114
108
104
103
105
108
116
124
131
135
138
139
145
146
144
143
144
142
141
134
123
124
133
154
181
203
224
237
232
215
181
123
80
44
49
49
47
44
45
29
29
30
29
26
27
28
27
22
22
28
40
65
94
112
115
116
119
127
136
144
146
141
139
137
137
137
135
133
130
129
126
127
127
127
131
132
134
140
141
142
146
147
149
150
150
150
147
145
142
134
131
124
119
117
113
108
105
106
107
112
118
127
133
136
136
137
145
149
147
143
137
136
138
131
123
127
143
178
204
216
235
240
230
200
158
103
65
44
50
48
45
44
43
29
31
32
29
27
26
28
29
29
26
30
43
70
97
113
114
110
112
122
136
145
147
146
140
137
137
139
137
135
131
128
127
127
125
127
128
131
133
135
137
139
140
140
141
142
142
140
137
134
133
128
124
121
118
115
111
110
109
108
112
117
123
130
134
137
138
141
143
150
148
141
136
133
134
131
135
141
166
198
223
231
241
243
224
182
135
85
59
42
45
48
44
43
43
30
32
32
32
31
29
29
30
29
28
33
47
78
107
122
119
109
107
120
134
146
150
146
141
137
139
140
139
137
134
130
129
126
124
124
126
127
130
133
134
135
135
135
135
136
134
134
132
130
130
126
123
120
118
115
113
111
111
113
117
122
129
133
135
138
139
144
145
148
146
140
134
130
132
140
154
167
191
215
235
236
240
239
211
162
110
68
51
45
50
47
43
43
42
29
31
34
34
35
33
30
28
29
28
34
49
84
117
135
130
114
106
113
128
141
147
148
144
143
143
141
141
139
137
133
130
126
123
120
120
122
124
128
129
129
130
133
132
132
131
131
130
128
127
123
121
120
116
114
111
112
114
116
122
131
136
137
139
140
142
146
144
143
139
138
133
126
132
152
175
195
213
228
240
239
237
232
194
145
89
59
48
46
49
45
43
41
41
29
31
32
34
36
35
31
27
24
25
32
47
84
124
148
147
128
115
113
121
131
141
147
150
148
148
143
144
141
138
135
130
125
123
118
117
118
120
122
125
125
125
127
126
125
126
127
126
123
122
121
120
118
115
111
110
112
116
119
125
134
140
142
142
142
143
146
141
136
134
136
132
129
138
165
195
216
226
233
238
237
230
220
178
127
75
56
48
49
46
43
42
41
41
29
31
31
32
34
35
30
26
23
23
28
43
80
125
158
164
145
131
121
119
123
133
142
151
153
150
147
147
146
141
137
132
127
124
121
118
118
117
120
121
121
121
120
119
119
120
122
122
122
120
119
118
117
114
112
112
115
118
124
129
137
143
145
144
143
141
143
138
132
130
134
136
139
155
180
211
232
238
239
240
237
225
207
156
105
58
50
49
53
47
43
43
42
42
31
32
31
31
31
33
31
26
24
24
26
39
74
123
162
176
162
148
131
120
113
119
134
147
154
151
148
148
147
144
140
135
131
127
123
121
119
119
119
120
120
119
120
119
119
119
122
122
123
123
120
120
120
117
115
116
119
124
129
133
140
145
145
143
140
136
137
132
129
128
134
143
157
177
203
224
237
238
238
237
236
222
193
138
86
49
49
52
56
49
44
44
44
42
33
34
32
31
30
31
28
26
24
25
30
39
70
116
160
181
176
167
147
129
113
112
123
138
148
148
147
148
148
146
143
139
134
131
126
125
124
123
125
125
124
124
124
125
126
126
127
128
127
127
127
127
126
124
122
122
125
129
134
137
142
145
144
138
133
131
129
126
128
130
135
152
177
203
223
234
237
234
233
231
231
214
174
119
73
46
50
56
56
49
43
44
43
43
33
35
34
32
30
29
26
24
24
26
33
40
67
110
155
183
185
182
165
141
119
110
114
128
140
143
148
148
149
149
147
141
138
135
129
129
128
129
131
131
130
129
132
134
137
138
138
137
134
132
134
134
133
131
128
128
129
133
136
139
142
144
140
135
130
125
122
122
129
133
138
161
193
221
233
241
239
236
236
229
226
204
158
103
59
40
47
56
57
49
42
43
43
43
35
36
36
34
32
31
27
22
21
26
33
41
64
104
151
183
189
193
181
165
142
124
118
119
125
135
145
149
152
155
156
152
142
133
129
129
130
133
138
140
142
142
147
148
149
148
145
141
138
136
138
138
138
138
138
137
136
136
135
139
142
142
139
135
132
126
123
129
140
151
164
185
211
229
238
240
237
234
233
229
217
180
129
76
54
50
55
51
50
49
46
43
43
42
36
36
36
34
33
31
26
20
21
26
34
40
60
96
145
180
192
198
193
186
170
148
127
112
115
128
139
148
156
158
156
154
148
141
136
135
134
137
141
145
147
148
150
152
154
153
147
143
139
137
141
139
139
141
143
143
140
139
140
142
143
144
139
135
129
126
131
138
156
174
192
209
224
232
236
236
236
236
238
228
206
164
107
62
50
49
57
53
49
46
47
45
44
44
37
37
36
33
32
31
26
19
21
27
32
36
56
95
145
180
192
200
205
204
195
177
147
120
112
117
131
146
157
156
152
150
148
144
138
136
134
137
141
147
149
151
150
154
156
154
148
141
138
137
139
138
137
140
143
145
145
144
148
145
144
143
138
133
130
129
133
149
175
200
218
229
231
232
235
237
238
239
239
226
192
144
92
58
50
51
59
55
52
48
47
45
44
44
39
39
35
32
30
30
25
19
21
29
29
29
50
95
148
180
190
199
209
211
210
199
173
146
127
119
122
132
141
145
145
147
148
147
142
139
137
139
143
149
153
155
154
157
161
159
152
147
142
141
138
138
139
139
139
142
148
150
148
141
135
133
130
128
130
135
144
167
197
223
238
240
237
237
237
241
241
241
236
216
175
124
81
57
52
53
59
56
53
50
45
44
43
44
40
39
35
32
30
29
25
19
21
30
30
25
42
87
144
177
191
202
212
216
217
212
199
178
154
135
123
121
123
132
140
144
145
146
146
144
142
141
144
147
151
154
157
159
162
162
157
152
148
146
146
144
143
141
142
146
149
152
146
135
126
124
123
125
135
146
166
189
216
235
245
245
242
243
242
242
240
239
230
207
156
103
62
52
52
55
59
56
52
47
45
44
44
44
39
37
33
31
30
29
23
19
21
28
29
23
38
82
137
174
192
205
213
213
215
216
218
210
188
162
137
122
115
124
135
138
139
142
144
142
142
141
141
141
145
148
156
157
159
159
156
151
148
146
147
145
143
143
147
150
150
147
143
131
122
120
124
134
151
166
190
206
222
234
243
244
242
244
246
243
239
238
226
196
137
84
52
50
52
54
56
55
52
47
48
46
46
46
38
36
31
31
30
28
24
21
22
25
25
24
38
76
129
170
190
205
212
209
210
217
227
230
216
193
164
142
128
130
134
132
133
136
136
138
140
140
138
139
142
145
154
155
156
155
152
149
147
144
143
142
141
141
145
147
146
140
133
125
118
123
135
151
170
188
215
225
229
232
239
242
242
245
245
245
240
236
216
180
118
72
52
54
53
52
51
53
52
48
48
46
47
47
37
35
27
29
30
28
24
22
23
24
23
25
38
69
120
164
188
204
211
209
213
220
228
234
229
217
199
176
153
141
134
123
120
123
125
130
135
135
135
135
140
144
149
150
151
150
147
144
143
142
141
142
141
140
140
140
139
135
129
123
122
132
148
168
191
209
229
236
235
232
236
238
238
242
242
244
241
232
203
161
103
65
48
53
50
49
48
51
51
47
47
46
46
46
36
32
28
27
27
25
25
23
20
23
26
29
39
66
110
156
186
199
209
215
219
222
225
231
233
233
223
211
187
161
137
125
119
116
115
120
125
128
128
131
134
138
141
142
142
141
139
137
137
138
141
143
139
135
132
133
131
126
127
127
133
149
168
190
210
223
240
240
239
236
236
239
239
237
238
238
240
230
190
139
93
59
48
50
52
47
44
45
50
53
49
46
47
47
34
30
27
24
24
24
25
24
20
21
27
30
38
61
102
149
184
199
207
215
221
222
221
226
233
237
240
231
213
188
165
145
129
118
119
120
121
122
124
128
132
136
134
135
136
133
131
131
134
137
140
141
140
138
134
133
131
130
134
140
152
170
189
207
226
237
241
242
241
237
237
240
241
239
236
237
238
219
169
117
81
55
45
48
50
48
45
44
46
47
48
46
47
47
33
28
28
24
23
23
26
25
19
19
27
32
39
58
96
144
182
200
205
212
220
221
222
228
234
238
240
236
228
218
202
181
157
140
126
121
115
112
113
119
124
128
130
132
132
130
124
123
127
130
133
134
134
134
133
132
134
136
148
158
176
193
207
220
233
239
240
241
241
238
237
239
241
243
242
235
227
203
148
100
72
51
39
43
47
48
46
45
45
46
46
45
44
46
32
28
27
24
23
21
24
25
19
19
25
31
38
55
90
139
180
199
204
208
213
219
227
233
235
234
237
236
238
238
233
214
188
168
148
139
128
117
113
114
119
122
121
122
123
123
124
124
125
127
133
133
134
135
139
142
148
154
166
180
197
213
224
233
239
241
240
240
241
240
239
239
242
248
250
235
217
185
130
87
67
49
37
41
45
46
46
46
46
47
46
45
45
46
31
28
26
23
22
20
23
24
19
20
24
29
35
50
84
133
176
198
204
206
209
217
227
233
233
230
234
235
240
244
242
230
212
199
186
177
160
144
132
125
123
123
125
123
122
125
129
133
135
135
137
137
141
149
157
165
177
185
198
210
222
231
238
243
245
245
243
241
242
243
241
239
242
250
250
237
213
170
110
69
58
49
44
44
44
44
44
44
45
46
48
47
47
49
30
28
24
23
22
20
22
23
21
22
24
28
32
45
77
126
171
198
206
208
212
216
222
228
230
231
229
233
238
240
238
234
230
229
222
214
198
179
161
148
141
137
142
135
129
129
135
143
147
148
150
154
162
172
182
193
204
213
226
231
236
238
240
242
242
240
243
242
242
242
241
238
240
246
245
232
200
150
93
60
53
50
48
46
44
43
44
44
45
46
49
48
48
50
30
28
25
24
24
21
22
25
21
22
26
29
33
44
73
120
168
197
210
211
215
218
220
224
229
232
235
237
240
240
238
236
238
239
237
231
218
202
185
173
166
162
154
146
138
133
137
144
152
156
171
180
194
206
213
219
226
231
236
238
239
238
238
240
241
240
242
243
243
241
239
239
239
239
235
219
180
127
81
56
53
51
50
48
45
45
46
46
46
46
46
45
46
48
29
26
29
26
26
23
25
27
21
21
25
29
34
44
71
115
164
194
209
212
216
218
220
224
228
232
238
237
237
238
238
237
235
235
233
227
215
201
190
182
179
177
171
163
151
143
140
144
151
156
170
186
208
224
233
240
244
249
247
247
246
242
241
241
241
243
243
248
248
241
239
242
243
238
225
208
163
110
70
52
50
50
52
49
48
49
49
48
45
45
45
44
45
46
29
30
30
30
27
24
25
23
23
23
27
33
33
43
67
110
156
191
202
210
218
221
222
226
231
235
238
235
236
237
237
233
226
217
213
204
194
188
182
179
179
181
181
170
158
150
145
143
146
151
168
183
200
218
233
242
245
248
247
247
246
244
243
244
245
245
242
250
250
242
238
241
246
240
221
192
147
94
60
50
50
50
52
51
51
51
49
48
46
45
44
44
45
46
29
30
29
27
25
24
24
24
23
24
27
34
33
43
64
105
148
184
200
207
217
220
222
227
233
238
239
237
234
233
231
227
218
208
193
187
179
176
173
173
177
180
184
175
166
159
155
150
149
148
157
169
182
200
215
222
226
233
234
238
241
242
243
245
247
247
241
248
248
242
238
242
245
239
217
180
130
81
53
48
50
50
53
52
52
51
50
50
47
46
44
44
44
46
31
30
29
27
23
24
26
23
21
23
28
35
35
43
62
101
143
176
195
205
214
218
221
227
235
240
240
235
229
223
219
215
207
198
192
186
181
178
176
174
174
175
180
175
170
168
165
161
154
147
149
154
160
173
185
191
198
208
215
221
230
234
239
244
247
248
240
243
244
243
240
240
242
233
210
162
109
68
50
51
51
51
52
52
51
50
50
50
48
48
45
44
44
45
33
30
29
26
23
24
26
23
21
23
28
36
37
44
62
99
141
174
192
200
208
214
218
225
233
236
240
234
226
219
212
208
204
197
198
194
192
192
189
185
181
181
180
180
180
180
181
176
162
150
143
141
141
150
161
167
176
189
201
209
220
228
234
239
243
245
239
238
239
244
242
240
237
228
198
145
92
62
51
52
52
51
51
50
48
48
49
50
50
50
48
45
44
44
33
30
29
26
23
24
26
22
20
22
28
36
37
44
61
98
139
174
191
198
205
210
216
223
228
227
228
222
216
211
205
203
201
200
195
193
192
194
194
190
186
185
187
187
189
189
188
179
162
146
133
128
127
138
154
164
175
188
201
210
220
227
234
238
242
244
240
235
237
247
246
240
234
220
183
128
79
57
51
52
51
50
49
48
47
47
48
49
51
51
50
46
44
45
31
30
28
26
22
23
25
20
18
20
29
37
38
44
62
98
139
175
190
197
203
210
217
222
220
215
205
198
192
193
194
195
197
199
194
190
187
189
190
187
186
186
190
190
188
186
182
170
151
136
126
123
125
144
167
181
191
202
212
220
228
232
235
238
240
242
241
235
237
247
246
241
230
210
168
112
69
55
53
53
52
52
50
49
48
47
48
51
50
51
50
46
45
45
30
30
26
26
23
23
24
21
20
20
29
37
38
45
63
99
140
175
190
196
203
212
220
222
212
200
182
168
161
169
180
190
196
200
195
190
185
186
187
187
188
191
191
188
183
178
172
160
143
131
127
128
137
163
193
207
214
221
230
234
238
238
237
237
238
238
237
234
237
242
241
240
227
197
150
97
61
54
53
53
53
53
51
50
49
49
50
51
50
50
50
48
46
46
30
31
25
26
25
23
24
22
21
21
28
36
37
45
63
100
140
175
188
195
203
214
223
222
207
190
164
144
134
145
164
181
193
198
201
195
190
189
188
187
187
188
187
182
175
168
160
147
134
124
130
134
148
180
215
230
234
237
241
244
246
242
239
237
235
234
233
233
236
237
236
238
224
188
136
86
55
52
52
52
52
51
51
50
49
49
50
51
50
50
50
48
46
46
30
30
26
26
23
21
23
23
19
20
29
33
38
45
65
100
141
171
186
191
200
213
218
216
209
193
174
145
125
124
136
159
181
195
196
196
196
196
196
194
191
191
191
186
180
165
156
143
124
118
131
149
169
193
223
227
236
241
241
243
242
239
235
232
232
233
228
230
236
228
236
234
218
175
123
77
54
52
49
50
52
51
50
50
50
50
51
51
51
51
50
49
49
49
29
28
25
24
21
19
22
22
18
20
25
32
39
48
70
103
141
169
182
190
201
213
216
215
211
199
187
161
135
119
122
141
164
182
193
198
202
203
202
201
199
196
190
186
181
167
157
143
121
115
131
160
184
204
223
223
232
237
237
238
237
235
233
231
232
233
229
231
235
229
235
231
210
163
107
67
51
52
49
49
51
49
50
50
50
51
51
51
51
51
50
50
49
49
27
25
22
21
18
15
19
21
17
20
25
32
39
49
70
102
138
164
177
190
204
214
216
217
217
211
201
186
161
135
124
131
145
162
184
195
203
202
199
200
200
198
192
187
181
168
157
142
121
118
135
169
193
210
226
227
231
233
236
236
235
233
232
230
232
233
232
232
235
230
235
227
198
147
91
60
50
53
50
49
50
50
51
51
51
51
51
51
51
51
50
50
50
50
