93
104
125
152
178
194
206
217
223
224
227
231
234
234
234
238
239
239
243
243
244
243
240
236
231
229
227
222
219
216
209
204
203
201
199
200
200
197
193
192
191
187
186
183
178
172
166
162
158
155
154
152
150
147
145
144
145
146
145
146
144
142
142
142
141
141
143
143
146
148
149
148
148
149
146
145
143
143
143
140
136
132
125
114
99
83
68
60
57
55
57
54
58
54
93
106
132
160
187
203
213
224
228
227
228
229
231
232
234
236
238
237
238
240
241
239
236
231
228
227
223
219
217
214
207
203
201
198
199
200
200
197
192
191
190
186
184
182
177
171
165
160
159
156
155
153
151
149
146
145
146
147
146
147
145
143
145
144
142
142
142
142
145
146
146
146
145
146
146
144
142
142
143
141
138
135
125
115
101
87
70
60
55
51
56
52
56
53
96
112
139
170
198
210
217
227
229
227
227
227
228
229
230
230
231
232
232
233
234
234
233
229
227
225
223
219
214
210
205
201
198
198
197
198
197
195
193
191
187
184
183
179
176
173
168
164
160
157
156
155
153
151
148
147
147
147
148
148
146
144
144
146
145
142
143
143
144
146
146
143
143
144
145
145
143
141
141
143
139
135
126
118
103
88
71
57
51
51
51
52
52
50
97
118
148
179
205
215
219
226
228
226
224
223
222
222
224
224
225
225
228
227
227
228
228
227
224
221
218
215
210
207
202
198
194
194
193
195
195
194
193
190
187
182
180
176
174
172
168
165
161
158
156
155
153
151
148
147
147
147
148
148
147
146
147
148
148
146
145
144
144
144
143
141
140
141
140
140
139
138
139
141
139
136
130
121
106
90
72
58
51
50
51
50
50
49
100
127
160
188
214
220
221
223
223
222
222
217
216
217
218
220
221
222
223
221
221
222
222
223
218
215
210
208
205
202
198
194
192
191
188
190
190
190
189
188
184
181
177
174
172
170
166
163
160
157
155
154
153
151
149
147
146
147
147
147
147
147
147
148
148
147
147
144
143
142
141
139
138
138
137
136
135
135
137
140
139
138
132
123
109
92
74
58
50
49
49
47
48
48
106
135
168
196
218
221
219
219
219
219
217
214
215
215
217
218
219
220
224
220
217
217
217
216
212
209
205
203
201
198
195
192
189
187
185
185
184
182
183
184
184
181
176
172
170
168
164
160
157
155
154
154
153
151
149
147
146
147
146
145
145
144
144
144
145
144
144
142
139
138
137
137
137
137
136
134
133
133
135
137
139
137
131
123
111
95
77
60
50
47
45
46
47
49
118
148
177
200
219
221
217
214
214
213
212
213
215
215
215
216
218
220
222
219
215
212
211
209
207
204
200
200
198
194
191
188
185
184
182
181
178
177
177
181
180
177
173
169
166
164
159
157
155
153
154
153
152
151
150
149
147
148
146
145
142
141
140
140
141
141
141
139
136
134
133
134
136
136
135
134
132
132
133
134
135
135
131
126
115
99
81
63
49
44
40
43
46
49
131
160
182
201
216
218
215
214
213
213
213
214
216
215
214
212
214
217
216
213
207
205
204
202
201
199
197
196
194
191
187
184
181
178
177
176
176
174
175
176
174
172
167
162
160
159
156
154
154
152
153
151
150
149
149
149
148
147
146
143
140
139
138
138
138
139
140
139
136
133
133
134
135
135
133
132
132
131
131
132
133
133
133
127
118
102
84
64
48
40
36
39
42
44
138
163
184
199
210
213
213
214
214
214
215
215
214
213
211
208
209
212
212
207
202
197
195
195
193
191
191
190
188
184
181
178
174
172
171
171
170
170
172
172
171
167
163
160
158
157
155
153
152
149
149
147
144
143
144
145
144
144
142
139
136
135
135
135
136
136
138
138
136
133
132
132
132
132
131
130
130
131
130
130
130
131
130
126
118
104
85
66
51
41
34
36
38
40
137
161
182
195
206
209
212
215
215
215
215
214
212
210
206
205
206
207
210
205
197
192
191
189
187
185
184
184
182
178
174
172
169
167
167
166
166
167
169
170
169
166
163
160
159
158
155
152
150
147
144
141
139
139
140
141
141
140
137
134
133
132
133
133
134
134
134
135
134
132
130
130
129
127
127
128
129
129
129
127
127
128
126
124
116
103
86
67
53
44
35
35
36
37
136
162
185
199
206
207
209
209
211
213
213
213
212
210
207
205
207
209
206
199
195
191
188
185
185
184
179
175
173
172
168
165
163
161
160
158
158
163
166
167
164
162
159
156
157
157
154
151
148
143
141
139
135
134
136
138
138
136
133
132
131
133
135
134
133
133
131
130
129
129
128
127
125
125
125
125
126
127
128
128
126
125
124
122
114
100
86
70
54
45
35
31
32
36
130
157
185
199
205
205
206
205
205
206
207
209
210
209
207
205
206
207
202
198
195
193
190
186
182
178
171
167
166
165
162
158
156
154
156
155
155
158
160
162
159
157
156
155
156
156
152
149
146
142
139
137
134
133
135
137
136
134
132
131
130
131
133
132
130
129
128
127
125
124
124
124
123
123
123
123
123
124
125
124
123
123
121
120
113
100
87
71
55
45
37
32
32
36
126
154
183
197
201
202
202
200
199
199
202
203
206
208
206
203
203
203
198
193
193
192
190
185
179
174
165
160
158
158
156
154
153
152
151
151
152
154
155
155
154
153
153
153
156
155
150
144
142
141
140
137
135
134
136
138
136
134
132
131
130
128
130
130
129
127
125
123
121
120
120
121
121
121
122
122
122
122
122
122
122
121
120
119
113
102
89
73
57
46
37
31
30
33
126
152
177
190
195
197
198
198
199
199
200
200
202
203
202
199
196
195
191
188
187
187
185
182
176
170
160
156
155
154
152
152
152
150
149
150
151
151
151
152
151
150
151
152
155
154
148
141
140
138
139
138
137
136
136
136
134
132
131
132
130
127
128
129
127
124
121
120
118
117
119
119
120
120
121
120
120
120
120
120
121
121
122
121
114
104
91
75
59
46
37
30
29
30
125
149
170
184
190
192
195
197
200
201
201
199
197
197
195
192
189
188
185
183
184
184
183
179
173
165
157
153
151
151
148
147
148
147
148
150
150
149
150
150
150
150
151
152
155
154
147
141
139
137
137
137
137
135
133
132
131
129
130
129
127
125
127
127
125
122
118
117
116
117
118
119
120
119
118
118
117
116
117
117
119
121
122
120
114
104
91
76
60
48
39
33
31
31
128
152
168
183
188
190
193
196
199
200
199
196
193
190
187
184
181
180
179
179
181
182
181
177
171
162
155
151
150
150
149
147
147
147
147
149
149
147
149
151
152
152
153
153
155
154
149
143
141
139
137
138
137
135
133
132
131
130
130
129
127
126
127
126
123
120
116
115
115
116
118
119
119
118
117
117
116
115
115
116
118
119
119
117
111
101
90
76
60
50
45
38
36
33
130
152
168
184
188
188
190
191
194
195
193
189
183
180
178
175
173
171
172
172
174
176
175
173
167
160
154
151
150
151
150
149
150
149
148
149
148
148
151
155
157
156
155
154
155
155
152
148
144
142
139
139
138
137
136
136
135
133
133
131
129
130
128
125
122
120
116
115
114
114
116
117
117
116
117
117
117
116
116
116
117
118
116
115
109
99
88
77
63
52
47
39
36
32
128
147
166
181
186
185
185
186
188
188
184
180
175
173
170
167
164
163
163
163
165
167
166
166
163
157
152
149
148
151
151
151
151
150
149
149
149
149
153
159
162
162
157
155
156
156
154
151
149
144
140
139
138
137
138
139
137
135
134
132
131
132
130
125
121
120
118
115
113
113
114
116
116
116
117
117
117
117
117
116
116
117
115
113
109
99
89
78
65
55
45
37
33
29
126
146
162
176
186
185
183
184
185
186
180
177
170
165
161
160
159
158
156
156
157
158
160
160
158
155
151
152
152
152
153
155
155
154
152
149
149
150
155
159
162
159
157
156
155
155
154
151
147
144
139
138
137
137
138
139
137
135
134
132
130
130
131
129
125
122
119
118
116
114
114
115
116
116
116
117
117
118
118
118
117
116
113
112
109
101
92
82
67
56
45
39
32
29
123
139
155
171
184
186
185
185
185
184
178
175
167
160
156
153
153
152
154
154
153
153
154
156
156
156
155
157
157
157
159
161
161
159
158
154
152
152
154
157
158
155
153
152
151
151
150
148
145
143
140
139
137
137
140
140
139
137
133
132
130
130
131
130
128
125
122
120
118
116
115
115
116
117
116
117
118
118
118
118
117
117
116
114
109
100
91
81
68
59
48
42
32
28
119
132
149
163
176
182
184
184
182
179
179
174
166
158
152
152
153
153
155
153
153
151
151
154
156
157
160
161
162
162
165
167
167
165
162
159
155
153
153
154
154
151
150
149
147
146
144
143
143
143
142
141
139
139
142
145
143
140
134
133
131
132
132
132
130
129
126
124
121
118
117
116
116
117
116
117
118
118
118
117
117
116
117
114
110
100
90
80
69
61
51
46
38
31
118
130
143
156
168
173
177
179
178
176
175
170
161
152
149
150
152
154
156
157
156
155
154
155
157
159
161
162
164
166
169
171
170
168
164
159
155
153
152
152
152
151
150
148
146
143
141
140
141
143
144
143
142
141
145
148
148
145
138
136
134
134
134
134
132
130
128
126
124
121
119
118
116
115
115
116
117
117
117
115
114
113
116
114
109
100
89
80
70
63
53
52
46
39
116
128
135
148
159
167
174
178
176
174
172
168
160
152
149
150
153
155
158
159
159
157
156
157
159
161
163
164
167
168
170
172
171
169
166
160
156
154
151
150
151
151
150
149
147
142
139
138
140
142
146
146
144
142
145
148
148
146
141
139
136
136
137
134
131
129
128
127
126
124
122
120
117
115
114
115
116
116
115
114
111
110
114
112
105
96
86
78
70
64
57
58
54
47
112
120
127
140
155
166
174
178
175
172
172
168
163
157
154
154
156
157
158
160
160
159
160
161
164
166
166
170
171
172
173
175
172
170
168
162
158
154
150
148
149
150
151
150
147
142
138
136
139
143
147
149
148
143
143
144
145
143
140
139
138
137
135
133
129
127
126
126
126
125
123
121
117
115
114
115
115
115
114
112
109
108
111
109
102
92
82
73
67
62
60
59
56
55
106
114
119
134
152
165
173
175
171
168
166
166
164
160
158
157
157
157
161
161
162
163
165
168
171
171
170
172
173
173
174
175
172
170
167
161
157
154
149
147
149
151
153
152
150
143
138
137
141
147
151
154
153
147
142
141
141
138
137
137
135
134
133
131
128
126
124
124
123
122
121
118
117
116
115
115
116
115
114
112
109
108
108
107
100
92
84
74
66
60
59
56
57
59
103
110
117
132
151
164
171
171
166
162
162
164
166
164
163
162
160
159
161
162
164
167
169
172
173
172
170
172
172
172
173
173
172
168
165
160
157
154
151
149
152
155
157
156
152
146
139
138
142
149
155
159
158
150
143
140
138
137
134
134
133
132
131
130
127
126
122
121
120
119
119
118
117
116
115
116
116
116
115
113
111
109
105
106
103
97
89
79
68
60
56
55
58
61
100
106
117
136
153
158
166
169
167
165
164
164
164
164
163
164
164
164
166
168
170
169
168
171
174
174
170
166
164
165
163
163
163
163
160
157
154
154
153
154
157
162
165
165
159
148
146
147
146
153
166
169
163
152
144
141
137
136
136
131
127
127
128
128
125
123
121
118
115
113
114
115
115
116
115
115
116
117
117
116
114
112
108
106
106
104
97
87
74
63
58
55
56
60
96
103
120
138
153
157
164
168
169
171
169
169
169
169
168
169
168
167
168
169
170
169
168
170
171
169
165
159
155
153
151
151
153
153
153
151
151
153
154
157
162
168
173
173
166
152
147
148
150
163
176
175
165
151
143
140
134
130
129
126
123
122
123
123
121
118
117
114
112
111
113
116
117
118
117
117
117
118
119
117
116
115
111
111
111
108
101
93
80
68
61
59
59
61
95
103
120
137
151
156
161
167
170
175
174
175
177
178
178
178
175
173
174
172
171
167
164
164
162
158
152
146
143
141
140
143
145
146
147
146
147
151
155
160
167
172
177
176
168
152
143
145
153
170
186
178
162
146
141
140
133
125
122
120
117
116
115
114
112
110
111
110
109
110
113
116
118
118
119
119
119
120
120
120
119
118
116
115
114
111
105
99
86
75
66
61
60
62
97
105
118
134
149
156
163
168
170
174
176
179
184
187
188
188
186
183
178
174
169
162
156
152
150
146
139
136
134
133
134
137
140
141
140
140
142
149
155
159
165
167
170
169
160
146
138
140
153
171
184
174
154
138
136
137
131
123
121
119
116
114
111
110
107
105
106
107
108
110
113
115
117
118
120
120
121
122
122
122
122
122
122
119
118
115
110
103
92
81
70
63
59
59
101
108
120
134
148
156
165
169
170
173
176
182
189
195
197
198
195
191
186
180
172
163
155
147
143
139
134
132
130
129
129
132
136
136
134
134
137
146
151
155
156
158
159
157
149
138
133
137
154
171
176
165
145
131
130
132
128
120
123
122
119
116
112
110
107
104
103
105
107
110
113
115
117
118
118
119
121
122
123
124
126
127
126
123
120
117
113
109
100
89
75
65
55
53
106
112
126
138
148
157
167
171
172
174
177
184
194
199
205
206
203
198
195
186
177
165
154
144
137
130
129
126
122
120
122
126
131
132
130
129
132
139
146
147
146
146
148
144
136
129
128
135
154
166
167
157
139
126
126
127
123
119
119
119
118
114
112
110
107
102
101
103
107
111
113
114
116
117
117
119
121
122
124
126
130
133
126
122
120
117
116
114
106
97
81
66
52
48
110
118
130
141
151
160
170
174
175
179
184
190
199
205
210
212
210
206
198
188
178
167
157
144
132
124
121
117
114
114
118
126
133
133
133
130
130
134
137
136
132
131
131
129
124
121
123
132
148
155
151
141
126
118
119
120
119
119
115
116
117
116
115
115
112
108
107
109
113
114
115
115
116
116
118
119
119
119
120
122
127
131
122
119
116
117
118
117
111
102
85
66
50
46
112
122
132
144
155
166
175
177
179
183
189
196
203
209
213
215
215
211
201
192
183
176
167
156
142
130
122
119
117
119
125
135
141
144
140
135
132
132
132
127
122
118
117
119
117
118
120
128
141
143
134
125
112
109
112
116
115
115
115
118
120
120
121
122
120
117
116
118
119
118
117
116
115
115
118
118
117
115
114
115
119
123
118
115
115
116
119
119
115
105
89
68
49
44
111
125
139
153
163
173
180
180
184
186
196
204
210
211
211
214
214
211
202
197
188
188
187
180
169
158
152
148
146
148
153
162
167
163
155
145
137
132
127
121
115
111
112
114
113
114
118
128
135
129
118
108
100
102
108
110
112
117
120
122
122
122
124
128
127
125
124
120
120
122
118
109
107
113
116
116
114
109
106
106
110
115
113
116
117
118
120
119
114
105
88
67
51
44
114
128
145
160
172
180
187
185
188
191
197
204
207
203
201
203
206
205
203
202
199
205
206
201
196
189
178
176
176
178
180
183
180
173
165
154
141
132
123
115
108
106
108
112
111
111
114
121
126
120
107
98
93
96
103
106
112
119
125
129
134
135
137
137
134
128
123
119
117
117
114
106
105
108
109
109
107
102
98
97
101
105
112
115
118
119
120
117
111
103
87
67
52
48
118
134
152
170
182
188
190
186
188
190
197
201
201
194
191
194
201
204
202
204
207
214
213
203
198
191
192
189
188
185
180
175
165
157
150
141
131
121
113
105
99
97
101
105
104
105
106
111
115
109
96
92
92
95
99
101
104
109
107
109
113
115
116
115
110
106
103
100
98
96
93
91
91
92
99
99
98
91
86
85
90
97
109
114
119
120
118
113
106
99
85
70
57
55
118
141
163
180
190
193
193
190
190
190
195
196
191
184
180
182
190
196
199
202
206
212
209
197
185
176
165
161
156
150
141
133
125
116
112
108
105
102
96
91
89
87
92
95
94
93
93
97
101
96
86
87
92
96
95
90
88
87
90
89
86
85
86
87
86
84
78
78
77
75
77
80
82
81
85
86
85
80
74
75
83
89
102
109
117
119
115
106
99
92
85
73
65
62
118
143
166
183
191
193
195
194
194
193
195
190
181
171
163
161
166
170
165
165
165
169
165
153
139
126
116
110
103
98
91
88
86
82
79
79
79
78
77
76
77
80
87
88
87
85
83
86
89
85
77
81
86
88
85
78
71
67
63
56
50
48
49
51
51
51
53
54
56
57
62
67
70
70
71
73
72
68
65
67
76
83
93
102
111
114
109
102
94
89
86
76
67
62
121
141
161
179
189
193
198
201
200
197
193
185
172
157
146
140
141
145
145
144
140
137
132
121
108
96
84
78
70
65
62
61
61
60
61
60
58
57
59
63
70
76
80
84
85
84
84
86
89
84
80
78
76
74
69
63
57
53
49
44
38
38
39
37
35
34
33
34
37
41
45
49
52
53
61
64
66
65
64
64
71
77
84
95
105
109
105
100
96
95
91
81
67
59
121
134
154
175
188
194
201
205
205
199
187
176
161
146
133
126
126
131
133
135
127
119
109
100
92
83
70
64
56
52
49
49
49
47
48
48
47
44
46
52
63
70
75
80
86
90
93
95
97
90
83
78
69
61
56
51
45
40
38
34
33
33
32
29
26
26
29
29
31
35
37
39
42
48
53
58
63
66
65
66
69
72
81
89
100
104
102
99
99
101
99
84
66
58
118
127
146
169
184
191
199
202
198
191
180
168
152
136
122
114
116
124
127
132
124
111
95
84
77
70
56
49
43
40
39
40
41
39
40
40
41
40
42
47
56
63
73
80
88
94
98
100
100
92
81
74
62
54
48
43
37
29
30
27
26
28
25
22
21
24
26
24
25
29
31
31
35
41
46
53
60
66
67
66
66
68
76
86
95
99
98
97
100
104
103
86
66
58
118
116
128
147
159
173
186
193
196
188
173
150
131
114
105
102
109
116
123
117
107
92
77
66
58
51
45
41
36
34
34
34
33
33
33
35
37
38
38
41
48
56
64
72
83
92
93
91
84
79
69
64
55
46
43
40
36
32
30
29
28
26
24
22
20
20
21
23
24
25
26
27
29
30
37
43
54
62
65
64
65
67
76
80
85
88
90
93
101
109
108
92
72
65
120
118
120
131
134
148
168
181
185
177
161
136
114
95
92
97
108
112
110
100
84
68
55
46
42
40
35
32
29
28
29
29
30
29
32
34
36
35
36
37
41
45
49
56
64
72
74
72
66
60
54
51
44
40
39
38
34
31
28
28
27
25
23
22
21
21
21
22
23
25
26
26
26
26
29
35
42
51
58
61
65
68
70
73
77
82
87
93
103
112
113
100
82
73
128
126
131
137
134
139
152
164
170
165
152
131
113
93
89
98
106
101
92
78
61
50
44
35
31
30
32
28
26
26
28
29
29
28
28
29
31
32
31
32
33
35
40
45
52
57
61
62
58
55
52
49
44
38
36
33
31
28
28
28
27
26
25
24
23
23
23
23
25
27
29
29
28
27
27
28
32
40
49
59
66
70
70
72
74
82
89
97
106
115
118
107
93
83
133
138
149
156
151
147
147
149
155
153
142
125
113
97
93
97
97
87
72
57
45
42
41
36
32
31
29
27
26
27
29
30
28
26
28
29
31
34
34
34
36
37
44
48
55
61
68
72
74
72
68
63
55
46
38
33
31
31
33
32
31
29
28
27
27
27
29
29
30
33
37
39
39
38
36
35
35
39
46
56
65
71
73
74
79
88
100
104
109
115
116
110
101
91
135
145
162
169
161
154
151
150
151
144
131
111
100
89
89
87
80
68
52
40
34
37
40
37
34
34
30
29
29
31
34
34
32
28
29
30
33
34
35
35
37
39
44
52
62
72
81
89
93
93
86
79
67
53
40
34
33
35
37
37
35
34
33
33
33
33
37
37
37
41
45
49
51
52
52
49
46
45
48
54
63
67
72
73
82
97
109
112
111
112
114
112
107
95
132
144
170
179
173
166
160
157
154
141
127
107
95
87
88
80
63
50
42
38
37
43
46
43
38
36
35
35
36
38
40
40
36
34
34
34
35
35
35
34
36
37
39
50
66
81
94
102
104
104
98
90
76
57
40
31
31
33
38
38
37
36
36
37
38
39
42
43
44
46
49
53
57
60
62
61
58
54
53
56
61
64
67
71
81
100
115
118
113
112
114
117
114
96
126
141
169
185
185
176
168
162
154
139
126
112
102
94
92
77
59
51
51
53
57
60
60
55
50
47
44
44
44
45
45
44
41
38
40
40
41
42
42
41
40
40
41
53
70
89
105
113
114
111
111
103
89
68
47
32
29
31
37
38
37
37
37
40
42
44
44
46
48
49
51
54
59
61
64
65
65
62
61
63
66
67
69
71
81
100
116
119
114
113
114
122
120
95
123
141
167
187
190
184
179
171
159
140
120
112
103
93
90
75
64
64
67
71
74
71
68
65
62
59
57
55
54
53
52
49
47
45
42
42
43
46
48
47
44
43
46
56
74
94
112
123
123
120
122
115
102
80
58
40
32
33
39
38
37
37
39
41
44
45
46
49
53
53
52
52
56
59
62
65
67
69
69
71
72
73
73
74
81
99
114
117
112
112
111
123
121
93
127
144
166
188
190
188
187
181
166
141
125
112
107
94
86
79
74
82
89
87
83
78
74
70
68
66
65
63
61
58
54
52
51
49
46
45
43
42
44
46
47
47
51
63
81
101
120
129
131
128
126
121
112
95
69
45
35
37
40
42
41
38
38
40
45
47
48
48
49
51
52
52
54
57
61
62
68
73
74
78
80
76
76
77
85
100
112
114
112
109
114
117
116
93
136
154
171
188
189
190
192
186
174
152
138
122
116
102
95
89
88
96
105
102
94
84
76
70
67
64
66
65
63
59
56
54
53
52
50
48
46
46
48
51
53
52
59
71
88
108
124
134
135
133
126
123
116
102
76
53
40
39
44
44
43
41
41
44
47
50
48
49
51
54
55
56
58
60
65
67
71
74
76
79
82
81
79
82
90
103
111
115
114
112
115
115
113
96
149
167
179
186
186
191
197
194
183
168
154
138
131
117
110
106
106
114
118
113
102
88
76
70
63
60
59
58
57
56
56
55
55
55
58
57
55
56
58
61
62
61
64
76
94
111
126
133
134
132
128
125
119
107
84
60
47
44
47
46
46
44
45
48
51
53
52
53
56
59
61
61
63
65
67
70
72
75
77
78
79
83
84
90
98
106
112
115
116
115
116
115
113
101
156
173
183
187
187
192
196
196
192
181
167
153
147
135
126
120
121
125
122
116
103
89
79
72
66
60
61
60
60
60
61
60
60
60
61
60
59
61
64
68
69
67
74
87
104
120
131
138
138
135
129
127
122
110
91
70
57
54
54
53
51
50
51
54
56
57
57
58
60
64
65
65
66
67
67
71
72
74
76
76
78
85
91
98
106
109
111
115
116
115
117
114
113
108
161
176
186
188
190
190
193
197
196
190
181
170
166
153
141
130
127
125
120
111
98
88
81
77
71
66
68
66
66
66
66
65
63
63
65
65
65
66
69
73
75
76
83
96
113
127
137
140
139
137
134
130
125
114
98
83
71
64
65
63
60
59
58
58
58
59
60
60
61
63
63
63
64
67
66
70
71
73
76
77
80
88
96
104
108
110
110
113
115
113
113
110
111
111
169
178
185
189
190
190
191
197
200
196
192
183
181
169
152
137
131
122
116
103
90
82
78
75
72
69
67
65
65
66
66
64
64
64
71
73
74
75
78
83
86
88
92
104
120
133
140
142
140
137
135
133
127
118
107
92
80
73
72
70
67
65
64
60
59
58
58
58
58
59
60
59
61
64
65
68
72
75
78
81
86
91
97
103
106
107
108
110
111
110
110
107
109
108
182
185
185
184
187
188
190
196
199
197
194
188
185
176
161
145
138
125
115
101
87
80
76
71
67
67
65
63
63
65
67
66
66
69
73
79
86
90
92
93
97
99
106
116
129
138
144
146
142
138
135
133
126
119
110
98
87
78
76
73
71
70
66
62
60
59
58
58
58
59
61
61
63
65
67
70
76
80
83
87
91
90
94
96
100
103
105
108
109
108
108
105
106
100
195
191
186
181
183
186
189
195
197
195
192
184
184
179
166
153
145
131
120
106
93
86
79
70
65
66
65
63
61
63
64
64
66
67
79
88
99
106
108
109
109
109
114
123
133
142
146
144
140
136
136
133
126
118
110
102
91
84
77
77
75
74
71
66
64
63
64
63
64
65
66
66
67
70
73
76
83
88
89
92
93
90
90
91
94
98
104
107
107
105
108
104
104
92
207
192
179
177
178
183
191
198
197
192
185
180
172
170
169
157
143
138
127
118
108
103
97
89
80
75
72
69
68
71
71
70
73
80
89
100
112
119
118
117
117
116
123
130
138
146
148
144
140
140
141
136
127
118
111
104
96
89
84
80
80
80
77
72
70
72
72
75
77
77
75
75
78
80
82
86
90
91
93
96
94
91
90
90
92
96
103
106
108
109
107
104
99
89
208
189
171
171
176
184
192
198
196
189
179
173
164
162
160
152
143
138
134
128
126
125
122
116
105
95
86
84
84
86
86
86
89
93
111
119
126
127
123
120
120
120
126
133
142
147
146
144
144
147
146
140
129
120
112
106
101
95
90
87
86
87
83
78
76
78
82
86
87
87
85
85
87
90
91
94
96
96
97
98
97
96
93
93
94
96
101
104
106
107
106
102
98
89
206
185
167
167
171
181
190
194
191
183
175
166
158
154
153
151
147
143
139
139
141
142
143
142
132
120
108
105
103
101
102
107
112
116
129
132
133
130
123
119
121
123
125
133
143
147
148
149
149
148
151
144
134
124
116
108
102
99
94
91
89
90
88
82
81
83
90
92
94
93
91
92
94
97
99
102
102
100
98
97
99
97
97
96
96
96
99
100
102
105
104
101
98
91
198
184
169
166
167
176
186
191
188
180
174
163
155
150
150
155
157
153
145
144
144
146
148
151
146
138
132
130
122
115
117
126
135
139
137
136
133
128
123
121
124
129
129
135
143
151
161
167
165
160
160
154
143
133
123
114
108
104
96
91
88
89
88
84
84
86
90
93
94
95
95
96
98
99
101
103
103
101
99
99
99
97
98
97
96
94
96
97
99
101
100
101
100
95
184
183
171
165
164
172
184
190
188
181
174
164
156
152
154
162
166
165
156
149
145
145
147
150
150
149
148
147
140
131
131
140
145
147
139
132
125
120
119
120
124
129
134
138
145
158
173
185
185
180
171
162
151
139
126
116
108
104
99
91
86
87
89
89
90
92
93
93
95
97
100
101
101
101
102
103
104
102
101
99
98
97
97
96
93
92
92
94
97
99
100
102
101
98
169
176
169
162
160
170
182
189
187
181
175
166
158
156
160
170
174
173
166
154
146
145
146
147
149
151
154
157
156
151
148
147
145
139
134
122
112
109
111
115
120
126
132
140
154
172
190
201
198
191
177
166
152
139
126
115
107
103
98
90
82
83
87
90
92
95
94
94
96
99
102
103
102
101
103
103
103
103
102
99
97
96
96
95
92
89
90
92
95
98
100
101
101
99
167
174
169
162
160
168
179
185
185
180
175
168
160
160
168
175
176
177
169
159
150
147
145
145
146
147
157
164
167
164
157
151
141
130
122
110
99
98
104
112
121
130
134
146
165
188
206
211
202
191
178
166
151
140
129
118
110
106
98
89
81
80
83
86
90
94
94
95
97
99
103
103
103
101
103
104
104
103
100
97
96
96
97
95
92
89
89
92
95
96
100
100
101
101
178
179
173
165
163
168
175
181
182
179
176
169
161
162
172
176
175
175
170
160
154
148
145
144
146
146
152
160
165
162
154
145
131
120
109
96
85
87
98
110
124
134
139
149
167
192
210
213
199
185
172
162
148
140
132
121
111
106
100
90
81
80
80
82
87
91
94
96
98
101
102
103
103
104
103
104
105
103
100
96
96
98
97
95
92
89
90
92
94
96
99
100
101
103
190
187
176
170
165
167
172
175
175
173
172
168
165
167
170
172
171
169
165
162
158
154
149
147
145
144
147
151
152
148
142
133
120
108
95
83
75
80
97
115
130
138
142
152
169
189
203
199
183
172
164
156
145
139
133
123
113
109
103
98
91
83
78
77
79
82
88
90
93
97
100
102
103
104
103
104
103
102
101
96
94
96
97
96
94
91
89
90
92
96
96
96
99
103
198
190
183
173
166
166
170
171
170
168
170
167
167
170
170
167
162
159
160
160
159
158
154
150
145
141
140
140
137
130
124
116
104
93
85
74
67
78
101
125
139
146
152
161
173
188
196
186
168
155
153
146
139
136
133
123
114
109
107
105
99
88
79
75
76
78
81
85
91
97
100
101
101
102
102
103
103
102
99
95
93
96
97
96
93
90
89
90
92
96
96
97
100
103
204
199
186
176
167
167
168
166
164
163
164
164
167
170
168
162
157
155
157
160
161
159
155
151
144
136
135
131
123
113
107
100
91
82
75
67
67
82
108
132
147
153
157
165
175
183
187
176
158
145
136
132
129
129
127
119
113
108
111
111
104
93
81
75
75
74
77
81
89
96
99
99
99
99
100
101
101
99
97
94
93
96
96
95
91
89
89
90
94
96
96
98
99
99
194
190
182
173
166
167
167
163
160
159
162
163
167
169
166
159
154
155
157
159
160
155
150
145
138
130
124
119
110
100
93
87
80
75
70
69
76
91
112
132
146
152
159
166
173
175
173
161
144
133
126
123
120
118
116
113
110
109
108
107
103
92
84
79
76
73
76
80
87
93
95
96
96
97
98
99
99
98
95
92
92
96
96
93
90
89
88
90
93
95
95
98
97
93
176
173
174
168
165
165
166
162
158
154
161
163
165
166
162
157
153
153
156
157
154
147
141
136
128
120
114
109
101
93
85
79
75
71
71
73
80
94
110
126
137
143
148
155
160
159
152
139
125
117
114
112
109
107
103
100
99
99
97
94
91
87
83
81
77
72
74
77
82
89
92
93
94
95
96
97
98
97
95
91
90
94
95
92
90
87
88
90
93
95
97
99
96
89
163
167
169
165
162
163
164
161
156
152
154
159
162
163
159
156
153
152
153
152
147
141
134
129
120
113
106
101
95
87
80
75
72
72
73
75
80
90
104
116
121
122
125
131
136
138
133
120
107
104
100
101
101
99
94
90
87
85
83
79
76
78
81
81
77
74
70
73
78
84
89
91
92
92
94
95
96
96
93
90
90
94
93
91
89
87
88
90
93
95
99
100
95
85
160
167
172
169
165
161
161
159
154
150
149
154
159
158
155
155
153
150
149
145
140
134
130
121
113
106
100
94
86
81
75
72
71
72
78
80
84
91
99
102
99
93
98
104
111
118
117
104
94
91
93
94
96
95
92
85
78
73
66
64
65
73
80
81
80
78
75
75
76
81
85
89
90
91
93
94
95
95
94
91
90
93
92
91
90
87
87
90
93
97
100
100
93
83
168
175
178
174
168
161
159
158
154
150
149
154
158
154
150
153
150
147
144
139
132
127
123
116
107
101
98
92
84
79
75
72
74
76
81
85
91
95
96
90
81
74
70
76
88
102
108
101
91
90
86
87
89
89
86
79
69
62
55
55
60
72
81
81
83
84
82
79
77
79
83
88
90
91
91
94
95
95
94
91
89
91
92
91
90
87
87
89
93
97
98
98
91
81
170
175
178
178
173
165
159
155
151
152
152
155
155
149
147
149
146
141
138
132
126
120
113
107
101
98
99
91
85
80
79
78
79
83
87
91
96
97
97
93
83
74
70
74
82
90
96
98
94
91
86
84
83
83
80
74
65
60
55
58
65
74
81
81
83
86
85
82
79
79
81
85
90
93
93
94
95
95
93
91
91
91
92
93
92
90
88
89
92
96
101
99
87
75
163
170
169
169
167
164
158
152
151
156
155
157
153
149
147
147
144
139
134
129
122
115
109
101
99
98
95
89
83
80
79
79
83
89
91
95
98
99
99
94
85
76
71
74
77
81
87
94
94
91
84
81
76
74
73
68
64
60
58
61
69
77
82
85
87
89
87
85
82
81
82
84
88
91
92
94
94
94
93
90
90
90
91
92
91
89
88
89
92
95
99
95
84
73
142
158
155
159
163
164
158
152
150
157
156
155
151
148
147
147
143
137
131
127
121
115
107
99
97
97
93
87
80
77
77
78
83
89
94
97
101
101
100
96
89
83
78
80
77
74
79
87
88
84
78
74
70
67
66
64
63
62
63
68
76
82
86
88
90
90
90
88
87
85
84
84
86
88
91
91
93
92
90
89
89
89
90
91
91
88
86
87
90
94
95
92
82
71
104
126
135
147
160
167
162
153
152
157
157
152
148
145
145
145
141
137
130
126
121
116
109
100
96
97
89
85
78
75
74
76
82
88
94
96
99
100
100
98
94
90
87
87
82
76
74
77
77
73
70
67
65
63
63
64
65
66
70
76
81
84
87
89
90
89
89
88
87
86
83
84
86
88
89
89
90
90
89
88
87
87
88
90
89
87
86
87
91
92
94
90
81
70
58
80
102
127
152
163
162
157
154
157
157
153
145
141
140
140
137
132
126
122
117
112
107
100
95
95
86
82
77
74
75
78
84
89
91
94
96
98
100
100
98
94
92
90
85
77
73
70
67
66
64
62
62
63
64
66
69
71
75
80
84
85
86
88
89
87
87
87
86
84
82
81
83
87
87
87
88
88
87
86
85
85
86
87
87
86
85
87
91
92
94
89
79
70
26
44
74
104
135
152
157
155
154
156
159
156
147
139
134
133
129
125
123
119
112
108
104
98
95
92
85
81
77
75
76
79
84
88
91
93
95
98
100
100
99
98
96
92
86
78
71
63
61
63
63
62
62
63
65
69
72
75
77
80
83
83
85
87
87
84
85
85
85
84
82
81
82
86
85
85
86
86
85
84
83
83
83
84
84
84
85
88
91
93
91
88
78
70
21
37
65
92
125
144
151
151
153
157
160
159
151
141
134
132
129
124
121
119
112
107
103
98
93
90
84
80
77
74
76
81
84
87
90
91
94
97
99
100
98
98
99
93
87
81
73
65
63
65
68
67
67
68
70
72
74
76
78
79
80
82
84
86
84
81
80
81
84
83
82
80
81
83
83
84
84
84
83
82
82
82
81
82
82
82
85
89
91
93
90
86
78
71
31
46
70
95
123
143
149
150
152
158
160
160
155
143
136
135
133
129
119
119
116
109
104
99
92
85
81
78
75
75
79
84
88
89
89
90
92
96
99
99
98
96
96
92
88
83
78
73
71
72
71
71
72
73
74
75
75
75
79
78
79
82
84
85
82
79
76
78
80
81
80
79
80
81
82
83
83
82
82
81
81
81
81
81
82
82
84
89
90
92
89
85
76
71
40
62
81
98
117
137
154
154
155
159
158
158
154
145
140
137
135
129
123
120
116
110
107
101
92
82
78
76
74
74
80
85
87
86
88
90
92
94
97
97
96
96
96
95
93
88
82
78
76
75
75
75
75
76
79
80
81
80
80
78
76
77
80
82
82
80
76
76
79
80
78
80
81
80
80
79
80
80
80
78
80
83
83
84
84
85
87
90
91
89
88
80
75
71
56
74
84
79
95
126
155
159
155
153
157
157
153
145
139
137
135
129
125
121
114
107
104
100
92
84
79
75
73
73
76
80
82
82
84
88
92
95
100
102
102
103
103
103
102
97
91
86
83
80
82
81
81
82
84
85
85
83
82
81
80
81
82
83
81
77
72
72
75
77
77
77
79
77
80
80
79
81
80
79
82
84
87
86
86
86
88
90
90
88
84
76
71
69
67
78
76
58
75
117
155
159
154
153
157
157
153
146
140
136
134
129
124
118
108
102
99
96
90
85
79
74
68
69
73
76
78
79
84
90
94
96
101
105
106
108
108
109
109
106
100
96
92
90
88
87
86
86
87
88
88
88
87
86
84
83
82
80
78
76
76
77
78
78
77
78
78
77
79
80
80
80
78
79
82
85
88
87
87
87
88
90
90
88
83
76
70
68
78
77
61
37
65
112
151
158
154
155
157
158
156
149
142
137
133
129
124
117
105
98
93
90
87
83
78
70
65
66
72
75
78
80
88
94
99
99
103
106
107
107
108
108
107
104
101
99
98
97
94
94
92
92
93
94
94
93
96
94
93
90
88
84
79
77
75
73
74
73
72
73
75
76
78
80
81
81
79
80
83
85
86
86
86
86
88
90
89
89
83
76
71
69
80
67
45
23
55
106
152
160
157
152
157
160
159
152
146
140
133
129
127
119
107
99
92
88
85
81
76
69
63
65
71
75
77
79
88
95
99
99
101
103
101
100
99
99
98
96
95
94
94
92
92
91
89
88
89
90
89
88
91
91
93
95
93
89
80
76
69
67
67
69
68
71
76
77
78
79
82
82
82
82
84
85
85
86
87
86
88
90
89
89
81
75
71
70
70
50
32
16
50
102
152
163
161
151
156
160
161
156
148
141
133
129
129
122
113
105
97
89
83
79
76
69
63
63
69
72
72
71
78
84
89
92
94
94
91
87
88
88
87
87
87
87
86
85
82
80
78
76
76
76
75
75
74
74
78
84
86
83
79
76
73
72
73
72
71
74
78
79
78
80
82
82
82
84
84
84
85
86
86
86
86
89
87
86
79
73
70
70
56
39
27
17
50
99
153
163
165
151
154
158
160
156
148
141
133
129
128
124
118
111
103
92
85
80
78
72
65
64
67
69
67
63
67
71
74
77
80
82
79
77
78
79
78
78
79
79
78
77
75
72
70
68
67
67
67
66
65
65
66
70
72
71
70
69
69
69
71
72
72
73
77
78
79
80
82
81
82
82
84
83
83
84
84
84
84
85
85
83
78
72
69
69
39
25
29
20
47
96
154
166
166
148
152
156
159
155
147
140
133
129
127
124
121
117
108
97
88
83
81
75
68
65
68
70
66
60
63
63
62
65
71
72
73
73
73
73
72
71
72
74
73
72
71
69
67
65
65
64
64
63
64
63
63
63
61
56
52
51
52
55
60
66
69
72
77
79
79
80
81
80
81
82
83
82
81
81
81
81
83
83
83
81
78
71
68
67
25
21
28
24
47
87
151
170
164
148
148
152
156
154
149
142
133
128
123
124
124
117
108
98
93
92
89
81
72
69
71
74
74
72
72
70
65
65
70
74
74
73
72
70
70
69
65
62
61
58
57
56
55
55
57
59
61
62
61
61
62
60
56
49
45
44
45
49
55
63
67
70
74
77
79
79
80
80
81
81
81
82
81
83
83
84
84
82
80
78
74
71
66
65
23
24
28
23
42
81
148
171
168
152
150
150
153
154
152
144
133
125
124
123
121
115
107
100
98
97
92
83
74
71
76
81
84
84
88
87
86
85
85
85
82
79
79
74
69
62
54
50
48
44
44
42
42
45
47
50
52
54
56
57
59
60
59
57
56
57
57
60
65
67
69
69
73
76
77
77
78
78
79
80
81
82
81
81
82
84
83
81
77
74
70
67
65
65
24
27
29
22
36
75
147
175
173
154
151
149
150
154
154
146
133
125
122
122
121
118
113
104
98
94
92
83
74
72
79
88
93
95
97
99
101
101
98
93
91
90
90
85
76
67
56
50
47
44
43
42
42
44
48
51
54
56
60
63
65
67
70
73
75
76
74
75
75
73
70
70
72
76
74
76
76
76
77
79
81
82
80
80
82
84
84
81
75
71
69
67
66
66
25
27
29
21
31
73
150
178
176
156
155
151
150
154
152
145
136
131
121
122
124
123
117
106
95
89
89
81
73
72
80
91
98
100
102
105
109
110
106
103
102
104
102
99
94
84
75
70
67
64
63
60
59
60
63
66
69
71
73
76
78
80
83
87
90
90
87
86
81
76
72
71
74
75
75
75
75
75
76
79
81
82
79
80
82
85
85
80
74
69
68
67
66
66
27
30
28
19
27
76
156
183
179
159
160
153
149
152
154
147
138
131
122
122
124
122
116
105
96
88
87
81
74
76
84
94
100
102
103
107
109
110
108
106
106
107
109
108
107
101
95
91
89
85
83
81
80
80
81
83
84
85
85
87
86
86
88
92
94
94
93
90
85
79
74
74
75
76
76
75
75
75
76
78
81
82
79
80
84
86
84
78
71
68
66
66
66
66
28
31
26
19
28
76
159
187
184
163
163
153
148
151
156
152
139
128
120
120
122
121
116
106
96
91
88
83
79
80
87
95
100
101
102
103
106
108
107
104
104
105
108
108
107
103
100
101
101
98
96
93
90
90
91
92
93
93
91
89
87
86
86
91
93
93
93
91
86
81
77
78
77
76
76
76
75
75
76
78
79
81
81
82
85
86
83
75
70
69
70
68
67
68
27
29
27
25
31
75
158
188
189
170
161
156
151
153
156
153
142
133
122
120
119
117
112
105
98
95
91
87
83
83
88
95
99
101
102
102
105
108
109
106
105
106
104
104
104
99
97
99
99
96
95
92
90
90
91
93
93
93
90
88
85
85
87
89
90
92
89
89
86
81
79
79
78
76
77
76
75
76
77
79
80
80
81
82
86
87
83
75
72
74
73
71
70
69
28
29
29
30
34
74
154
188
193
174
160
157
154
154
155
154
146
140
128
122
115
109
106
103
100
100
95
90
85
85
89
96
100
102
103
102
103
105
106
104
104
105
104
104
102
98
94
93
91
87
88
86
84
84
86
87
87
86
85
83
83
84
86
87
87
88
86
87
86
82
80
80
79
77
77
76
76
77
78
80
81
81
79
83
87
88
83
77
75
78
69
67
68
67
29
34
38
32
36
73
149
189
191
172
160
161
159
153
150
152
150
141
132
122
111
108
107
106
103
102
98
93
88
87
90
97
101
103
102
102
103
103
102
102
101
101
100
98
96
92
86
80
77
79
78
76
75
76
78
79
79
78
78
78
79
81
83
85
85
85
84
86
86
83
81
80
79
78
77
75
76
76
77
79
81
85
82
83
87
89
85
81
78
75
66
63
69
71
34
37
41
28
39
81
156
189
187
171
159
162
160
152
147
149
149
144
137
126
113
108
108
107
105
103
99
95
90
88
91
97
101
103
102
102
102
102
100
98
97
95
95
93
89
84
78
72
68
67
68
67
66
67
69
71
72
72
72
75
77
80
82
83
83
83
83
84
84
83
82
81
80
79
76
76
76
76
77
78
80
83
82
82
85
87
85
82
76
68
66
66
67
70
34
38
38
22
49
103
173
192
184
168
163
163
159
151
145
146
148
147
140
127
113
106
108
108
106
102
101
97
92
90
92
98
102
104
102
103
103
102
100
97
94
93
92
90
84
78
71
64
60
59
58
57
57
58
61
63
64
66
68
70
74
78
81
82
82
82
82
83
84
84
82
81
80
79
77
76
76
76
76
76
79
81
85
83
84
85
85
84
75
63
65
73
70
72
31
37
37
31
76
136
199
207
191
172
169
163
157
150
145
147
148
145
139
127
114
107
108
108
105
102
102
99
94
92
94
99
103
104
104
105
106
105
102
98
94
92
90
88
83
77
70
64
61
59
57
57
56
57
58
61
63
64
66
70
75
79
82
82
82
82
82
84
85
84
83
81
79
78
77
77
76
76
75
76
78
81
84
82
82
84
89
93
83
69
67
74
72
70
31
35
42
55
112
171
220
221
201
176
171
161
152
147
144
144
145
144
141
132
119
110
107
106
105
104
103
101
98
96
97
100
103
104
105
106
107
107
104
99
95
93
91
90
85
79
74
70
66
65
64
63
63
62
64
66
68
68
70
73
78
81
83
84
84
84
84
85
85
84
82
81
79
78
77
76
76
75
76
78
81
84
82
78
76
84
100
110
101
83
71
67
67
65
32
34
51
89
156
208
240
236
215
184
170
159
152
148
143
140
142
143
140
135
125
115
107
104
106
107
106
104
102
99
99
101
103
104
103
105
106
106
103
99
95
92
94
93
90
87
82
81
78
77
76
74
73
73
74
75
75
75
76
78
80
83
84
85
87
87
86
86
86
84
82
81
80
79
76
76
76
76
77
79
84
88
84
78
77
87
111
126
119
100
72
62
64
64
35
43
67
126
189
230
243
237
218
189
173
159
149
146
141
138
137
137
136
135
130
120
111
106
106
109
109
108
106
103
102
102
103
103
103
105
107
107
104
101
97
95
98
99
97
95
93
92
92
90
87
84
83
83
84
84
84
84
84
84
84
85
86
89
90
90
89
89
87
84
81
80
79
78
77
77
77
77
77
79
84
88
85
80
78
88
109
130
131
119
86
70
65
68
36
55
101
167
219
246
246
239
229
203
176
159
144
142
140
137
132
129
131
134
134
126
116
109
108
109
112
112
109
106
103
103
103
103
103
105
108
108
106
104
101
99
102
103
102
101
100
101
100
98
94
92
91
91
92
91
90
88
88
87
86
86
87
91
92
93
92
91
88
84
80
79
78
78
78
78
78
78
77
78
83
86
79
78
78
85
102
124
137
136
106
81
66
70
38
79
137
207
236
250
245
244
235
213
183
158
146
142
141
139
126
122
122
125
128
126
120
115
112
112
113
113
111
108
103
101
101
101
102
106
109
108
107
106
106
105
109
109
108
106
107
106
104
100
97
96
95
95
95
95
95
94
94
93
91
90
90
91
92
93
93
92
89
84
80
79
77
75
76
76
77
78
77
77
78
79
74
81
78
78
87
111
132
147
124
101
73
66
53
104
176
229
245
250
246
245
239
222
191
162
148
143
139
135
123
118
119
120
121
121
118
114
113
112
113
113
111
107
102
100
99
100
102
105
107
108
107
107
109
109
112
111
109
107
108
107
104
101
98
97
96
97
97
98
98
97
97
96
94
93
93
93
93
93
94
92
88
84
80
79
78
77
76
76
76
76
76
76
78
79
75
80
80
81
79
91
116
145
144
126
95
74
77
143
212
245
251
251
249
247
243
228
199
166
149
144
136
130
121
117
116
114
111
112
113
112
112
112
114
114
112
108
103
100
99
100
102
104
106
106
107
108
110
113
113
112
110
108
108
107
104
101
99
98
97
97
99
100
100
98
100
98
96
96
96
95
94
94
92
91
88
83
80
80
78
78
77
76
75
75
75
76
78
80
75
79
79
79
74
82
107
139
158
147
118
87
114
184
236
251
252
249
252
247
246
235
210
173
151
143
133
125
120
118
115
108
102
102
105
109
110
110
113
113
112
108
104
100
100
101
103
103
104
104
106
108
112
113
113
111
108
108
106
105
103
100
98
97
95
95
97
98
96
95
96
96
97
96
95
94
92
91
89
89
86
80
79
79
79
78
77
76
76
76
76
77
79
81
73
80
82
79
73
82
104
129
148
149
130
101
150
212
252
255
251
247
252
248
247
241
221
185
157
143
129
121
119
118
114
105
98
97
99
103
106
108
109
110
109
107
104
101
101
102
102
101
101
102
104
106
108
109
110
108
105
104
103
102
100
98
96
94
93
93
94
93
94
93
93
93
93
94
93
91
89
87
86
85
83
79
78
77
77
77
76
76
77
77
78
78
78
80
72
84
88
82
69
75
96
123
141
151
144
121
191
233
254
253
252
247
252
248
249
246
228
194
162
141
127
119
118
118
110
103
98
96
96
97
101
104
105
106
107
106
104
103
103
104
102
101
100
101
102
103
103
105
105
103
100
99
98
96
96
95
91
90
90
90
91
91
90
89
88
88
89
89
89
88
86
85
82
82
79
78
77
77
76
76
76
76
76
77
77
77
77
78
75
84
88
81
65
66
90
120
141
155
158
141
222
245
251
250
252
251
253
251
249
247
234
206
169
143
127
118
116
116
106
102
100
99
97
93
96
99
100
102
104
105
104
104
104
105
102
101
100
101
101
100
101
102
102
98
95
94
93
92
90
90
86
86
86
87
86
85
84
83
83
83
83
83
83
83
82
82
81
80
79
79
79
77
77
77
76
76
76
76
76
76
77
78
76
83
84
78
62
65
86
116
138
152
161
154
245
252
254
252
254
253
253
253
249
249
242
218
178
146
129
118
112
111
103
103
104
102
97
90
90
95
97
99
101
103
103
103
103
103
103
101
100
100
99
99
99
101
98
94
90
90
89
88
86
86
83
83
84
84
82
81
80
79
80
79
78
77
79
78
79
79
80
80
80
81
79
78
77
79
77
76
75
75
75
75
77
79
75
85
85
75
58
61
84
111
138
151
163
167
243
251
253
253
254
255
253
252
250
248
244
228
194
156
125
109
109
107
102
100
104
105
94
90
92
91
92
95
98
101
101
101
101
100
100
101
101
98
97
96
96
95
92
91
90
87
85
81
80
79
77
78
78
79
78
77
76
75
76
76
75
75
75
76
77
78
77
78
80
81
81
79
78
77
77
75
73
73
73
74
76
81
77
84
82
73
56
59
82
112
135
150
163
174
249
252
252
253
254
254
253
252
249
247
247
236
208
168
125
100
101
105
101
99
103
106
97
90
91
91
92
94
96
98
99
98
97
96
96
99
99
97
93
92
93
92
89
88
87
84
81
79
77
76
76
77
77
77
77
77
76
75
75
75
76
77
76
76
75
76
76
77
77
78
78
78
77
76
76
75
74
75
75
75
78
81
77
82
80
71
56
58
81
110
131
141
153
172
252
251
251
252
253
254
253
252
249
247
247
240
217
175
127
97
96
104
98
97
100
103
96
91
90
91
92
92
93
96
96
96
93
92
92
93
94
92
91
90
88
87
86
87
86
83
80
77
75
74
75
75
75
76
77
77
76
75
75
76
77
79
77
78
77
77
75
75
76
76
76
76
75
75
76
76
75
76
77
77
78
81
77
82
79
70
56
58
79
108
123
132
144
163
252
251
251
252
252
253
253
252
250
248
251
246
221
186
141
103
90
90
92
95
97
97
95
93
92
92
91
91
91
93
94
93
91
90
88
88
89
89
89
87
84
82
82
84
82
82
79
77
75
75
75
75
75
75
77
77
76
75
76
77
80
80
80
80
78
78
75
75
75
76
76
76
76
76
76
75
76
77
77
79
79
79
77
82
79
70
55
58
79
105
122
132
144
159
250
248
250
251
252
253
253
252
251
249
248
246
229
202
162
117
90
81
87
94
96
94
95
95
92
91
89
89
90
91
92
92
90
88
86
85
85
87
87
85
79
76
78
78
78
79
77
76
75
75
76
75
75
75
76
76
77
76
75
76
77
77
77
76
76
75
75
76
77
76
77
76
76
76
76
75
76
77
77
78
78
78
76
84
79
69
54
58
79
104
118
131
143
156
248
248
251
252
253
253
253
252
251
249
245
245
234
211
174
127
95
81
78
90
93
92
96
96
90
88
89
88
89
90
92
91
90
89
87
85
83
84
84
81
76
74
76
76
75
76
75
75
75
75
76
75
75
75
75
77
76
76
75
76
76
76
75
74
74
73
75
76
77
78
79
78
76
76
75
75
75
75
76
77
77
77
76
84
80
66
53
61
80
103
109
125
139
150
253
253
252
252
253
253
253
252
251
251
250
249
236
219
188
142
100
80
72
84
87
89
95
93
87
88
88
88
90
91
93
93
93
92
90
88
86
83
79
76
74
75
77
75
73
74
74
75
75
75
75
74
74
74
74
76
76
76
76
77
78
78
77
76
75
75
77
78
79
81
80
80
79
77
75
76
76
76
77
78
77
76
75
84
79
64
53
64
84
101
107
122
136
147
252
252
251
252
253
253
252
252
251
251
251
247
235
226
208
163
113
80
67
78
79
85
92
89
84
90
87
88
90
92
94
95
95
94
94
91
88
84
78
74
73
76
78
75
72
72
73
73
74
74
74
74
74
73
74
75
75
76
76
77
80
81
81
80
78
77
80
80
81
82
82
81
80
80
79
78
78
78
79
79
78
75
73
81
75
61
52
66
85
100
105
118
129
144
251
249
253
253
253
253
253
252
252
251
253
248
238
232
225
182
127
85
71
76
83
84
88
91
86
87
88
89
92
93
96
98
100
100
99
96
92
86
80
77
78
79
78
76
75
73
74
75
74
73
74
73
75
75
75
75
76
78
78
81
82
82
82
82
83
82
83
82
82
82
82
81
81
81
81
81
80
79
78
81
80
78
76
80
73
59
57
70
88
102
107
118
130
144
252
251
253
253
253
253
252
252
252
251
252
248
242
239
233
198
146
101
77
76
83
86
89
90
86
86
88
91
93
95
97
98
100
101
101
99
95
91
87
84
81
81
81
80
79
77
75
75
75
75
75
74
76
76
76
75
76
78
81
83
83
83
84
85
85
84
85
84
83
83
83
82
82
82
82
82
81
80
79
80
81
80
77
80
72
60
60
75
94
105
109
119
130
144
253
253
253
253
253
252
252
252
252
252
251
246
242
239
234
209
164
116
83
75
78
84
88
87
85
88
89
91
93
95
96
98
100
101
101
100
99
98
94
90
87
84
85
85
85
81
78
77
77
77
77
77
78
78
78
77
78
79
82
83
83
84
85
86
87
87
85
84
83
83
82
81
82
82
83
82
81
80
79
79
79
81
78
78
70
59
65
83
101
109
113
122
132
145
