33
46
67
79
80
73
61
46
34
58
104
148
168
178
189
198
207
221
233
239
238
236
235
231
221
209
200
200
197
190
190
187
190
186
180
177
178
183
185
186
188
190
191
190
190
191
192
191
191
192
194
196
200
203
206
211
222
232
243
249
252
253
254
253
254
254
253
254
253
253
253
251
249
241
233
230
227
225
221
208
199
189
162
161
170
132
114
122
145
141
106
90
82
66
37
53
73
91
85
74
51
33
40
87
136
163
173
180
188
199
208
212
219
224
220
219
220
216
205
191
188
191
191
187
186
183
186
182
181
178
182
188
189
188
189
190
192
190
189
190
191
191
190
191
195
196
198
200
200
205
218
231
242
246
248
250
252
253
253
254
252
254
253
252
252
252
253
248
245
243
240
234
228
217
209
192
168
167
170
133
103
97
128
146
118
90
82
64
44
61
75
85
77
50
37
27
60
119
156
167
179
185
189
193
198
201
204
207
208
206
198
201
194
187
185
186
184
180
181
182
180
177
176
179
183
187
188
190
191
193
190
183
181
187
192
192
191
193
195
198
201
200
196
198
209
223
236
240
245
249
250
250
252
253
252
254
254
253
252
253
252
252
252
251
246
240
237
223
209
195
174
175
173
147
109
88
105
117
111
88
67
64
54
75
78
70
55
35
31
44
88
139
161
172
182
185
187
189
190
190
190
191
193
191
186
192
187
182
180
182
179
175
176
177
176
174
175
177
180
183
185
187
190
193
188
182
180
184
187
188
189
190
194
196
198
197
196
198
207
217
222
226
235
243
249
251
253
254
253
253
253
253
253
253
253
252
251
252
249
243
237
230
208
190
176
167
175
164
127
97
96
112
124
96
72
68
57
76
76
56
41
26
28
60
114
155
168
178
187
188
187
186
184
182
183
182
182
180
178
185
182
178
177
178
176
172
172
173
172
172
175
177
179
181
182
184
187
191
186
184
181
182
184
186
189
190
191
192
193
194
193
197
203
209
213
218
225
235
241
244
247
251
252
252
252
252
253
254
254
252
252
253
249
246
234
237
209
188
171
163
173
164
131
106
95
106
123
110
84
66
57
72
67
46
33
24
38
83
137
166
175
184
189
189
187
187
184
180
179
176
175
173
175
181
178
176
175
177
174
171
172
171
171
172
175
177
180
181
181
182
185
187
185
186
184
183
184
186
189
190
189
189
190
192
193
195
200
204
204
208
214
222
228
231
240
247
250
251
251
251
253
253
253
252
252
251
250
245
233
236
211
191
168
164
173
158
128
105
98
99
105
109
89
56
63
76
66
45
28
25
59
114
157
175
179
184
187
184
184
185
184
181
175
172
171
170
176
180
177
176
174
174
172
170
172
172
173
175
177
179
182
183
183
183
183
184
182
185
184
183
183
185
187
186
186
187
189
189
189
190
194
198
196
200
207
213
216
219
227
236
246
248
250
250
250
252
252
252
253
248
252
245
235
230
210
194
175
169
174
163
135
101
95
93
91
92
77
47
69
73
59
43
31
39
89
140
169
178
180
183
183
181
179
181
180
179
175
171
170
169
176
178
176
175
174
172
170
170
174
176
177
179
179
181
184
185
185
184
182
182
181
183
185
184
185
187
185
182
183
185
187
185
184
183
185
186
188
194
203
209
210
210
216
222
232
236
240
243
245
248
251
253
253
249
251
245
236
222
208
197
182
175
174
165
138
106
96
86
85
79
68
47
77
68
47
39
43
67
117
158
175
179
179
179
178
176
176
176
175
174
173
169
168
165
175
176
174
175
176
174
170
171
177
179
179
181
179
181
183
185
185
184
182
181
182
184
187
187
190
191
187
184
184
185
186
186
183
181
178
177
177
184
193
200
202
206
211
216
215
219
226
229
234
239
245
248
249
247
248
239
230
212
204
199
187
178
169
159
135
120
98
77
78
76
65
48
87
75
52
44
56
88
135
165
174
173
176
175
174
175
174
173
171
169
166
162
161
160
171
175
174
176
179
174
170
171
177
179
179
180
180
180
182
184
185
184
183
182
184
185
188
190
194
195
192
187
190
189
189
189
189
185
179
174
172
178
185
189
191
195
202
207
208
211
216
219
223
228
235
238
241
242
240
231
222
204
200
200
191
177
164
158
136
131
93
70
71
74
62
46
97
89
62
54
70
106
150
166
167
169
169
163
166
172
173
172
169
163
158
154
153
161
169
170
171
174
176
176
175
176
179
182
181
179
178
177
180
186
188
186
184
185
183
187
187
188
192
192
189
187
189
186
183
183
184
185
182
178
178
185
190
192
194
192
190
193
201
205
208
211
215
217
219
222
224
223
221
220
210
200
197
195
186
174
162
141
128
138
109
65
61
56
62
48
90
78
61
60
83
117
152
162
161
162
162
155
156
163
166
167
163
157
151
149
152
163
171
171
168
170
175
178
180
180
180
181
181
181
180
179
181
185
185
183
183
185
189
192
191
190
191
191
191
192
188
185
182
182
185
187
185
182
183
188
191
190
190
188
188
192
200
202
202
203
208
212
212
212
212
209
209
212
207
199
195
190
181
169
150
123
120
141
126
61
47
45
56
50
76
61
50
58
91
127
155
160
158
157
154
148
148
154
159
162
160
155
149
149
154
166
174
171
167
168
174
179
183
183
180
178
178
179
180
179
180
181
180
178
181
185
192
196
195
194
193
194
197
201
197
194
191
190
192
193
191
188
189
192
192
190
188
186
188
193
202
206
205
203
207
210
210
210
208
204
202
206
207
199
193
186
176
161
138
113
109
125
133
75
49
40
47
48
61
44
41
55
94
133
157
158
155
149
144
143
145
150
155
158
159
158
157
157
161
170
175
172
169
172
177
180
184
183
181
177
178
179
178
178
178
178
177
174
178
183
191
196
198
199
201
201
202
204
205
202
199
197
196
195
194
192
192
193
193
193
192
190
190
191
195
203
207
206
204
203
206
209
209
205
200
202
203
199
193
183
175
157
136
117
104
101
122
93
60
47
44
45
50
36
40
57
98
137
156
154
147
133
129
135
142
146
149
153
157
161
167
167
169
174
176
173
173
178
182
182
183
184
184
183
183
183
181
180
181
180
177
174
175
180
188
193
199
206
211
210
206
204
205
205
204
201
200
199
199
199
194
192
193
196
197
194
189
186
184
191
199
203
200
195
198
205
204
202
196
193
193
193
190
178
173
157
139
125
110
94
100
88
67
50
42
44
46
34
35
55
99
138
152
147
139
120
119
130
139
142
145
149
155
162
170
173
174
176
176
174
176
181
185
183
183
184
186
185
185
184
185
184
184
184
181
175
174
177
182
188
196
208
218
218
211
208
205
206
207
206
205
205
205
205
197
194
195
199
201
198
192
185
181
185
191
197
198
194
195
202
202
199
191
186
184
184
183
174
166
151
133
129
116
90
77
70
74
50
31
37
47
33
29
53
100
136
145
140
138
121
122
133
140
142
146
152
157
163
169
175
177
176
174
174
177
183
188
187
187
188
186
183
181
181
184
183
184
185
183
177
174
174
178
182
191
203
214
215
211
209
203
204
205
205
205
206
206
205
204
198
199
204
204
201
196
191
187
186
186
189
194
192
192
196
198
195
188
183
179
176
175
169
158
143
123
124
115
83
66
58
67
53
27
24
48
30
30
57
105
137
140
135
139
126
130
139
143
144
150
156
159
164
169
176
178
176
173
174
179
184
192
193
194
193
188
180
178
178
180
179
180
184
183
178
174
173
178
181
187
196
205
206
204
204
202
202
202
203
205
207
207
206
207
202
202
206
204
202
201
198
196
193
189
188
190
190
191
193
194
189
182
180
175
171
169
164
154
140
116
115
109
82
70
53
46
58
39
19
35
27
37
63
106
132
134
140
136
131
134
136
139
144
153
161
165
166
171
171
171
174
173
172
176
186
196
196
193
190
187
178
174
178
177
176
176
179
181
180
178
176
182
184
190
197
201
201
201
203
198
196
196
200
203
204
204
205
205
210
209
204
203
200
199
201
200
197
190
188
193
189
182
184
182
179
177
176
176
174
168
160
150
133
120
114
101
86
70
57
50
59
52
26
25
30
44
66
106
133
137
144
138
132
136
138
143
151
157
161
166
169
171
170
170
175
179
178
179
183
192
191
187
184
181
174
173
178
176
176
176
178
181
182
182
182
182
185
190
197
201
200
200
201
196
193
191
193
197
201
204
206
204
209
210
209
208
205
203
203
203
201
198
195
194
188
182
181
175
172
171
174
176
175
169
159
150
140
129
115
95
77
69
67
54
53
50
28
33
36
46
64
99
128
137
145
142
137
143
144
147
151
156
159
162
167
171
170
169
173
178
179
181
183
190
188
184
182
180
175
174
178
180
179
178
178
180
182
184
184
182
184
189
194
196
194
192
192
190
190
192
194
196
197
199
202
200
205
208
209
209
207
205
205
205
206
207
206
198
187
180
178
169
165
165
169
174
174
166
155
146
136
118
100
85
71
62
60
56
53
58
43
50
36
43
59
90
121
135
144
144
143
149
148
148
152
156
160
162
164
168
171
173
174
174
174
178
182
188
186
185
185
184
179
178
179
180
179
177
177
179
181
181
180
179
181
186
191
192
192
192
192
192
193
194
193
189
189
195
202
199
204
207
210
211
213
212
211
206
202
205
206
197
182
173
169
167
163
162
165
169
169
161
149
144
133
111
90
78
67
56
50
54
55
62
53
53
33
39
57
87
119
134
144
147
145
150
152
153
153
155
160
161
161
166
168
167
163
161
163
171
181
185
181
181
183
182
180
179
180
177
174
173
173
176
180
181
179
176
178
182
185
186
187
189
191
190
191
191
189
185
183
188
193
197
202
210
214
216
217
216
214
206
204
202
200
192
181
169
159
162
158
158
159
160
160
155
147
139
140
125
97
72
59
52
53
53
54
55
45
50
34
34
54
83
116
134
146
149
149
148
153
155
150
149
154
158
161
159
161
161
161
162
163
169
178
183
177
176
178
178
177
178
177
178
176
174
174
177
181
181
179
178
179
181
181
181
184
189
193
188
188
189
191
191
190
189
189
194
202
214
221
222
221
218
214
209
210
203
192
187
183
170
154
155
153
152
153
153
153
150
146
135
140
128
101
74
59
57
59
55
55
54
40
53
35
32
51
75
108
130
146
152
153
149
153
154
152
150
153
157
159
154
156
160
164
165
161
161
166
172
167
169
176
177
177
177
174
178
179
179
179
180
180
177
173
172
172
170
168
169
174
182
188
184
184
185
188
191
192
194
195
196
203
216
222
222
222
223
220
215
217
205
190
186
184
173
158
156
152
151
151
152
152
150
144
135
129
115
97
81
71
66
62
57
59
64
52
55
33
36
51
69
100
125
144
153
155
160
161
162
163
160
155
150
146
163
156
148
143
141
140
148
159
154
153
161
174
179
179
177
173
172
176
180
181
180
178
172
166
155
153
147
140
138
141
149
155
163
167
174
180
182
182
184
186
195
200
210
214
213
217
223
223
224
224
210
198
195
189
178
171
162
157
155
155
155
156
151
144
131
115
101
90
80
71
67
62
57
57
69
64
51
35
36
48
61
97
128
137
152
159
167
169
175
179
177
169
158
146
137
127
123
118
105
94
105
123
130
136
156
174
173
173
174
173
170
171
175
179
179
176
169
160
148
132
116
106
101
99
103
110
115
129
141
147
155
158
158
160
170
179
187
192
194
203
220
223
225
223
220
212
205
202
194
183
175
167
156
155
157
158
156
150
136
118
103
89
72
64
64
62
52
54
72
73
57
35
34
38
53
93
126
140
158
172
179
183
186
182
172
158
142
126
90
86
85
85
79
78
89
103
122
126
146
163
166
169
171
168
164
166
171
175
175
171
164
156
141
117
96
87
79
71
63
61
61
74
81
83
93
108
118
124
123
136
150
161
165
179
205
219
219
221
223
220
216
213
206
198
187
177
164
160
161
160
161
157
149
128
112
98
73
53
51
56
52
57
74
77
67
44
34
32
48
84
116
139
163
179
178
174
166
151
132
115
98
84
74
69
66
69
76
87
100
110
120
124
140
157
164
169
170
167
158
161
166
170
170
167
159
149
135
111
92
89
86
74
60
53
43
46
45
44
53
66
74
79
85
100
118
131
132
144
172
194
203
210
217
221
219
214
208
205
199
188
173
169
168
166
166
164
155
135
121
112
89
61
44
37
52
56
72
82
62
44
30
29
50
79
112
147
162
164
154
138
118
100
83
71
63
58
53
60
65
72
79
90
101
113
116
121
135
151
158
166
167
161
155
158
163
166
166
163
155
145
129
109
97
97
92
80
66
58
50
44
38
37
38
39
43
49
51
67
87
101
107
115
138
157
173
185
198
205
207
206
204
204
202
194
184
181
179
173
171
168
165
150
134
122
108
92
71
53
41
42
53
67
54
38
29
29
55
87
123
154
149
128
116
99
76
56
44
44
49
51
51
61
69
82
89
99
104
114
111
120
137
149
157
162
162
155
151
155
160
162
161
160
153
143
136
118
107
103
94
82
73
65
58
49
40
35
30
28
34
41
52
63
76
83
89
96
104
110
128
146
163
174
181
186
192
196
200
197
192
190
186
178
172
169
167
164
152
135
120
112
98
83
61
52
51
55
55
42
31
31
57
90
117
131
114
89
87
80
64
44
33
34
40
41
51
61
68
81
88
98
99
108
110
125
141
151
156
161
158
152
154
158
163
164
161
159
152
144
140
123
111
105
98
94
88
78
73
63
54
49
48
54
60
62
69
73
78
79
86
91
87
86
97
114
130
141
150
158
169
180
192
193
192
191
185
175
172
169
164
169
164
147
128
112
97
85
75
60
52
53
57
46
32
31
54
85
100
97
85
75
72
67
61
54
46
41
40
39
49
69
81
90
88
91
92
103
108
122
137
142
148
154
155
151
155
161
165
164
159
156
149
140
134
122
113
109
106
109
105
91
82
77
74
74
79
89
98
99
99
99
100
97
101
100
86
78
84
96
108
118
127
133
146
163
181
188
190
189
183
176
174
172
175
177
172
157
138
116
94
80
73
58
46
51
57
47
35
36
56
87
99
93
88
86
77
69
72
81
81
73
69
70
81
93
94
100
103
111
107
110
103
118
129
132
138
150
155
154
156
161
165
162
154
149
141
132
121
113
111
110
111
118
114
98
87
86
91
94
91
98
114
124
132
133
135
132
132
124
104
94
73
81
91
102
112
115
130
153
175
185
191
190
184
179
180
179
181
182
177
166
151
128
98
79
66
57
42
50
56
46
34
43
68
88
90
84
86
88
90
89
93
102
109
111
109
110
110
110
117
116
117
124
120
117
109
111
114
120
135
145
148
156
165
167
169
164
151
135
127
123
114
111
103
102
103
102
100
94
91
101
103
105
110
113
116
137
159
156
151
157
158
155
138
121
99
86
85
96
90
96
116
136
158
174
185
190
189
183
184
185
179
173
169
170
160
139
113
87
75
50
32
50
61
44
32
41
71
93
88
78
75
81
95
102
107
108
114
126
131
128
116
117
115
122
134
137
135
127
115
112
112
115
123
134
144
158
168
170
168
159
142
125
113
106
107
100
90
88
89
88
94
98
97
94
91
100
113
121
126
153
192
188
153
157
194
204
179
159
137
105
80
82
90
94
114
128
145
161
171
177
182
186
188
185
181
175
170
169
162
147
126
103
86
53
32
41
67
41
26
40
77
95
76
63
60
75
90
100
113
122
126
127
126
124
119
127
133
147
155
148
154
137
119
104
97
103
115
128
141
155
166
171
174
165
147
129
114
104
101
94
83
82
90
98
101
96
92
87
89
98
111
120
126
155
176
169
135
151
191
201
178
149
135
120
103
92
96
103
111
115
133
151
166
177
187
191
189
184
174
170
168
179
173
151
131
107
87
54
32
28
69
39
26
38
79
90
72
62
65
82
107
115
122
126
127
121
124
134
123
130
149
184
211
211
208
166
122
101
93
100
107
115
129
148
155
165
173
166
147
126
110
102
94
89
83
88
98
102
95
82
79
84
96
108
122
136
136
149
158
148
132
142
152
153
149
142
132
130
127
110
100
111
110
112
114
133
152
169
182
187
191
191
186
181
172
177
173
157
139
115
82
54
30
18
55
27
23
30
68
77
78
76
82
92
105
119
118
112
118
122
127
136
139
140
150
178
209
204
194
163
130
98
81
85
94
97
100
106
120
125
129
124
112
97
86
82
81
82
86
96
95
84
79
78
82
95
110
114
116
126
126
134
137
142
141
147
142
122
104
113
118
121
147
158
138
108
92
81
81
98
116
135
150
159
166
169
173
174
169
170
167
160
145
117
91
59
27
12
45
29
24
28
58
65
81
86
91
92
103
108
102
99
113
128
132
132
136
136
128
144
176
170
163
162
151
119
84
62
54
56
64
77
80
101
120
116
93
69
59
59
65
73
82
89
84
76
78
84
91
92
91
86
76
81
87
97
93
101
112
131
145
130
97
95
90
100
134
153
123
66
61
48
46
46
38
37
51
75
96
103
102
109
125
140
141
137
138
137
98
64
28
12
59
57
45
45
57
63
85
92
96
92
89
87
94
105
107
106
97
85
80
95
97
111
132
128
138
156
156
130
87
49
44
65
85
101
123
129
131
122
108
91
71
55
57
67
74
79
82
84
85
82
82
70
59
61
56
57
63
68
63
56
60
84
108
119
112
110
89
84
90
105
110
105
102
79
66
72
69
69
76
82
80
73
58
63
87
104
93
73
68
77
80
51
28
16
63
72
70
61
56
62
88
99
99
93
81
79
95
98
74
58
51
37
55
64
62
80
99
109
125
126
135
135
112
75
70
90
109
122
131
140
142
134
124
111
91
70
64
68
73
83
91
90
84
74
71
71
70
78
64
52
57
62
60
59
63
81
85
84
85
89
88
88
85
84
90
129
124
113
106
112
117
128
142
152
156
155
142
134
138
130
107
86
71
73
55
29
22
19
48
57
64
65
51
60
87
98
100
86
79
79
70
69
52
40
50
43
76
56
59
68
89
105
117
106
106
119
124
84
60
80
118
137
142
151
157
151
139
117
81
55
47
61
73
85
97
93
82
78
82
89
98
97
76
62
62
58
60
60
73
85
87
77
75
70
65
83
91
72
80
106
119
120
122
124
131
136
147
168
183
186
178
173
169
158
147
147
135
108
63
33
15
10
52
54
56
61
53
52
80
83
90
79
69
64
46
47
59
60
55
41
66
51
58
70
101
120
118
111
102
115
118
76
38
67
118
149
154
156
158
157
153
133
87
46
48
63
73
78
88
92
90
87
96
95
99
101
90
77
76
75
77
71
78
86
88
86
85
76
76
83
99
74
88
116
125
127
132
136
142
146
154
166
175
177
171
166
163
156
143
132
116
94
71
51
38
21
54
48
53
62
51
45
75
79
84
78
66
52
34
44
72
82
68
49
61
62
74
80
98
109
102
107
116
125
119
77
32
70
124
157
156
155
154
153
152
141
103
62
49
61
70
75
86
102
106
101
103
97
95
104
103
92
89
90
90
86
89
95
93
99
103
101
105
112
106
63
83
103
116
127
135
141
144
148
152
156
161
164
159
154
150
144
135
126
116
104
95
82
72
42
54
44
51
62
46
48
81
96
89
81
64
46
45
62
81
88
80
68
67
81
97
102
105
110
105
115
128
130
111
71
40
87
130
152
148
154
158
159
154
143
114
75
52
56
61
69
86
110
119
112
105
101
97
106
112
108
103
102
107
107
106
107
104
108
110
119
132
149
116
75
105
108
118
130
141
144
145
146
150
152
154
160
159
157
150
140
137
137
135
133
120
107
103
76
57
49
56
64
50
61
97
116
103
88
75
65
73
85
93
91
87
89
90
102
112
125
126
130
129
126
126
122
96
57
52
103
138
149
149
154
160
165
163
153
126
86
74
72
72
74
83
102
114
113
112
114
109
110
118
119
118
116
114
118
115
117
122
123
120
137
152
159
117
106
143
137
136
139
145
146
144
144
148
149
152
158
156
157
154
151
154
157
160
164
145
122
108
80
58
56
66
71
64
69
104
118
112
96
93
98
99
101
109
108
105
113
124
128
129
136
131
136
139
131
128
118
93
61
71
116
144
152
154
156
157
164
168
160
137
104
92
92
94
93
90
97
109
114
121
125
119
116
120
124
126
127
123
129
130
129
136
133
127
147
152
138
119
132
160
157
149
149
152
150
149
151
155
157
159
163
164
162
159
160
159
157
158
164
158
134
111
85
61
62
72
76
75
77
98
112
114
103
104
116
114
114
123
127
128
136
142
144
142
140
136
141
147
142
133
113
94
83
95
126
144
150
155
160
160
169
170
157
135
107
92
95
101
104
104
108
118
125
127
130
128
128
128
128
130
132
126
131
139
140
147
146
145
159
136
123
138
160
171
168
158
159
155
152
153
155
157
161
164
166
167
163
161
163
162
159
160
165
161
139
110
77
65
65
71
80
84
93
100
117
119
113
120
126
127
128
129
133
141
143
143
142
143
141
146
155
153
149
134
105
94
103
117
139
146
147
156
162
161
169
170
154
134
112
100
100
104
110
116
124
130
133
132
135
138
144
143
136
136
136
139
136
144
144
152
155
152
155
133
133
159
176
178
172
163
162
164
161
161
163
162
166
170
171
173
172
172
171
168
167
167
165
159
145
119
86
57
77
96
89
79
96
113
123
129
124
122
129
132
134
136
138
139
142
142
136
143
152
156
162
158
141
122
103
103
119
127
136
148
151
161
167
166
171
171
158
142
123
105
99
100
115
125
127
134
137
138
138
141
149
151
144
143
143
142
139
141
146
148
149
146
138
141
156
169
177
175
175
169
167
169
173
175
173
171
173
174
174
177
175
177
176
174
171
166
166
158
152
133
104
81
118
148
121
93
102
117
130
136
133
124
122
126
133
135
135
139
146
146
145
148
153
157
159
147
128
111
109
113
119
126
137
150
160
172
178
177
180
178
168
152
129
108
102
99
106
113
121
133
136
139
139
141
150
153
149
148
147
146
141
139
141
141
138
135
131
159
165
170
169
173
179
180
176
180
184
185
181
178
178
177
176
174
175
178
177
174
169
159
154
157
157
146
126
111
152
172
138
103
110
123
129
133
130
126
120
123
129
133
136
143
148
158
155
151
150
145
132
120
114
114
124
126
124
132
145
158
170
178
187
190
190
185
178
165
141
119
112
108
113
120
129
137
135
136
135
135
140
145
146
147
146
145
139
133
133
136
137
140
146
164
165
168
169
181
188
192
187
188
190
190
185
182
180
178
175
173
173
173
170
168
167
159
153
158
160
156
148
125
155
162
132
111
126
136
135
129
128
125
125
129
134
140
151
158
156
147
141
138
137
131
124
124
132
129
134
130
129
141
158
168
176
180
192
200
199
188
179
168
149
127
118
117
125
134
145
155
157
150
148
141
138
136
133
132
129
129
128
126
129
136
143
152
163
163
162
169
178
189
192
194
194
192
191
189
186
185
183
181
177
173
170
168
163
163
165
160
159
163
163
159
157
122
140
138
120
114
137
149
142
132
128
129
128
130
131
133
143
146
138
126
123
124
128
132
142
149
146
140
130
125
135
152
168
175
176
183
195
206
206
192
175
160
148
135
121
123
133
139
149
165
178
181
181
175
167
157
145
136
128
127
133
136
139
145
149
154
162
167
169
175
185
188
190
191
195
191
188
184
182
183
183
182
179
177
172
168
164
163
161
157
156
164
161
158
156
109
120
118
116
128
153
160
155
145
145
148
139
131
122
117
119
122
119
119
119
131
146
156
165
165
157
140
126
128
146
162
174
179
174
184
195
207
210
199
177
155
145
134
117
123
138
144
151
164
175
189
195
197
197
191
180
171
162
156
160
160
159
157
157
158
160
166
174
179
184
181
187
187
189
185
183
179
177
178
178
178
177
180
174
169
164
161
158
154
155
160
156
156
156
94
104
103
112
132
155
158
156
153
158
166
157
146
136
130
130
136
142
148
152
162
173
176
165
153
148
136
130
138
157
170
178
180
178
185
191
199
210
211
188
157
143
126
108
116
134
147
158
167
170
175
181
186
192
194
193
194
191
184
180
175
171
165
163
164
165
163
169
173
174
175
179
178
176
177
177
176
174
173
172
172
172
175
170
167
160
156
155
152
153
156
156
159
156
82
95
107
114
131
148
154
159
161
165
166
165
162
156
154
156
160
166
161
172
176
177
175
160
141
136
130
133
144
161
175
182
184
183
186
188
194
209
219
198
159
141
128
109
112
124
137
157
171
175
174
175
173
176
180
186
194
197
196
187
181
179
173
170
170
170
168
165
166
166
170
168
167
164
166
168
170
169
165
162
162
164
166
166
165
158
155
154
150
149
152
155
159
154
88
96
114
122
136
147
152
156
163
166
161
157
157
157
160
166
171
171
172
172
170
169
162
148
140
136
135
136
148
163
180
190
187
183
185
184
186
198
210
198
171
153
137
122
116
118
125
142
162
177
177
178
177
175
177
180
187
195
197
197
190
181
174
171
172
170
165
160
158
156
161
162
157
156
156
159
160
159
156
157
157
157
158
157
156
155
154
152
147
144
150
154
153
151
106
100
115
126
139
146
148
152
159
161
157
153
151
154
157
160
163
164
159
161
162
163
156
149
147
143
140
138
149
164
175
182
185
189
187
183
176
179
187
182
166
155
150
142
129
120
117
124
147
166
176
179
179
180
183
184
187
191
193
194
188
180
173
169
168
164
162
156
152
147
149
153
152
150
148
150
152
151
151
153
154
154
154
153
153
154
154
153
152
150
150
150
149
148
145
117
120
130
139
141
141
146
153
155
153
146
144
145
148
146
145
149
158
159
162
163
155
152
154
149
138
135
149
163
169
176
183
188
185
178
164
158
161
159
152
145
148
155
144
124
115
114
141
163
171
176
178
183
188
190
190
191
192
191
185
181
176
170
169
166
163
156
150
143
141
147
149
147
142
143
144
145
147
149
152
153
152
153
152
152
154
155
154
152
155
153
152
152
194
153
135
137
137
136
135
142
149
152
148
145
141
144
150
151
153
161
166
167
170
169
159
156
157
148
135
133
145
159
166
178
187
187
178
170
156
146
142
138
131
127
135
152
150
125
119
114
133
157
167
172
174
178
185
189
190
193
192
188
183
184
181
174
172
172
167
158
154
148
141
144
147
146
140
140
140
140
143
147
151
152
151
151
151
152
155
158
156
153
155
155
157
157
221
192
165
151
138
134
134
140
148
153
153
152
150
151
158
164
171
180
171
170
172
171
163
159
156
142
128
125
138
153
163
176
182
182
169
159
143
131
124
117
113
111
123
134
137
119
123
117
121
148
165
171
171
171
176
178
180
188
192
185
180
185
184
175
172
174
169
159
156
151
141
140
142
145
141
139
138
138
141
144
148
150
146
147
148
152
157
160
159
155
157
156
160
159
239
228
196
169
142
132
134
140
149
156
161
160
158
156
157
161
167
175
173
172
171
172
166
160
152
136
120
113
127
147
160
168
170
170
160
148
131
116
106
100
100
102
112
117
124
116
126
115
109
140
161
169
169
166
169
168
169
179
186
180
177
184
184
176
174
174
167
156
153
149
139
135
137
142
140
138
136
136
137
141
144
147
144
145
146
150
156
161
158
155
153
152
160
159
246
237
222
185
147
131
130
136
147
156
160
158
158
159
157
157
163
169
174
172
169
169
165
158
148
134
119
108
111
129
147
157
156
157
153
143
126
105
88
78
75
75
89
108
122
119
122
108
101
133
157
167
167
164
166
163
162
171
178
175
173
178
180
176
175
173
163
153
148
142
138
134
133
137
136
134
132
133
136
138
142
145
145
145
145
147
153
159
157
153
146
144
154
156
248
242
240
198
154
130
125
129
142
152
154
150
155
161
159
158
163
168
171
169
164
164
162
155
144
132
121
102
91
100
124
143
146
145
141
135
120
94
68
49
39
29
53
95
119
119
115
103
104
132
156
166
166
163
164
159
157
166
175
174
170
170
172
172
172
168
158
151
144
139
138
134
130
132
132
130
129
131
132
136
140
144
144
144
143
144
151
157
158
154
151
144
150
150
248
247
244
213
163
129
125
127
132
146
144
150
158
162
165
167
168
171
172
168
166
165
161
153
141
126
120
104
85
83
105
132
138
127
122
118
105
75
51
29
15
18
43
89
118
119
110
96
105
129
150
161
163
161
159
156
156
166
175
172
168
165
165
168
167
162
157
147
136
133
131
129
129
131
130
130
127
127
130
134
138
143
144
141
140
145
151
153
154
154
152
154
150
149
248
247
243
221
170
129
120
123
130
137
141
148
156
160
163
166
169
171
170
167
167
166
157
148
137
124
116
110
98
91
97
115
124
121
110
102
84
53
33
25
22
35
71
108
121
110
93
82
100
131
143
152
155
155
158
158
158
161
169
166
163
160
160
163
164
161
155
146
134
128
127
127
129
131
131
130
128
127
130
133
135
139
141
140
141
148
153
153
150
149
151
153
149
147
248
246
244
231
180
132
116
119
126
129
136
145
154
158
160
164
167
168
164
164
166
162
151
141
131
120
112
110
104
93
91
99
110
113
99
89
70
49
44
49
57
77
102
120
115
96
82
80
103
133
141
149
154
156
158
162
162
160
162
160
158
155
154
158
161
159
157
147
136
128
127
129
131
132
132
132
129
129
131
132
134
136
137
138
140
145
151
154
152
148
147
148
141
138
247
245
245
237
193
139
119
119
118
123
133
143
152
155
157
161
163
162
160
163
165
158
146
140
131
121
109
101
91
87
88
94
100
102
94
85
74
66
74
84
91
103
110
114
101
88
89
98
115
132
139
148
158
159
158
163
166
163
160
159
156
154
154
159
161
159
159
149
139
133
131
129
129
130
130
130
130
130
132
133
132
133
135
134
133
136
143
150
151
148
143
146
139
133
246
245
245
244
212
154
125
122
115
119
130
140
149
152
155
160
161
159
160
164
166
157
148
146
140
129
115
99
89
91
94
98
99
101
101
95
89
89
96
100
100
105
109
111
104
104
114
122
130
135
135
143
152
156
155
162
168
165
161
159
157
156
158
162
164
160
156
146
139
136
133
127
123
123
124
126
127
130
132
133
131
131
134
131
127
127
134
142
146
145
142
146
141
132
248
248
247
248
234
180
131
122
118
115
126
135
145
150
155
160
162
158
161
163
163
157
151
151
147
135
126
114
108
108
107
105
106
110
109
106
103
103
105
105
107
111
115
123
127
132
137
139
142
140
137
139
146
151
154
161
165
163
161
160
158
157
158
162
163
159
151
143
137
137
134
127
122
121
122
125
126
129
131
131
129
130
134
131
128
127
131
140
144
143
141
144
140
129
248
249
249
244
248
211
136
111
122
113
120
129
139
145
153
160
161
160
162
158
158
157
153
150
145
136
129
124
123
121
114
109
109
111
111
107
105
107
109
111
116
123
126
135
142
145
144
143
145
144
139
138
143
149
154
158
162
163
164
162
159
157
156
158
159
156
149
144
138
134
133
131
128
125
129
129
128
126
128
128
126
127
130
130
129
128
130
135
138
139
141
141
139
128
248
248
249
236
250
230
140
98
122
111
116
124
134
143
151
159
161
161
163
156
155
157
155
149
143
136
129
129
129
125
118
114
112
109
113
110
106
111
115
118
126
131
138
144
147
150
147
148
151
148
137
136
141
148
153
156
159
165
167
165
162
158
155
155
156
153
149
145
138
131
131
134
133
129
135
134
129
125
124
124
123
124
126
127
127
125
124
125
127
129
135
135
135
126
248
248
245
240
247
229
152
103
113
115
115
120
130
139
148
156
161
163
161
157
156
159
158
146
134
130
130
131
131
129
124
122
122
124
124
122
121
124
126
130
136
139
145
147
151
154
155
156
152
146
136
135
138
145
150
154
158
163
166
162
161
157
150
150
154
152
147
141
136
134
131
129
130
128
133
131
126
123
125
122
117
117
121
121
122
122
120
115
115
121
125
127
126
123
247
247
244
245
247
227
161
112
109
113
114
117
125
137
148
155
159
161
159
155
153
153
150
139
128
125
132
134
134
132
129
129
134
139
143
135
134
142
145
140
142
149
148
149
151
149
145
145
146
144
136
134
137
143
149
154
159
162
165
160
158
154
149
149
154
153
146
139
137
140
135
129
127
130
128
125
121
122
125
121
116
116
116
120
121
120
118
116
117
120
121
121
122
124
247
247
244
245
247
231
168
117
106
113
115
115
123
136
148
155
157
158
156
152
148
147
142
130
121
120
130
129
126
126
128
134
140
146
148
145
143
147
151
153
154
155
156
151
147
142
138
139
139
138
133
131
134
139
148
154
159
163
160
154
153
152
149
150
152
151
145
138
137
141
135
128
127
130
127
122
118
121
122
116
110
111
113
120
123
122
122
122
120
119
121
122
123
122
246
246
247
245
246
242
176
117
108
112
115
116
122
136
148
152
154
154
153
150
146
142
136
125
118
120
120
122
124
125
129
137
147
153
155
149
146
150
151
148
148
152
157
154
151
145
137
134
133
132
130
130
132
136
143
149
155
159
155
152
152
153
152
151
151
148
141
136
135
134
130
128
127
126
125
118
115
118
117
109
104
106
113
119
124
125
126
125
120
115
117
121
123
121
246
246
248
246
243
249
191
119
107
111
111
113
120
134
144
149
151
153
151
148
143
137
133
123
117
118
119
120
123
129
138
146
148
145
149
147
149
155
158
157
156
158
157
153
148
144
139
135
131
128
130
131
133
136
139
144
150
153
158
158
156
154
150
150
149
147
138
134
130
127
127
126
125
122
120
113
110
113
110
104
104
108
113
117
120
124
126
122
115
110
108
112
118
121
247
247
247
247
239
246
208
130
103
109
106
109
116
129
140
147
151
154
151
146
139
133
129
121
115
116
126
128
133
142
151
155
152
146
145
152
160
167
172
176
177
175
166
160
152
143
134
129
125
122
127
132
136
138
141
146
150
152
162
162
158
151
144
143
144
143
139
131
127
129
128
125
123
121
117
112
110
109
106
104
107
111
114
116
119
122
125
121
114
111
109
110
113
115
247
247
246
245
241
240
212
137
101
105
103
105
111
121
132
143
151
155
152
145
135
130
127
121
115
115
126
139
150
152
152
152
158
162
162
156
160
171
173
165
164
171
166
169
170
157
136
122
117
119
122
128
135
139
142
147
148
147
154
160
158
148
139
136
136
134
133
130
128
128
123
120
120
119
116
112
110
107
104
105
109
110
110
114
119
122
124
121
115
114
112
110
111
109
248
248
247
239
245
236
205
138
103
101
102
102
106
113
126
139
148
152
153
144
133
129
127
123
118
116
129
137
142
140
137
139
145
149
153
145
143
146
146
140
141
148
154
161
170
171
160
143
127
117
117
124
131
136
139
141
140
137
144
154
158
147
138
134
130
127
126
129
128
121
113
114
116
114
114
111
109
105
102
106
110
109
101
109
117
121
122
119
115
113
106
106
109
110
248
247
244
238
243
236
202
138
104
100
101
105
101
104
119
139
141
149
151
145
136
130
128
122
117
122
124
129
130
126
123
122
123
126
131
133
130
127
121
121
125
122
125
132
138
156
163
151
137
122
120
127
127
128
133
134
133
135
136
148
152
149
138
130
129
128
128
126
123
117
110
108
110
110
111
109
105
102
104
107
106
101
99
105
113
116
116
112
111
113
109
104
108
110
248
247
242
240
244
242
205
146
102
100
107
107
94
99
118
131
140
148
151
146
138
130
127
121
115
111
112
112
109
107
108
106
107
113
107
104
105
113
117
115
113
110
104
105
106
114
123
128
132
129
126
129
126
125
128
130
129
130
135
144
148
145
136
128
128
125
123
123
123
118
113
111
112
110
111
107
104
105
107
107
104
102
104
106
110
111
111
108
106
108
112
110
112
108
247
246
245
242
240
243
212
161
106
98
111
113
92
97
115
118
134
146
153
149
137
129
123
121
115
100
97
106
104
93
85
79
79
86
84
89
89
88
94
102
103
92
92
97
101
95
95
111
124
128
130
132
129
125
127
130
129
130
134
141
143
142
135
127
124
121
119
119
120
118
115
115
113
110
110
106
104
108
110
108
107
108
111
109
107
109
109
105
101
102
105
108
112
107
247
245
248
243
234
239
223
188
126
103
107
116
101
97
108
106
129
144
157
153
136
125
120
123
120
94
84
93
87
69
57
52
62
79
89
99
103
100
95
96
96
89
81
84
96
91
86
98
108
117
129
134
132
128
128
128
127
127
135
139
142
141
135
125
123
120
119
118
116
115
114
116
115
113
111
106
105
106
107
108
109
112
116
113
108
109
110
105
101
100
97
103
106
101
245
244
247
241
233
236
233
213
154
112
100
113
110
98
101
105
126
144
157
152
136
124
118
125
122
94
81
74
61
47
34
25
34
54
77
93
96
86
82
94
100
88
58
51
68
82
84
86
90
102
115
126
130
126
126
126
126
127
137
141
142
139
130
123
122
122
119
116
114
114
113
116
116
114
110
109
107
105
105
107
109
110
115
112
107
108
108
106
101
99
100
102
100
92
247
245
243
241
236
234
235
223
175
117
98
111
115
99
98
107
120
138
152
148
138
126
118
123
118
93
78
68
55
41
25
9
6
10
7
24
36
37
22
12
18
24
26
20
35
48
57
71
80
93
104
119
126
125
126
129
130
130
139
142
140
136
126
120
122
124
117
115
114
113
113
115
116
113
112
115
113
110
108
110
109
107
113
112
106
104
106
107
104
101
102
102
98
89
247
246
243
240
236
234
229
225
188
121
96
106
114
105
99
105
115
132
144
146
141
130
119
118
112
95
79
69
55
35
15
8
5
2
1
2
2
3
4
7
10
6
10
8
10
12
21
47
69
88
101
117
127
127
130
132
130
128
136
141
139
133
125
119
122
122
117
115
113
111
111
114
116
114
113
117
117
114
112
112
111
109
111
112
107
104
107
109
105
100
99
99
96
86
248
247
245
240
235
235
226
229
200
129
90
101
111
112
102
105
114
130
142
146
146
133
120
117
109
98
91
74
55
34
14
7
5
3
6
4
2
7
11
17
25
25
20
13
10
13
22
36
54
73
90
108
121
125
133
138
134
130
131
139
139
134
126
121
121
119
119
116
113
110
109
112
115
115
110
113
115
114
112
112
112
111
110
111
109
105
109
111
105
97
94
95
93
83
247
247
240
240
233
229
230
231
218
146
83
100
113
113
110
103
114
132
140
148
148
140
125
115
111
105
95
79
56
32
13
6
4
7
5
4
5
14
29
41
42
35
32
24
27
35
35
39
48
56
73
98
119
128
135
138
133
127
128
140
140
131
127
123
120
123
121
119
113
107
106
112
117
111
108
108
110
111
110
108
107
105
106
103
101
102
104
102
95
90
88
85
91
80
247
246
242
239
233
232
230
228
222
170
98
96
111
108
114
104
112
122
136
145
149
146
135
127
125
121
107
82
52
28
13
8
7
7
6
6
14
31
44
49
47
46
40
39
46
56
56
52
53
54
65
97
122
130
134
136
131
125
129
138
137
127
123
121
118
119
118
117
114
110
108
114
121
118
111
110
110
108
105
107
108
106
105
99
94
94
96
94
90
87
87
87
89
77
247
245
241
238
234
233
227
226
224
192
117
88
104
106
116
106
108
115
131
144
148
148
143
134
135
136
125
99
70
45
26
13
6
4
6
11
24
40
51
54
51
49
53
55
57
57
52
52
59
69
84
115
135
135
132
133
130
126
130
138
136
127
122
120
117
116
115
115
114
111
108
112
120
119
113
113
110
104
101
106
109
107
105
97
90
90
92
89
86
85
90
91
88
77
246
244
240
238
234
233
227
227
223
202
136
86
94
106
114
110
105
112
128
142
148
147
142
132
132
136
140
124
106
84
62
41
19
9
9
18
31
47
56
58
56
56
54
57
59
57
56
60
74
88
110
132
143
138
131
130
127
125
129
137
136
129
123
121
118
115
114
115
115
113
107
107
115
115
112
112
108
103
101
105
106
103
102
98
94
93
92
88
85
84
90
92
86
78
247
244
241
238
233
232
228
227
223
211
159
92
89
105
114
112
105
109
120
137
145
144
139
129
127
131
135
124
113
103
91
74
46
25
17
19
32
49
57
54
52
55
55
56
58
64
73
80
91
101
117
130
136
134
132
128
123
122
127
133
134
129
123
120
117
114
113
116
117
115
108
108
114
113
107
105
103
102
102
104
103
98
96
97
94
91
88
86
84
81
85
87
81
79
247
245
244
238
233
231
227
221
224
221
172
102
89
99
116
114
112
109
110
128
139
142
138
129
128
130
130
119
111
106
103
95
74
56
42
43
50
59
69
71
70
71
73
69
70
78
85
91
101
113
120
125
129
130
132
127
122
122
125
129
131
128
123
119
115
111
110
114
116
115
109
111
117
114
106
104
103
104
105
105
100
92
90
91
89
85
82
81
80
77
79
81
80
80
247
244
242
237
233
230
227
220
225
218
170
115
92
97
112
117
117
110
107
123
136
141
139
135
136
134
126
116
110
108
105
99
87
79
75
81
87
93
103
113
112
106
95
91
98
108
106
102
108
117
123
127
129
130
131
127
124
126
127
128
129
129
124
120
115
112
109
113
115
114
111
115
120
116
111
109
109
107
106
106
99
89
85
85
83
80
78
78
76
74
76
78
81
81
245
242
239
238
235
229
228
222
226
207
169
129
97
102
105
117
118
111
110
123
135
140
140
140
143
140
130
118
115
116
112
106
97
93
91
96
104
114
123
124
117
108
109
103
112
127
124
115
114
117
118
123
128
131
133
129
125
129
129
127
128
129
126
121
118
114
112
115
116
115
113
119
124
118
115
116
113
108
105
104
98
85
82
80
78
78
78
76
73
72
71
74
80
80
242
240
241
234
232
230
224
222
225
205
165
123
95
100
106
114
116
113
116
123
134
140
143
143
140
142
133
119
110
116
124
119
113
112
107
107
102
103
106
100
96
104
119
120
119
133
123
113
117
117
118
127
135
135
131
127
126
129
131
130
130
128
122
120
118
115
111
112
118
120
119
124
128
124
120
121
118
109
103
99
96
92
84
81
77
78
79
78
73
69
68
74
79
84
241
239
236
233
232
230
225
221
220
200
154
106
90
96
106
118
119
116
113
120
134
141
143
143
140
142
135
124
112
112
121
127
128
126
121
116
105
100
103
104
109
119
134
131
120
121
116
113
115
117
124
131
137
137
134
127
126
129
133
131
130
129
124
120
116
112
111
111
115
118
120
126
130
125
121
120
116
109
102
99
94
90
85
81
77
78
78
76
71
68
70
74
81
85
239
236
234
233
230
228
225
219
216
197
142
85
79
91
105
116
119
116
112
119
135
143
144
144
143
143
139
132
117
108
117
132
138
137
132
127
116
109
110
113
120
130
136
132
121
119
118
115
111
117
129
136
140
138
133
127
126
131
134
131
129
130
126
121
116
112
111
109
111
115
120
127
130
126
122
120
115
110
104
98
92
88
84
80
77
77
77
73
70
68
71
71
79
84
238
235
233
234
229
225
222
217
213
197
133
70
63
89
104
112
117
119
113
116
133
145
145
145
146
146
143
138
124
111
114
125
135
139
140
141
136
129
126
126
131
137
133
127
126
125
121
112
107
118
127
138
144
139
131
127
128
133
131
130
131
133
128
122
118
116
112
108
108
112
117
125
127
124
124
122
116
113
106
97
90
85
83
79
76
75
74
71
70
70
71
71
78
84
238
236
233
234
229
222
220
216
212
193
126
59
44
84
103
109
116
123
113
114
129
141
143
145
145
146
144
141
130
117
111
113
122
132
144
148
147
141
134
133
137
142
135
123
122
116
109
105
109
120
127
139
143
137
132
132
132
131
126
130
135
137
130
123
119
117
113
111
110
111
116
121
122
120
122
121
119
115
107
97
87
82
81
79
76
73
71
70
71
70
72
75
78
88
236
235
232
234
230
222
220
217
210
184
120
55
31
73
98
106
114
124
115
114
125
136
141
143
143
145
149
144
136
123
112
103
107
117
131
133
135
132
126
124
127
130
122
108
106
96
95
105
116
122
129
137
140
136
137
139
134
125
123
129
137
139
131
123
119
117
115
113
111
111
115
118
119
118
120
121
120
115
106
96
87
81
79
78
74
71
69
69
70
71
69
75
78
93
236
236
232
232
230
222
219
218
207
171
111
52
28
58
93
110
114
121
117
114
122
133
142
145
144
147
152
149
141
130
119
106
102
104
111
110
111
111
108
105
105
105
99
94
92
87
97
111
124
128
133
139
142
141
144
143
135
125
123
130
136
135
128
122
120
116
116
114
111
112
115
117
117
116
119
121
119
112
103
95
86
79
75
73
72
73
71
67
67
70
72
78
83
101
237
237
232
230
227
219
216
216
202
161
102
48
28
45
89
113
114
119
118
114
120
132
144
147
145
149
151
150
145
137
130
117
105
102
101
97
95
95
94
93
91
89
91
91
92
93
109
117
126
132
136
142
146
148
149
145
137
130
125
130
132
129
124
122
121
117
117
115
111
111
117
117
116
115
120
121
117
109
101
93
84
77
73
68
69
74
73
67
66
70
83
86
91
108
238
234
231
232
223
216
215
216
202
153
93
49
28
39
82
113
116
118
121
115
120
129
143
148
145
149
152
151
147
141
134
126
117
110
107
101
94
89
86
87
90
90
94
97
103
113
121
126
132
138
142
147
151
150
149
147
140
132
128
128
126
122
121
122
121
115
113
112
112
115
117
117
118
118
119
115
110
105
97
89
82
75
71
69
66
68
67
66
69
76
91
96
100
108
238
238
234
231
221
216
215
214
198
149
86
43
26
36
72
107
115
112
115
113
117
127
141
148
146
147
151
155
154
148
137
130
123
118
117
109
101
97
98
101
102
99
105
108
112
119
127
133
137
140
142
149
153
153
151
149
142
134
127
126
125
123
121
121
119
114
112
109
107
111
116
116
115
113
112
108
103
99
92
85
78
71
68
70
70
68
65
65
72
81
97
105
105
109
239
241
233
227
219
215
215
211
190
141
77
37
28
34
57
95
113
107
112
114
115
125
138
146
147
145
146
151
155
153
146
142
137
133
121
113
102
98
100
104
106
106
111
114
117
122
130
136
139
141
145
152
157
157
154
149
141
132
126
125
126
124
122
121
118
114
111
105
101
106
111
113
110
107
105
100
96
92
86
79
73
68
67
71
72
69
66
70
80
90
100
111
109
109
237
235
228
223
219
215
214
209
183
130
70
34
33
34
43
82
114
110
108
114
113
123
136
146
152
146
146
149
154
157
157
152
145
140
128
120
108
101
101
105
109
113
118
122
124
128
132
135
138
142
149
155
160
160
158
153
142
132
126
128
129
125
122
122
119
114
109
103
99
102
107
107
105
102
101
96
91
87
81
75
70
66
69
71
71
72
74
79
88
98
107
115
111
105
232
230
224
221
218
213
213
207
178
123
64
31
32
32
35
72
112
114
101
109
111
121
135
145
152
148
146
146
151
160
164
158
150
145
142
137
128
121
122
124
125
127
134
137
139
140
139
136
137
143
149
155
161
162
163
160
150
139
131
133
133
126
121
121
119
112
105
103
102
103
104
102
98
97
96
90
85
82
76
72
70
68
71
72
73
77
82
86
95
105
116
116
111
105
232
227
223
218
215
210
210
206
173
115
60
29
27
29
30
59
100
114
100
107
110
117
130
140
146
145
143
144
151
161
164
159
152
149
147
148
144
143
147
147
141
139
145
144
145
145
143
137
138
145
152
157
161
161
162
160
151
141
135
136
134
128
121
119
115
108
100
103
106
106
103
99
95
91
89
82
77
74
71
69
70
71
75
77
81
86
88
91
101
115
119
112
110
107
230
221
220
213
212
209
211
202
164
105
53
25
21
25
25
44
84
110
103
104
106
110
120
130
136
141
145
146
151
158
160
156
149
143
144
148
150
153
158
155
147
145
148
146
145
146
145
143
144
150
157
160
161
158
156
154
147
139
134
131
128
125
119
114
105
97
93
99
103
101
98
95
92
87
80
73
69
68
66
67
72
75
78
83
87
90
93
98
109
123
121
114
112
113
226
218
218
208
208
210
213
200
156
95
42
21
19
22
22
33
75
111
103
100
100
101
110
122
130
142
143
144
146
151
157
158
151
142
142
149
152
155
158
154
150
152
153
151
148
148
151
152
153
156
162
164
162
157
153
151
145
139
129
122
119
120
117
106
97
89
88
94
96
93
91
91
87
82
75
68
64
64
63
67
73
77
80
84
88
91
96
104
115
126
121
118
119
122
210
208
208
205
202
208
209
197
148
77
26
14
17
20
19
31
64
105
108
100
91
98
112
118
127
139
143
144
144
144
151
156
150
142
141
153
161
164
166
162
155
154
160
154
151
156
160
158
157
156
163
165
162
157
151
148
146
137
127
119
115
120
114
100
88
86
90
91
89
85
83
82
80
76
70
65
64
62
61
67
77
82
83
87
87
88
97
109
116
118
117
117
123
127
173
194
206
204
201
206
204
185
133
66
22
10
14
24
25
22
41
86
110
104
94
97
107
115
126
136
142
143
144
144
148
148
144
139
139
151
160
163
164
161
157
157
159
157
155
158
159
157
158
161
166
167
160
154
149
147
143
134
127
118
113
115
108
92
82
84
88
88
85
81
79
78
75
71
66
64
64
66
67
74
82
83
86
86
85
91
101
107
112
115
120
120
122
131
136
172
198
206
202
203
195
168
119
58
20
10
10
20
24
14
24
67
105
108
97
88
91
103
119
132
138
139
142
147
148
145
140
135
136
147
157
159
158
156
156
158
156
157
158
158
155
153
157
162
171
167
158
150
145
143
140
130
120
113
109
108
99
82
76
81
85
84
82
78
75
73
70
66
64
64
66
69
73
81
87
86
89
88
89
97
104
104
106
111
120
121
120
135
102
141
177
197
197
196
184
155
107
48
15
11
9
12
18
16
23
50
85
107
104
88
87
94
105
116
130
132
136
141
145
145
141
136
140
147
153
154
154
154
157
161
160
161
162
159
154
152
156
162
165
158
148
143
137
134
130
123
108
104
101
97
88
76
75
80
82
82
80
78
75
72
69
66
66
67
69
70
77
86
89
88
88
89
93
99
102
101
103
108
119
115
122
153
82
105
136
168
183
186
176
145
91
30
8
7
9
12
15
18
23
31
68
109
114
95
91
90
91
100
117
123
129
132
137
142
143
141
142
144
147
148
148
151
158
162
163
163
162
158
152
147
149
153
149
141
132
133
129
121
116
111
97
96
92
85
77
72
76
80
79
81
81
80
76
72
70
70
71
73
74
76
83
91
93
92
91
94
97
99
102
103
104
107
113
112
139
190
67
71
94
135
168
183
170
131
74
19
8
6
11
16
16
19
22
20
53
102
121
108
97
87
84
93
100
113
124
129
132
137
140
140
140
138
138
138
140
146
155
158
160
158
157
154
148
140
139
142
136
131
128
131
124
110
102
97
90
88
82
75
70
71
77
80
80
81
83
82
77
72
71
73
74
78
81
84
91
96
96
95
96
98
100
102
101
98
95
97
105
130
178
221
66
60
67
100
145
170
157
112
55
14
10
8
10
15
16
17
22
20
31
79
119
128
115
95
87
87
87
100
113
122
126
130
132
132
134
129
127
129
131
138
146
149
150
149
150
151
144
134
131
134
130
128
127
128
118
104
93
86
84
80
75
74
74
76
78
82
85
84
84
83
78
73
73
76
78
84
89
93
99
100
98
98
98
97
99
103
99
90
92
102
130
173
214
224
64
57
56
72
113
146
140
97
40
5
6
7
8
13
15
17
21
22
24
59
107
135
128
110
99
87
82
88
99
108
116
121
124
126
125
119
118
119
120
125
133
134
136
136
140
144
137
126
122
126
122
123
123
121
110
98
91
83
81
76
74
79
83
83
83
85
89
87
85
84
80
76
76
79
84
91
95
99
103
102
99
101
102
98
100
105
99
91
107
134
176
213
226
213
60
57
50
55
88
125
122
81
36
6
4
3
10
13
17
24
24
29
28
48
81
117
133
129
119
105
90
88
89
95
101
109
117
119
120
119
118
121
117
113
115
119
122
123
124
121
118
114
113
114
119
114
110
107
101
91
83
79
83
76
77
85
88
85
86
93
92
90
87
84
82
79
80
83
92
102
104
102
104
100
97
104
107
107
105
102
95
106
148
185
215
216
216
212
59
56
50
50
73
100
95
62
28
9
6
6
13
15
17
23
26
34
36
41
54
84
117
137
135
117
105
94
88
87
90
96
106
113
118
116
116
118
118
115
113
114
111
109
106
107
109
112
114
113
110
104
98
93
88
84
82
81
79
80
82
84
84
86
90
94
95
92
87
84
82
83
88
92
101
104
101
102
106
102
97
101
111
108
101
103
123
157
195
214
216
202
210
221
60
58
51
50
61
74
67
40
15
5
3
5
13
16
19
24
32
41
41
34
31
56
98
129
139
133
121
105
93
90
89
90
95
101
107
107
109
109
110
108
108
108
112
108
103
99
102
105
105
102
100
96
90
86
84
81
80
79
77
81
84
86
86
88
92
95
97
93
90
88
89
92
96
99
103
105
102
103
107
103
99
103
107
111
118
143
178
202
211
208
203
206
201
211
