58
54
39
33
47
79
117
156
183
200
202
204
211
217
220
221
224
225
227
229
232
234
234
231
231
232
234
234
234
232
230
227
228
231
231
232
231
229
230
231
231
232
232
231
231
231
234
235
236
236
236
238
240
243
242
241
240
240
239
239
239
239
239
238
237
237
237
236
235
235
234
233
228
226
224
224
226
228
229
227
223
219
214
203
189
169
144
119
100
89
87
82
84
88
53
44
35
30
49
88
131
167
190
201
202
204
209
215
217
219
222
224
227
228
230
233
233
230
229
230
233
232
232
230
228
227
228
229
230
231
230
230
233
235
235
233
235
233
231
231
232
235
235
236
235
238
240
241
242
240
240
239
239
239
239
239
239
238
238
237
236
235
233
233
233
229
226
225
225
225
227
229
231
228
225
223
215
205
190
172
149
123
102
87
82
76
76
81
47
41
31
33
55
98
143
173
189
196
199
204
207
211
214
217
219
222
223
226
229
230
230
229
229
229
230
230
230
228
227
227
227
226
228
229
230
229
230
231
235
236
236
233
231
231
232
233
233
234
236
237
238
239
239
237
236
235
238
239
239
238
237
236
234
234
234
233
232
232
232
231
227
225
224
226
227
229
232
230
225
223
216
200
190
177
157
136
112
96
82
76
76
74
43
36
31
39
67
111
152
176
187
189
197
202
205
208
211
212
213
215
219
220
223
224
226
226
226
227
228
228
228
227
227
227
225
224
224
225
225
225
227
229
231
232
234
233
232
231
231
231
231
232
233
235
236
236
235
235
234
234
235
236
236
236
234
234
233
232
231
230
230
230
229
228
226
225
224
227
228
229
231
228
223
222
215
203
196
182
163
143
116
99
84
76
76
75
38
30
30
47
82
128
165
182
186
186
195
199
201
203
205
205
206
209
210
212
215
219
222
225
227
227
225
226
226
226
226
226
224
222
222
222
222
222
223
226
229
229
233
233
232
230
229
228
229
231
233
233
233
233
232
232
232
233
233
233
233
233
233
232
231
230
229
229
228
228
228
227
226
226
226
228
228
228
230
226
221
219
214
205
200
187
168
148
121
100
81
72
75
76
38
30
32
56
97
140
171
184
187
187
190
195
197
197
198
198
197
200
201
204
209
214
219
222
223
225
221
221
221
221
222
222
221
218
219
218
217
217
218
223
225
226
228
227
227
227
226
226
228
230
232
232
232
231
229
229
229
230
230
230
230
230
230
229
228
227
227
227
227
227
226
225
225
225
226
227
228
227
227
223
219
218
214
206
201
189
169
147
120
98
77
66
71
76
36
29
37
65
109
148
173
184
186
187
185
189
191
194
195
191
190
189
192
195
201
208
212
216
217
217
216
216
216
216
218
218
217
214
214
213
211
213
216
221
224
225
224
222
220
221
222
223
225
227
229
229
227
226
224
224
224
225
225
226
226
226
226
226
224
224
224
224
224
224
223
223
223
223
224
226
225
225
225
222
218
216
214
204
200
190
170
147
116
94
74
62
67
72
35
28
39
71
117
152
173
183
185
186
181
186
190
193
192
188
184
183
185
189
194
201
206
210
211
213
210
210
210
211
213
213
211
209
210
210
210
212
215
219
222
222
221
219
217
216
217
218
221
223
224
224
222
221
220
220
220
221
222
221
221
222
222
223
223
223
222
223
223
222
221
220
220
220
223
225
224
224
223
221
217
216
212
202
197
188
171
148
118
96
75
61
63
66
36
33
44
77
122
156
172
179
181
181
180
183
186
188
189
186
182
183
183
186
191
194
199
202
206
208
206
206
206
207
207
207
205
203
203
205
207
211
215
219
219
219
218
217
215
214
213
214
215
218
220
219
216
213
212
212
215
216
218
218
217
217
217
218
218
219
219
219
220
220
219
219
218
218
219
223
223
223
223
220
215
214
209
196
189
179
166
150
125
103
80
64
61
59
32
29
51
85
128
157
169
174
174
174
180
181
181
181
184
183
183
185
187
188
189
190
191
193
196
199
202
203
203
203
203
201
198
195
197
201
204
209
213
216
216
215
215
216
216
214
211
210
213
216
217
215
212
209
207
208
209
212
215
215
214
213
213
213
214
215
217
217
218
218
218
217
216
216
216
219
220
222
221
217
213
211
204
192
182
169
160
151
130
108
87
69
62
55
28
30
52
86
126
154
168
172
171
172
179
177
177
179
179
182
184
187
186
187
187
184
183
184
190
194
199
202
203
202
199
196
194
193
191
197
202
205
207
210
212
212
212
213
214
213
211
208
211
214
215
213
208
205
203
205
207
209
210
208
207
207
206
206
207
210
211
213
214
212
215
217
215
210
209
214
217
219
217
213
209
204
198
194
177
158
151
149
133
114
91
75
64
55
32
34
53
85
123
150
164
168
169
170
174
174
173
174
175
176
179
183
182
185
185
182
179
181
187
192
195
199
202
201
199
196
194
193
194
198
203
204
205
206
207
207
210
211
213
212
209
207
206
207
209
208
206
205
204
205
205
206
204
202
201
201
201
201
204
206
208
209
209
210
212
215
214
209
206
210
213
213
212
209
204
201
198
194
178
160
150
144
129
112
92
77
67
58
39
36
55
84
120
145
159
164
164
166
170
169
168
168
169
171
175
178
179
181
182
178
175
177
182
188
192
196
201
201
199
198
195
194
196
199
203
203
204
206
207
207
208
211
213
213
211
207
205
204
204
204
205
206
208
206
204
203
198
196
194
194
195
197
200
203
205
206
206
206
208
210
209
207
203
207
209
210
208
205
202
200
198
193
180
164
149
136
121
108
93
77
67
62
43
40
57
85
119
142
155
161
161
163
165
164
163
163
165
167
171
175
175
179
180
177
174
175
181
186
190
195
201
202
200
199
199
197
199
202
204
205
206
208
211
211
212
213
214
214
214
212
207
205
203
204
206
209
211
209
205
201
196
193
189
191
192
194
197
200
201
202
202
201
202
205
203
202
201
203
208
208
207
203
201
199
197
189
179
166
146
128
114
103
93
75
65
62
45
44
58
85
118
140
154
157
157
157
157
157
157
157
160
163
168
172
175
178
180
178
176
177
181
186
190
196
201
202
201
201
200
199
203
205
207
207
207
211
213
213
215
215
215
214
215
215
212
208
206
206
209
211
212
210
205
202
196
193
189
189
192
192
194
195
198
198
198
198
199
199
199
198
197
202
205
207
205
201
199
198
195
186
179
166
142
121
109
98
92
74
61
59
42
43
57
83
114
138
150
154
151
151
149
149
150
151
155
159
165
169
172
176
179
179
179
180
183
184
191
196
201
203
202
202
202
200
204
206
207
208
210
213
215
216
219
217
215
215
216
219
217
214
214
213
211
213
213
211
208
205
200
197
193
193
193
192
192
193
194
194
195
197
197
197
196
195
197
201
205
207
203
198
194
192
189
180
175
163
139
120
107
96
92
74
61
57
39
38
54
80
110
133
146
148
144
143
141
142
143
146
148
153
159
163
167
172
178
182
184
185
187
188
194
198
202
204
203
203
202
200
202
204
206
207
210
213
216
216
217
216
215
215
219
223
223
221
220
217
215
213
213
212
210
208
205
202
199
198
197
195
194
194
194
194
197
197
197
196
196
196
200
201
206
206
200
193
188
187
185
175
170
160
138
118
108
97
91
76
62
56
35
37
51
76
107
130
141
143
140
138
136
136
137
140
143
147
152
157
164
169
176
182
187
189
191
191
195
199
203
205
205
205
203
200
202
204
205
205
207
210
212
212
214
214
214
215
220
225
227
224
225
222
219
215
214
213
213
212
210
206
205
204
202
198
197
196
196
197
199
200
200
197
197
198
201
203
205
204
198
188
183
182
182
170
166
159
137
119
109
97
89
77
64
56
35
32
48
74
103
122
133
139
138
135
130
132
133
137
139
141
147
152
160
166
171
182
189
192
191
191
194
201
207
209
208
208
205
204
203
202
203
204
206
206
207
207
211
213
215
217
222
224
225
225
224
222
217
215
214
214
215
216
211
208
207
208
206
205
203
199
199
199
199
199
200
200
200
198
200
201
200
198
194
185
179
179
178
171
163
153
137
121
108
97
90
78
67
55
37
35
48
72
100
120
132
139
139
137
131
133
135
139
140
142
145
150
157
162
170
180
189
192
190
190
195
201
207
209
211
210
207
205
201
201
201
203
203
203
203
203
207
212
217
221
223
224
224
224
224
222
219
217
217
216
216
216
215
212
212
213
213
212
210
205
202
200
200
200
200
198
197
196
196
197
195
193
188
182
178
181
179
174
162
150
134
122
107
94
86
76
68
58
42
41
50
70
95
116
130
138
139
137
134
133
136
139
140
141
145
149
157
162
170
179
188
192
192
192
196
201
205
209
213
213
208
206
201
202
203
203
202
199
199
199
204
212
221
224
223
222
222
222
223
221
219
219
219
219
217
217
213
211
212
215
217
217
215
212
206
204
202
200
198
196
194
192
192
194
192
189
184
181
181
182
181
174
161
144
132
121
106
91
82
73
68
57
48
47
53
69
92
112
127
136
138
137
136
135
135
135
138
141
148
155
164
167
171
177
185
191
194
199
199
202
204
208
212
213
210
206
205
206
207
206
203
199
198
199
204
211
219
222
221
219
219
219
219
219
217
217
217
216
216
217
214
211
212
215
215
215
214
212
208
205
200
198
197
195
191
190
190
191
190
187
185
183
183
184
180
171
158
141
129
117
102
88
78
70
64
52
52
52
55
69
88
107
123
132
136
137
139
137
136
135
138
142
151
159
170
173
174
177
182
190
197
203
201
204
204
205
208
210
207
206
208
211
212
211
207
203
202
203
206
210
214
216
216
216
216
216
216
216
216
215
214
213
214
216
219
216
216
215
212
211
210
208
206
203
198
196
196
193
191
190
189
189
186
185
184
183
181
180
176
165
153
139
125
112
97
86
74
66
60
50
52
53
58
70
86
101
116
129
137
139
140
139
139
139
140
143
151
159
170
175
177
177
179
186
192
199
200
202
202
201
203
205
206
207
212
213
215
215
211
207
207
208
210
210
211
212
215
216
216
215
214
214
214
213
211
210
212
214
216
214
213
212
207
206
206
206
203
200
197
195
196
194
192
191
188
188
183
181
180
180
176
174
172
162
151
137
122
107
92
84
74
66
59
50
50
53
61
71
82
93
107
123
135
138
138
139
142
142
141
142
149
156
167
173
177
174
173
176
181
185
190
194
195
195
197
202
206
210
213
215
216
216
213
210
210
211
211
210
207
210
213
215
213
210
208
207
206
206
205
204
204
205
204
202
200
200
198
198
200
200
199
198
197
197
198
196
195
195
189
188
181
175
174
174
173
172
170
162
152
137
122
107
92
80
74
65
60
52
50
56
61
70
79
86
98
116
129
134
137
139
142
140
139
141
147
154
162
169
171
168
164
165
168
173
179
185
188
190
194
199
206
212
213
215
216
215
212
208
208
210
210
207
205
206
211
212
208
203
200
198
197
197
197
196
195
195
194
190
190
190
189
191
193
193
197
197
198
198
199
198
197
196
190
188
179
170
168
168
169
170
170
164
154
139
123
109
93
79
72
63
59
55
56
57
60
66
75
86
100
115
123
132
139
140
142
143
143
143
147
151
154
156
160
159
157
157
160
163
173
177
178
182
186
193
204
211
213
211
213
210
204
203
204
206
207
210
207
206
207
205
200
198
192
190
189
190
190
190
187
181
175
173
173
176
180
182
185
190
194
198
201
201
199
198
197
195
193
190
181
174
171
167
169
174
175
170
161
149
132
116
100
82
71
63
57
51
58
58
59
63
74
87
101
114
123
133
141
146
150
151
150
148
147
148
149
147
148
152
154
154
156
160
165
170
172
175
179
185
198
204
206
204
206
203
197
197
199
203
206
207
206
204
204
201
197
195
188
186
184
185
184
183
179
173
167
166
167
171
175
179
183
187
193
194
197
196
197
198
198
198
199
196
189
183
180
176
178
182
182
179
171
160
145
130
111
88
72
60
55
54
61
59
55
59
72
88
103
114
122
133
148
154
160
160
157
151
147
143
142
134
134
143
150
150
150
153
157
161
162
167
170
176
187
194
194
193
196
195
191
193
195
197
200
202
198
195
196
196
192
189
184
182
181
181
179
176
171
164
159
158
161
165
170
174
180
184
190
189
190
191
196
200
203
204
206
204
198
192
189
184
183
187
189
187
180
173
161
147
125
100
80
62
55
56
60
54
47
52
68
88
103
113
120
134
152
160
166
165
159
152
145
138
132
126
125
132
141
142
142
145
152
157
159
162
165
170
179
182
182
182
189
191
191
195
195
195
194
191
185
181
185
190
190
189
183
181
179
179
178
174
167
159
158
158
162
167
172
176
182
185
188
189
191
194
197
202
207
208
212
210
207
202
199
195
192
192
192
188
182
180
173
160
140
114
90
69
63
64
53
42
41
45
63
86
101
110
119
135
156
164
171
169
163
152
142
134
129
125
122
125
130
134
140
145
151
155
156
160
163
165
169
169
166
170
179
185
188
191
189
187
181
177
168
164
171
180
185
188
186
183
182
182
181
178
170
161
160
162
165
171
174
179
182
184
189
193
196
199
201
204
208
210
212
213
209
207
204
201
197
196
193
187
182
185
182
170
154
132
104
84
73
72
51
38
37
44
63
86
103
112
121
139
161
167
175
175
168
158
148
141
134
133
130
128
130
138
149
158
161
163
162
165
166
164
163
159
154
159
170
176
179
182
179
176
171
164
155
154
162
171
180
187
194
191
191
192
192
189
182
173
170
172
175
179
180
181
182
183
185
190
196
199
201
205
207
208
208
210
208
206
204
201
194
192
193
187
182
186
186
179
166
149
120
98
83
76
52
40
37
46
66
88
105
115
129
148
167
172
177
177
172
163
157
153
149
149
148
145
144
150
160
169
173
174
171
171
166
159
155
149
146
150
161
165
166
170
168
165
162
156
151
152
159
166
177
188
195
196
200
203
204
202
197
191
191
193
193
192
189
187
185
185
180
183
187
190
193
197
199
198
200
202
202
202
202
200
194
191
190
187
184
185
186
185
176
158
131
108
91
82
54
40
37
47
68
89
106
118
133
154
172
173
176
176
172
166
163
163
166
166
165
160
157
157
163
169
172
173
168
164
156
145
138
132
133
139
149
151
151
154
154
153
148
145
143
146
152
158
169
183
194
197
204
209
209
209
206
201
201
202
200
196
189
184
181
179
179
180
180
181
183
185
187
187
184
188
190
192
196
196
191
189
189
190
186
185
185
190
182
163
140
115
95
84
58
42
32
44
70
93
108
122
138
156
168
167
170
171
167
163
165
169
176
177
174
166
155
147
141
140
146
149
150
145
133
120
113
111
116
127
132
131
129
130
135
132
132
131
135
142
143
142
149
158
170
177
185
189
191
192
191
190
189
189
182
177
175
176
179
182
181
180
179
177
171
164
161
159
163
170
179
187
191
192
192
193
194
190
183
182
185
190
185
169
146
118
95
85
59
42
24
36
64
94
116
131
142
155
155
152
154
157
154
152
153
154
156
153
144
131
118
107
103
101
105
112
118
115
105
98
96
97
103
111
111
108
107
112
119
119
113
115
122
129
131
127
127
133
136
138
140
141
142
144
145
147
148
148
148
147
150
154
160
167
171
170
170
162
155
142
136
130
137
148
163
175
181
183
183
183
185
191
191
184
180
183
182
169
146
126
102
82
67
45
31
38
66
97
121
134
135
139
133
130
131
135
138
139
138
133
132
124
110
96
83
73
66
65
66
73
80
79
77
78
81
85
88
93
93
94
97
103
109
108
99
103
109
116
115
106
100
98
93
89
87
87
86
88
92
97
101
104
107
113
121
130
141
152
160
160
165
155
150
134
126
115
115
129
147
162
172
177
179
181
184
191
193
189
186
185
179
163
157
136
106
74
71
48
40
41
64
97
124
134
128
121
109
105
107
113
122
124
120
112
104
94
81
71
62
53
45
40
38
43
47
47
53
63
72
74
79
85
88
95
104
111
115
113
105
103
101
102
97
86
74
69
62
56
51
50
51
54
59
64
69
70
74
82
94
105
119
133
141
147
153
151
153
147
133
116
109
117
131
146
159
169
178
183
188
187
182
182
187
188
183
169
155
142
119
96
66
48
44
39
61
96
125
133
120
106
89
84
86
95
104
108
101
90
81
71
61
55
52
46
37
31
29
31
31
32
39
50
58
59
69
80
91
103
113
117
125
126
120
108
95
83
74
64
54
48
41
36
34
34
34
35
38
44
44
42
42
50
62
71
83
98
109
120
128
135
143
152
140
122
114
111
115
126
139
152
168
181
189
193
186
180
180
180
172
159
139
122
103
89
64
50
50
41
59
95
124
133
117
97
81
75
76
85
90
90
80
69
61
52
44
43
44
43
37
34
31
35
35
33
33
36
40
43
49
69
90
106
114
117
125
128
126
108
84
64
53
48
41
35
31
27
25
25
24
24
24
27
25
22
20
25
31
37
45
56
73
85
93
109
120
139
136
130
127
120
116
119
128
140
158
173
187
193
180
164
160
161
154
140
117
94
72
61
90
71
62
49
62
94
120
130
115
95
75
69
69
73
74
68
56
46
35
29
26
28
30
29
29
30
31
35
37
34
29
26
25
26
33
52
71
91
100
104
112
115
116
101
76
55
45
39
33
26
24
23
20
19
16
16
14
14
15
15
12
13
15
15
19
28
42
51
59
75
85
105
119
130
140
135
128
124
124
132
146
155
155
154
136
120
119
127
135
134
133
121
104
81
132
104
84
64
70
94
115
121
107
87
67
61
60
62
58
47
35
26
20
17
16
17
18
18
19
23
28
29
31
30
28
25
22
22
28
36
46
63
77
88
99
104
102
91
73
55
44
38
30
22
19
18
17
12
10
9
9
9
13
14
12
12
11
9
9
15
23
26
34
46
54
68
95
119
141
141
135
125
119
123
130
134
136
133
122
119
122
126
138
150
151
143
122
91
155
128
100
82
77
95
113
114
97
78
59
52
48
49
44
32
20
15
11
11
11
10
10
12
13
11
16
17
19
21
23
24
26
26
29
25
26
43
62
81
89
97
99
90
81
67
49
37
29
22
17
13
12
9
7
7
9
11
13
12
13
14
13
9
8
8
14
14
19
23
31
43
68
100
126
128
126
120
117
114
116
115
122
131
138
146
154
159
164
172
176
169
140
103
152
131
103
93
90
102
113
109
87
66
50
44
38
35
30
19
12
11
12
12
11
9
8
9
9
8
9
9
10
13
19
24
27
30
28
27
28
46
65
85
97
107
111
106
98
83
57
40
29
20
16
17
15
14
12
11
12
15
11
10
10
8
8
7
8
11
10
10
12
13
18
26
43
68
91
105
110
108
105
104
109
112
121
138
156
170
180
179
176
176
179
175
149
114
142
130
109
105
103
108
110
100
77
57
46
40
34
28
21
12
10
12
13
12
9
6
6
10
12
14
12
9
7
8
12
18
22
23
26
28
33
55
76
99
113
125
132
125
113
90
60
40
29
20
19
18
15
13
12
12
14
15
15
14
12
10
8
8
12
14
15
17
19
19
22
21
23
35
55
82
104
115
115
116
122
123
135
154
172
183
191
189
182
180
184
185
163
133
126
116
99
95
92
95
95
84
66
53
43
37
32
26
19
11
10
13
16
13
7
4
5
9
14
18
18
15
11
11
12
15
16
17
27
30
40
67
93
118
132
143
150
141
124
96
62
40
30
21
20
18
15
14
14
15
15
11
17
18
18
17
17
19
21
23
26
29
32
32
32
28
21
26
44
75
104
127
135
141
143
143
154
169
179
182
186
185
182
181
189
191
175
154
107
95
75
66
66
73
74
66
56
50
43
38
31
27
21
16
16
19
21
16
11
7
6
10
13
17
18
17
18
18
19
21
21
22
29
33
44
76
109
136
149
158
164
157
140
107
66
38
26
19
20
20
19
21
24
27
22
14
16
18
21
22
24
28
32
36
37
38
41
40
42
42
37
41
49
72
93
121
137
148
152
157
162
173
181
183
188
188
184
183
185
188
178
168
94
80
65
54
57
71
72
63
55
52
46
40
33
30
28
27
27
30
28
23
20
18
17
17
18
19
20
21
24
25
25
24
23
24
24
30
43
81
122
154
169
177
179
175
160
121
69
32
21
19
25
25
21
21
25
31
30
23
18
20
21
20
23
29
36
40
41
43
48
49
54
54
51
54
55
72
89
118
134
149
156
163
165
174
181
186
191
192
187
185
180
182
178
178
84
74
67
56
67
88
86
74
61
52
45
41
36
35
36
36
38
39
36
31
28
28
28
27
26
25
26
26
29
29
27
25
23
22
19
27
48
92
137
173
189
198
200
193
178
138
82
40
23
22
29
29
25
18
18
25
29
26
24
24
21
21
22
27
32
36
39
42
48
54
61
61
55
56
61
86
107
135
144
156
160
168
172
178
181
186
193
191
187
184
180
181
179
181
76
72
65
57
75
100
98
82
66
49
46
43
41
42
45
46
47
48
43
37
31
30
30
29
27
26
27
29
29
30
30
28
27
25
17
30
55
102
149
184
200
209
214
207
194
159
103
56
33
25
30
34
32
22
17
20
22
20
27
26
24
22
22
26
29
32
39
41
46
53
64
65
61
63
68
101
128
153
154
160
162
170
177
180
182
188
195
191
183
182
182
182
179
181
73
71
67
65
80
112
112
90
61
51
48
49
49
49
51
54
51
47
42
36
31
32
32
28
26
26
26
28
31
34
31
30
29
25
20
35
64
113
157
191
207
217
219
214
202
175
128
80
51
32
34
36
36
28
19
17
19
18
26
27
26
24
22
25
28
29
33
38
45
55
62
69
65
71
83
119
147
165
169
162
166
173
181
183
187
190
189
188
185
180
176
179
180
179
73
71
67
69
87
117
118
98
67
53
51
52
54
57
57
56
51
46
37
33
31
32
32
28
26
26
27
29
32
33
32
32
33
33
32
51
80
123
162
192
206
216
220
216
207
185
145
102
69
46
38
40
40
36
29
24
21
18
23
25
25
24
23
26
30
32
34
42
49
56
60
68
71
83
104
138
163
177
179
172
174
180
183
184
188
190
188
186
181
176
174
176
176
176
76
75
69
75
95
122
128
110
78
59
52
55
61
64
63
59
51
46
35
35
35
36
35
32
29
29
30
33
37
38
38
40
42
44
49
70
98
136
166
192
205
213
217
213
204
190
159
123
91
63
49
48
48
48
43
36
30
24
26
26
29
29
30
34
40
42
43
51
59
65
66
74
84
105
129
155
177
186
186
180
181
183
186
186
190
192
189
185
179
173
173
173
173
171
76
79
72
81
100
123
135
125
95
73
59
60
61
63
63
57
48
42
37
39
40
40
38
34
32
31
31
37
39
40
41
43
47
52
62
84
113
144
170
195
205
212
214
209
198
184
162
137
110
82
65
57
53
53
50
45
38
33
33
34
35
37
41
45
49
51
54
61
67
72
74
85
100
125
153
173
185
190
191
190
189
189
189
188
190
191
190
185
179
174
172
172
170
169
71
79
79
88
103
122
142
139
114
90
73
68
62
60
58
54
47
41
39
41
42
41
37
33
31
31
36
41
41
40
42
46
54
62
73
95
121
149
173
195
206
214
215
208
195
180
163
145
128
106
86
71
61
58
56
50
45
40
42
41
40
42
46
49
52
54
57
63
68
75
84
103
122
148
175
183
189
190
193
196
195
194
191
188
190
191
189
184
178
173
170
170
169
167
68
85
85
93
104
120
144
147
130
110
89
78
64
57
56
52
47
42
38
38
39
40
36
33
32
34
39
43
42
40
45
51
62
73
84
104
126
152
171
192
205
214
214
206
192
180
166
155
142
126
107
91
77
69
63
56
52
48
45
42
39
39
42
44
47
47
53
59
66
80
97
124
147
169
186
187
189
189
191
196
196
195
192
188
188
190
186
183
177
174
170
170
169
167
63
89
90
96
103
114
141
148
140
129
109
94
75
62
57
54
48
45
41
39
39
40
37
34
35
38
44
49
48
46
53
60
70
82
99
116
135
154
171
190
204
215
215
206
193
184
174
164
154
138
120
109
98
91
79
70
63
60
53
49
46
45
46
48
50
51
60
70
81
97
118
144
160
179
192
187
189
188
189
194
194
195
190
185
185
186
183
181
176
173
171
170
168
165
55
83
96
98
103
111
137
147
146
142
135
117
94
78
68
60
53
49
44
41
39
40
39
36
37
42
53
60
60
60
68
74
81
92
111
127
142
160
172
189
204
218
221
210
197
191
182
174
163
148
132
126
121
114
102
89
83
79
72
70
66
66
66
67
70
74
86
98
112
127
145
164
172
183
188
182
185
184
184
188
187
189
185
180
179
182
180
177
174
171
170
170
167
162
40
71
95
100
98
105
131
145
140
143
144
137
122
103
88
73
63
57
52
48
46
48
49
48
49
53
66
76
85
86
85
84
90
98
118
136
156
169
180
193
207
218
222
213
204
198
191
186
174
160
146
141
138
132
120
106
103
107
105
103
104
108
110
107
105
108
115
121
132
143
156
166
173
175
179
183
184
182
180
181
181
180
179
176
174
174
173
171
168
167
168
166
165
162
30
53
85
96
96
99
121
136
138
137
139
139
131
118
106
92
80
74
72
69
68
70
71
71
72
76
85
92
98
100
99
97
99
105
125
144
165
180
190
201
211
220
224
217
208
201
197
194
186
172
158
154
149
144
131
121
117
121
124
130
138
144
146
142
138
134
134
138
144
151
157
159
163
164
171
174
176
175
173
172
172
171
171
170
170
169
166
164
163
163
166
165
162
159
18
33
68
90
96
99
111
127
136
132
128
131
128
120
111
101
92
90
90
90
91
93
96
98
100
101
100
100
100
102
104
104
103
108
130
150
173
189
202
211
219
224
226
221
211
199
192
190
185
177
166
162
157
153
145
134
130
131
127
133
144
150
153
151
147
144
147
150
154
157
158
157
157
158
161
164
167
168
166
164
163
163
164
165
166
165
161
159
158
159
161
161
159
155
15
21
51
83
99
104
108
121
135
129
121
125
124
119
111
104
100
101
103
104
107
109
113
117
119
118
110
106
101
102
107
108
110
115
133
154
177
195
209
218
224
229
228
224
216
200
189
185
182
178
171
165
158
155
153
147
140
137
134
139
146
152
155
156
155
155
155
157
159
161
159
158
156
156
156
156
159
161
160
157
158
160
160
162
162
161
159
157
156
158
158
159
157
153
19
20
41
76
99
107
106
117
131
124
118
125
127
123
116
108
104
103
105
107
110
113
117
120
122
122
116
111
107
109
113
112
113
118
136
156
180
198
211
219
224
226
225
223
214
202
193
188
182
178
173
164
156
151
154
155
151
148
143
145
148
155
159
159
159
160
164
166
167
165
162
159
155
151
152
151
151
153
152
150
152
156
156
156
156
157
154
153
152
153
155
158
157
153
22
21
36
65
91
103
109
115
125
121
115
122
125
123
117
109
104
104
104
105
108
111
115
116
117
117
119
116
114
116
116
110
110
115
137
157
180
198
210
216
219
220
221
217
210
203
199
191
182
175
170
161
148
142
146
155
160
160
156
153
155
161
162
161
163
167
170
172
172
168
167
165
160
153
151
149
147
147
145
143
145
150
150
150
151
152
152
151
150
150
155
158
158
155
22
21
27
46
72
95
111
117
117
115
113
119
121
119
115
111
109
110
111
111
114
119
121
120
119
119
126
123
121
118
114
110
115
123
142
160
179
195
205
209
210
210
214
214
210
209
205
193
182
176
172
164
149
136
133
144
155
162
161
160
160
162
162
163
167
171
172
175
172
169
171
173
166
156
149
147
143
142
141
140
142
143
145
145
148
150
151
151
150
151
154
157
159
159
22
21
16
27
53
85
110
118
111
108
109
114
118
118
116
111
109
110
115
115
118
125
127
125
123
124
129
127
121
113
108
109
119
132
151
166
183
192
199
201
203
203
205
208
211
210
205
192
181
181
180
174
158
138
126
133
145
154
162
164
167
167
167
167
170
171
177
178
175
170
172
174
166
152
147
144
141
141
140
140
140
141
141
142
145
148
149
149
150
151
156
157
159
160
20
21
14
7
27
73
111
122
112
109
107
111
111
115
109
111
110
115
116
119
122
129
130
126
128
129
133
128
114
101
101
110
126
143
157
163
176
186
190
191
190
193
197
202
206
207
200
191
185
185
187
192
176
148
130
125
131
142
155
164
168
167
168
170
171
176
179
178
176
174
171
169
163
151
144
141
139
136
136
135
136
137
139
140
142
147
149
149
149
150
154
158
160
161
22
22
13
6
19
59
105
124
116
111
108
110
108
110
106
107
110
115
121
122
124
129
130
127
129
129
125
119
105
95
97
109
127
145
144
150
164
170
175
177
176
177
182
187
191
192
187
180
176
176
183
191
182
157
134
120
121
132
147
157
161
162
166
169
173
178
180
179
177
174
171
169
162
149
143
141
137
135
134
134
134
134
135
137
142
147
149
148
147
147
152
157
159
159
21
21
21
14
20
50
98
122
120
114
111
110
106
107
103
106
111
118
125
127
126
129
130
128
128
125
119
110
97
91
93
104
121
135
130
135
147
153
158
161
161
162
163
166
169
171
167
163
162
162
170
179
176
161
138
118
115
126
136
144
151
155
161
167
171
177
179
179
177
174
171
171
163
151
145
142
140
137
135
133
132
131
133
136
142
147
149
147
146
146
148
153
156
154
16
18
25
20
22
45
91
117
114
113
110
109
105
105
104
106
114
122
130
132
131
132
134
132
128
122
113
104
93
90
94
99
105
112
112
118
129
134
139
145
144
145
146
147
150
152
149
145
142
141
145
154
157
150
134
119
115
122
128
133
140
149
157
165
170
175
177
177
175
172
172
173
168
158
151
148
143
140
137
134
132
132
133
136
141
145
147
146
145
143
145
149
150
151
16
18
22
18
23
46
96
118
116
113
105
103
103
102
102
104
113
122
131
133
131
131
130
127
125
118
108
99
91
91
93
93
89
84
86
93
106
114
120
124
121
120
124
126
129
127
121
112
103
100
108
121
132
131
123
117
118
124
125
126
130
142
153
163
170
172
174
175
175
175
176
176
172
162
157
152
148
142
137
134
133
132
134
136
141
143
143
143
142
142
141
143
144
146
16
21
23
15
23
49
101
124
121
110
100
98
100
100
102
103
112
119
126
127
125
125
123
121
117
112
105
96
91
91
92
87
76
62
58
65
82
94
102
105
101
101
99
104
106
102
90
76
63
55
67
85
107
115
116
120
127
133
128
122
124
135
147
160
168
170
170
171
176
180
180
179
173
165
161
157
151
145
140
135
134
134
137
139
140
140
141
142
142
141
140
140
141
145
17
22
24
12
20
42
94
121
121
108
99
96
98
98
104
105
112
116
125
126
124
123
121
116
112
107
102
97
95
95
95
89
73
55
43
47
61
74
84
85
83
86
84
88
90
85
72
58
46
40
47
65
89
107
118
131
141
145
134
125
123
130
141
151
162
167
168
169
176
183
183
179
173
168
165
162
158
153
147
140
138
137
140
140
140
139
140
142
142
141
140
140
141
145
18
23
25
14
19
36
84
115
123
111
99
93
95
97
106
106
111
114
119
122
122
122
118
110
104
99
97
96
97
101
100
94
77
57
41
40
50
59
66
69
69
74
73
76
78
71
61
51
45
41
48
59
81
105
125
141
150
150
142
129
124
128
133
144
158
163
167
167
174
182
183
179
175
173
168
167
165
160
153
146
142
141
140
140
139
137
139
141
142
140
140
141
142
145
24
23
21
16
17
25
69
100
117
107
96
94
95
100
106
108
111
111
116
116
116
117
111
103
101
95
94
98
99
106
110
101
83
61
40
36
37
46
51
54
57
59
59
63
66
63
57
54
56
56
58
66
86
110
136
151
157
158
149
138
128
125
130
138
150
159
161
168
174
178
181
182
177
173
170
170
170
167
162
157
150
145
142
139
136
136
139
141
143
144
141
142
143
148
24
22
20
14
11
17
51
80
100
100
97
97
95
96
103
109
113
109
112
114
114
115
110
103
101
95
98
103
105
113
116
108
92
73
52
44
41
45
46
47
50
52
57
60
65
64
62
65
70
75
81
87
100
122
144
159
161
159
153
144
135
131
131
136
145
153
159
166
172
176
180
181
178
174
171
173
173
170
166
160
153
148
141
138
135
135
139
141
143
144
144
143
143
148
24
20
21
18
11
14
33
59
81
94
102
103
94
92
100
110
115
109
111
112
111
111
108
103
101
99
103
109
113
119
122
115
102
89
72
60
51
46
42
41
43
45
50
54
60
63
68
76
87
93
104
110
123
138
153
163
165
159
158
151
145
140
136
137
143
150
155
162
169
175
180
181
178
175
173
174
175
173
169
162
154
149
141
137
134
134
137
141
143
144
145
144
143
148
23
19
18
16
11
11
17
38
57
82
102
108
95
90
95
110
116
108
112
114
111
109
107
101
102
102
109
113
115
121
123
118
111
100
90
77
64
52
43
40
41
42
47
51
58
65
74
83
93
100
114
126
139
150
157
164
166
164
163
158
154
149
143
140
142
147
152
159
167
174
177
179
177
175
173
174
174
173
168
162
153
148
140
136
133
133
136
140
143
144
144
144
144
148
23
19
16
16
12
12
8
21
37
67
98
109
93
88
93
109
114
110
112
114
108
106
105
101
103
106
112
114
114
118
121
119
116
109
103
91
75
63
53
48
47
44
48
55
61
71
82
90
97
104
118
132
147
153
157
162
165
167
162
159
156
151
146
142
141
142
146
154
163
169
174
175
175
173
173
173
171
170
167
161
154
148
140
136
133
133
135
139
143
145
144
144
144
146
23
19
19
18
15
12
7
11
22
54
86
105
92
89
93
109
114
110
111
114
107
104
103
100
102
108
112
114
112
114
117
117
116
111
108
98
86
75
66
60
57
51
53
61
69
82
95
101
106
112
125
133
142
149
154
159
162
162
156
155
153
151
146
143
140
140
141
148
157
164
166
168
169
171
171
170
168
166
164
160
153
148
139
135
133
133
135
139
142
145
145
145
144
144
21
21
19
15
15
11
8
7
11
39
72
102
93
90
91
109
114
108
110
114
107
103
102
97
98
105
108
110
108
111
112
110
110
108
105
99
91
85
78
74
68
61
60
68
76
89
103
109
111
118
127
130
139
144
150
152
153
152
149
148
149
147
143
141
138
138
139
144
149
155
157
160
163
165
165
165
162
160
159
157
151
145
137
135
134
134
135
138
142
147
145
144
144
143
21
22
19
15
17
15
14
10
8
32
63
101
95
87
89
108
113
103
109
114
106
102
99
94
95
100
105
107
106
107
108
104
103
102
99
94
92
88
85
82
76
67
66
73
77
90
104
110
112
119
126
130
137
145
148
147
145
144
142
145
145
144
141
139
138
138
137
141
145
148
149
151
156
159
159
159
157
154
155
152
147
141
137
136
135
134
135
138
143
148
144
143
143
142
22
22
19
16
16
15
13
11
11
20
53
98
95
88
91
101
108
103
108
110
105
100
93
87
92
95
100
101
101
101
102
100
94
90
88
88
89
92
93
88
79
72
72
76
83
93
101
105
111
116
120
128
133
139
141
141
140
137
138
132
132
135
134
132
132
133
132
134
139
143
144
145
149
155
154
153
151
149
147
145
141
140
135
135
134
133
133
137
143
146
145
145
143
141
22
21
18
16
15
15
15
14
12
19
50
96
98
90
90
96
103
103
103
104
99
95
91
86
90
90
93
93
95
97
97
95
92
91
91
92
94
96
97
94
87
82
77
80
86
94
102
108
114
118
122
127
128
131
133
133
134
131
124
120
119
121
123
126
126
124
121
125
133
140
143
144
148
151
151
151
149
147
143
141
139
136
134
133
132
130
130
133
138
142
146
146
143
141
22
21
18
16
15
14
15
14
12
16
44
87
97
93
91
94
101
104
101
97
93
92
88
86
89
85
86
84
84
87
87
86
88
91
97
101
104
107
108
108
105
102
102
104
107
114
119
122
124
125
126
126
122
120
119
119
120
118
113
110
108
109
114
120
121
116
114
118
125
133
138
140
142
145
148
148
147
145
142
141
139
138
135
135
133
131
129
131
134
138
142
143
141
139
22
20
18
17
15
13
14
14
10
13
37
71
88
92
94
94
99
103
99
94
91
89
85
85
85
82
78
73
72
74
80
86
95
104
110
112
114
116
119
124
125
124
126
122
123
130
139
142
140
137
133
132
125
120
117
112
110
105
103
99
97
98
103
111
115
112
111
114
119
126
130
133
136
141
143
144
145
143
142
142
140
140
140
140
138
135
132
132
132
134
135
136
136
136
22
20
18
17
16
12
11
11
9
12
27
54
81
91
94
93
94
101
95
89
89
88
82
82
80
75
71
65
62
67
76
87
98
108
120
119
118
118
124
132
136
137
138
135
133
138
144
147
147
146
144
144
139
134
127
119
112
104
93
87
84
85
90
96
103
105
104
106
112
120
125
128
131
134
136
138
141
140
140
140
141
141
142
142
141
137
133
132
130
129
129
131
131
134
22
21
18
17
15
12
11
9
9
15
19
42
77
94
96
90
90
98
93
86
88
85
78
78
74
69
61
58
57
64
75
86
96
103
108
102
98
99
106
114
119
121
121
120
118
118
118
120
124
130
137
139
137
135
129
121
111
103
92
83
78
79
80
82
89
95
96
102
111
118
122
123
123
124
131
133
135
137
137
138
139
139
140
141
138
136
134
130
127
125
125
126
129
133
22
21
19
16
15
13
12
10
9
17
16
34
74
95
101
93
89
95
90
82
85
83
75
74
67
60
52
52
54
60
70
80
87
91
86
79
74
75
83
88
92
95
90
90
88
88
88
90
98
106
115
120
123
124
121
115
110
104
90
81
75
75
73
74
81
85
91
97
106
113
117
116
117
120
126
129
130
131
132
135
136
136
135
135
134
133
132
129
126
123
123
126
129
133
22
21
20
16
15
14
14
11
11
17
16
27
68
95
105
97
91
93
89
79
83
81
74
71
65
56
50
49
49
51
54
60
62
62
61
52
48
51
57
61
63
67
68
65
63
64
66
69
72
76
76
84
87
92
93
92
91
87
80
72
67
67
66
69
76
80
86
91
98
106
110
112
116
121
121
123
125
128
129
131
134
134
131
131
129
130
130
128
126
122
122
126
128
132
22
21
17
15
12
17
11
14
14
7
9
14
53
85
107
103
95
93
85
83
77
82
80
68
60
51
43
42
42
42
40
37
37
40
40
40
34
32
38
43
44
47
46
45
46
49
52
52
53
55
54
57
58
59
61
65
66
65
60
56
58
59
61
62
65
73
81
87
92
101
111
115
117
121
122
121
121
124
126
129
131
133
130
127
126
126
127
123
121
121
119
119
123
128
22
20
17
15
12
17
14
17
16
11
12
14
42
67
97
100
99
92
90
84
78
82
81
70
60
50
42
41
40
37
33
28
25
24
28
25
21
20
25
30
32
35
36
35
35
36
37
38
40
43
40
38
37
36
35
38
41
44
38
36
42
46
49
53
56
64
73
80
89
99
109
114
116
120
120
120
120
122
124
126
130
132
130
127
126
126
126
122
118
118
117
118
121
123
21
19
16
16
13
18
18
20
20
27
27
24
34
53
89
98
103
93
92
86
80
82
82
71
60
52
45
46
47
44
41
36
31
27
29
21
15
15
16
19
24
26
27
28
28
28
29
31
33
33
34
30
28
29
31
33
40
46
46
46
50
52
52
51
53
58
65
75
86
98
107
112
113
116
116
116
117
118
120
123
126
130
129
127
125
125
122
118
115
114
113
118
124
124
21
19
16
17
13
18
20
20
27
52
53
46
35
51
80
95
102
93
93
87
82
82
81
72
62
56
50
54
56
56
58
58
53
47
39
26
19
17
16
20
25
26
27
30
30
29
29
32
31
30
29
27
28
32
40
50
61
69
72
70
70
64
58
50
46
48
58
69
82
94
104
107
108
111
110
111
112
113
116
119
122
125
128
126
124
122
117
114
112
112
112
118
123
126
21
20
17
17
16
19
19
18
32
75
87
84
53
52
62
89
99
94
95
89
85
81
78
71
64
61
60
65
68
71
75
79
76
69
57
44
35
31
27
28
32
33
36
36
34
32
32
36
39
39
39
41
45
54
70
85
97
103
102
100
97
87
74
63
51
48
53
63
76
87
97
103
105
106
106
106
107
111
114
116
121
123
128
127
123
119
114
112
111
112
115
118
124
129
22
20
19
18
17
19
18
17
33
81
114
119
77
57
47
79
93
95
96
91
87
82
77
72
68
68
71
76
80
84
88
94
94
90
83
73
62
54
46
43
41
40
40
38
35
33
37
43
50
54
55
63
73
87
103
114
118
117
114
112
112
102
88
74
58
50
52
60
70
80
93
101
105
106
104
105
105
108
113
118
122
124
129
128
124
119
114
112
113
115
121
126
132
133
22
21
20
19
18
18
18
18
28
71
105
116
80
52
33
65
84
97
95
90
88
81
75
73
70
72
78
83
88
91
93
96
99
100
99
94
86
78
73
66
60
58
54
50
48
48
53
59
68
75
80
88
99
113
124
128
124
119
120
119
118
109
98
85
70
61
57
62
67
75
88
100
105
108
105
103
103
106
113
120
123
126
129
129
125
119
114
115
118
121
126
129
136
136
22
21
19
20
19
19
18
19
25
58
72
85
61
41
25
50
71
96
92
88
87
80
75
75
72
75
83
90
93
95
93
94
98
100
101
103
101
98
98
94
89
88
82
77
74
75
79
84
92
99
99
102
106
116
122
123
122
121
121
119
117
109
100
92
78
68
61
64
65
71
85
97
104
107
105
101
101
105
113
120
124
127
127
128
125
119
115
115
120
123
129
126
128
134
23
23
20
23
19
18
21
17
21
37
43
44
43
35
14
33
62
89
91
81
86
82
75
74
74
81
86
95
102
101
97
93
93
90
96
98
104
110
111
114
114
110
103
99
94
96
102
105
108
111
110
114
116
118
118
120
120
122
123
121
116
112
108
101
90
80
70
65
68
73
83
94
100
106
104
101
101
104
111
119
126
128
131
129
123
117
117
119
123
127
128
124
129
135
24
23
21
22
19
19
20
16
17
26
21
26
26
21
6
24
52
82
88
84
84
80
75
73
75
81
90
99
106
105
100
96
91
87
88
89
96
103
110
115
120
119
116
112
107
108
112
113
113
115
117
118
116
115
115
116
119
124
125
121
118
115
113
108
99
91
78
71
69
73
82
93
98
103
104
100
100
103
110
119
126
128
131
131
126
120
120
123
126
129
127
128
134
142
24
23
23
21
21
20
20
18
15
14
9
15
15
13
4
18
40
71
84
87
82
79
77
74
77
82
92
101
109
109
105
98
91
83
78
79
84
90
97
105
113
115
117
113
108
108
110
108
105
108
109
110
106
104
105
109
114
121
124
120
116
116
117
116
108
100
87
77
72
74
81
91
96
100
102
98
97
99
108
118
124
128
130
130
125
120
122
125
126
128
125
130
140
153
24
23
24
21
22
22
21
21
16
9
13
15
13
12
8
17
31
59
78
90
82
78
78
74
81
84
92
101
109
113
110
104
94
85
76
73
72
74
78
86
95
98
100
98
94
94
95
92
89
90
90
93
93
93
94
99
107
115
121
118
116
117
120
122
115
107
93
83
76
75
82
91
96
99
99
96
93
97
106
116
123
126
126
127
123
119
121
122
123
124
124
134
149
167
24
24
24
22
24
24
20
22
19
11
17
16
10
9
12
18
25
46
69
88
81
77
79
76
82
85
93
101
110
115
116
111
101
92
80
72
66
61
60
65
71
76
78
75
73
74
75
73
69
71
73
77
81
83
86
93
102
111
117
118
118
121
125
126
119
112
100
90
83
80
84
92
96
99
97
93
91
96
105
115
121
123
123
122
120
116
117
118
120
121
125
140
162
184
25
25
26
24
25
23
19
20
20
14
21
18
12
11
16
20
23
37
58
79
78
78
80
78
85
86
94
101
109
114
118
116
107
97
84
74
63
55
48
47
50
53
54
53
51
53
54
53
51
54
58
65
70
75
83
91
100
111
115
118
122
126
129
128
122
117
107
98
91
85
88
94
96
98
95
92
90
96
104
114
119
120
117
117
114
113
113
114
117
123
130
150
174
198
26
25
26
26
25
23
21
21
21
17
23
18
16
14
18
17
19
28
43
66
75
78
82
81
87
89
94
101
108
113
118
119
111
103
89
79
69
59
48
42
41
40
39
39
37
40
42
42
43
46
52
61
70
77
87
95
103
110
116
123
130
134
135
132
125
120
116
106
97
90
92
98
96
96
93
90
89
93
103
111
115
114
111
111
110
112
112
113
118
128
143
165
186
206
26
25
26
26
25
23
22
22
21
19
17
16
16
14
15
15
14
22
32
54
70
77
83
85
89
91
95
101
109
114
119
121
114
106
95
85
77
69
58
49
47
44
40
40
39
42
45
46
49
53
57
67
77
87
96
99
105
109
120
130
139
143
141
137
130
124
123
111
101
94
96
102
100
99
91
89
87
92
101
109
111
111
110
108
109
112
113
115
122
135
157
180
198
211
27
28
26
26
26
24
22
22
22
22
15
13
17
18
11
13
20
16
25
44
62
73
80
85
92
92
97
100
106
113
119
124
120
115
103
97
91
85
78
69
62
58
55
56
57
61
61
62
65
70
76
82
93
102
109
112
113
114
124
137
148
151
147
139
131
129
123
115
106
100
100
101
99
93
88
84
83
90
101
108
108
106
106
109
112
112
112
117
132
149
173
194
210
214
27
27
27
27
26
25
23
23
22
22
19
15
17
16
11
13
19
17
23
34
47
60
70
78
86
89
95
101
107
111
117
125
125
123
115
112
108
104
100
93
87
84
81
80
82
84
86
89
94
97
102
107
116
124
128
129
129
127
134
143
150
152
149
141
134
130
125
118
109
103
102
101
95
90
82
81
82
89
97
102
104
103
107
108
106
107
112
125
147
167
186
202
214
219
28
28
27
27
26
25
25
24
23
22
21
18
16
15
11
11
15
19
24
28
36
51
64
72
80
82
86
94
102
107
115
125
129
129
126
124
120
117
113
108
104
103
101
102
103
105
107
110
116
121
126
131
139
146
150
149
146
144
146
151
154
154
150
144
137
131
125
119
112
107
105
100
91
84
78
78
82
89
94
98
100
102
105
105
104
106
117
137
164
188
198
208
217
222
29
29
28
27
26
26
26
25
23
22
21
21
16
14
14
11
13
20
25
29
35
47
62
70
75
74
74
82
92
101
112
120
127
130
131
129
126
123
121
119
117
117
119
118
118
118
119
123
129
134
138
144
150
158
163
163
161
158
155
155
156
153
149
143
137
130
123
118
112
107
103
96
88
79
76
79
82
87
91
95
100
102
102
103
106
115
132
154
178
196
203
210
217
223
29
29
28
27
26
26
26
25
23
22
20
21
16
14
15
12
12
20
23
30
35
46
59
69
73
68
69
73
83
96
107
114
122
129
135
134
132
128
127
128
129
130
131
131
129
128
128
131
136
139
141
144
150
157
163
166
166
163
157
154
154
152
143
137
133
128
121
116
108
101
96
90
83
79
78
80
83
87
89
91
95
98
98
104
113
129
150
171
190
202
211
213
217
222
28
28
28
27
25
25
25
25
24
21
19
21
17
14
14
13
13
20
22
29
34
44
56
69
77
74
70
69
76
90
99
106
117
129
136
136
134
132
131
133
135
137
137
138
136
134
133
135
138
139
139
142
146
153
160
162
163
161
155
151
150
146
136
130
126
121
116
110
101
95
89
84
82
80
81
84
87
89
90
90
92
94
98
110
126
145
167
185
197
207
215
217
218
222
28
28
27
26
25
24
24
24
23
22
19
20
19
15
14
14
15
18
23
29
33
44
58
71
82
84
78
76
78
85
91
97
109
122
133
134
132
131
130
131
132
133
134
136
136
134
133
135
136
137
137
138
143
149
156
161
161
160
150
144
141
137
126
120
118
111
108
101
93
87
81
79
80
80
85
87
89
90
89
90
95
98
111
126
144
163
180
191
200
208
213
218
221
224
28
28
27
26
25
24
24
24
23
22
19
21
22
16
13
13
16
18
24
28
32
45
60
71
85
90
91
89
86
86
86
89
99
111
121
123
125
123
124
124
125
125
126
128
129
128
126
127
129
129
128
129
134
142
149
155
156
156
145
137
134
129
117
112
109
104
102
96
88
81
77
75
78
82
86
87
90
89
88
90
98
105
125
142
161
178
188
195
200
205
210
218
224
229
28
26
27
27
25
24
24
24
23
22
21
22
20
16
13
13
16
22
24
27
35
47
62
72
83
95
99
106
105
98
92
85
86
93
104
107
111
112
111
109
110
109
111
115
118
117
116
116
118
119
119
119
120
127
136
143
143
142
131
129
124
117
109
104
99
97
94
91
84
79
76
75
76
81
83
85
85
86
88
92
105
118
142
160
177
188
194
199
203
206
213
220
227
228
28
28
27
26
26
25
25
25
23
21
18
21
19
16
15
13
16
21
22
27
34
47
63
75
84
92
104
116
123
116
105
89
79
78
85
89
95
98
97
95
94
93
96
101
106
108
109
109
111
111
108
107
107
112
119
123
124
124
116
115
110
105
98
93
90
88
87
84
79
75
75
76
77
80
79
79
80
84
92
104
121
137
157
172
186
193
199
203
207
210
218
222
224
224
30
30
27
26
25
26
26
25
22
18
17
18
19
16
15
12
13
18
21
24
32
46
64
79
87
94
104
124
139
137
121
97
75
65
72
76
81
84
85
83
80
79
78
84
92
99
103
106
107
107
102
98
96
98
101
102
102
102
98
97
96
92
86
82
80
80
77
76
72
71
74
77
76
76
77
79
84
91
104
118
138
155
171
182
191
196
201
206
210
214
220
223
223
222
28
28
27
26
25
25
26
25
21
17
17
18
16
13
12
11
11
15
20
23
29
43
64
82
93
100
107
126
148
153
137
108
79
63
64
65
67
70
70
67
67
67
65
67
73
81
90
93
95
96
92
87
83
84
85
84
84
87
84
85
86
84
80
77
74
74
75
74
72
72
77
80
78
74
77
85
95
108
122
137
153
167
179
187
193
197
201
207
212
217
218
220
222
222
27
27
26
25
25
25
26
25
21
17
15
16
14
11
11
11
12
15
20
21
25
38
63
84
98
106
112
129
152
164
151
119
86
65
60
59
58
60
60
57
55
56
57
56
57
61
69
74
77
77
74
70
67
70
71
71
71
73
75
77
80
81
76
73
71
72
73
74
71
72
76
81
78
77
83
95
110
127
143
155
168
178
183
189
194
197
203
207
212
217
216
219
224
223
26
26
24
24
24
24
24
23
21
18
16
14
11
10
11
12
14
17
20
19
23
38
64
86
103
112
118
130
154
168
161
135
100
73
61
58
57
58
57
53
50
48
53
50
47
48
52
60
64
63
65
62
61
62
64
64
63
63
67
69
72
73
71
69
66
65
66
69
70
71
75
80
82
84
98
110
127
143
156
167
176
183
189
193
197
199
205
208
211
215
216
220
223
222
25
25
23
23
24
24
23
23
22
20
18
18
13
11
13
13
14
17
19
20
27
45
71
93
109
120
125
136
156
171
169
151
118
89
65
61
57
57
55
50
46
45
48
49
47
43
46
53
57
57
61
59
58
59
61
60
56
54
57
59
62
64
64
61
59
59
60
65
68
71
78
84
92
103
118
130
144
155
166
172
179
186
192
196
199
203
206
209
210
214
216
218
220
221
25
25
24
25
26
25
25
25
24
23
23
21
16
13
14
12
13
15
19
21
30
53
79
100
114
125
133
144
161
172
172
162
134
101
73
65
61
59
57
53
49
48
52
54
53
48
47
53
57
57
52
53
53
54
55
54
49
45
49
51
54
55
55
55
52
52
59
65
72
78
85
92
107
121
133
146
157
166
171
178
182
187
192
197
201
204
209
212
211
215
216
216
219
221
25
25
25
26
27
26
25
25
25
24
24
21
22
16
13
11
8
13
19
23
35
54
81
101
116
132
141
155
163
173
177
167
147
120
84
71
63
59
58
54
51
53
54
58
61
59
57
55
56
55
53
50
47
48
49
48
44
40
45
47
49
48
46
48
52
56
62
72
81
90
103
115
123
132
147
154
164
171
176
181
187
190
196
200
203
206
210
212
214
214
213
218
220
220
26
26
25
27
29
27
26
25
23
22
22
19
19
14
11
9
8
16
18
23
36
55
79
98
115
132
145
157
166
174
176
167
157
140
104
83
66
58
55
54
52
55
55
60
62
60
58
57
55
52
49
46
44
43
43
43
41
40
44
46
46
46
45
49
56
60
71
83
93
103
119
130
139
148
156
162
171
176
180
184
189
192
198
200
203
206
208
211
212
212
213
216
217
219
27
28
27
29
29
29
26
25
24
22
22
19
19
15
12
11
11
17
20
23
34
53
77
97
114
129
136
146
158
173
175
165
160
151
128
101
75
58
52
50
51
55
59
62
62
58
54
52
50
47
44
42
41
40
40
40
41
42
46
47
47
50
52
56
66
74
87
99
109
120
134
145
150
158
164
170
177
180
182
187
191
194
198
199
201
204
206
208
211
210
213
215
217
220
