69
93
131
166
184
189
198
205
208
209
211
214
218
222
226
227
228
227
226
223
221
219
216
212
209
209
216
216
218
216
212
210
208
204
199
193
184
176
172
168
165
161
163
165
165
161
158
158
157
156
151
145
139
136
130
128
127
125
123
119
116
115
113
109
106
102
98
96
95
95
92
86
82
79
76
76
75
73
72
70
66
62
56
51
47
45
43
41
39
35
31
26
23
19
75
104
144
176
192
196
205
209
212
214
217
222
224
226
228
228
228
227
225
222
219
218
215
212
211
213
214
213
215
215
213
211
209
207
204
198
190
182
175
170
166
163
165
166
166
162
158
157
157
156
153
147
141
137
132
128
128
128
128
123
121
119
115
111
107
102
96
94
93
92
90
86
82
82
79
79
78
76
75
73
69
65
59
53
48
44
42
41
37
32
27
24
21
19
80
121
157
183
194
200
206
209
216
218
221
224
226
227
228
229
229
228
225
223
220
217
214
211
211
213
215
213
212
213
213
210
207
206
203
197
190
184
178
171
166
166
167
168
166
161
158
159
158
157
156
150
143
137
134
134
133
129
129
128
127
123
118
114
109
103
95
95
93
90
88
85
82
82
82
79
79
78
76
74
71
66
59
55
49
45
41
39
34
28
23
22
21
19
92
133
166
186
194
200
207
209
215
216
220
224
226
227
226
227
225
225
224
221
218
215
212
209
210
212
213
212
211
213
213
208
204
203
200
195
189
183
176
170
168
169
171
171
167
162
160
161
161
159
157
152
146
141
136
136
135
131
131
129
126
122
117
113
107
101
96
93
91
89
87
83
81
80
79
79
78
77
75
73
70
66
61
55
49
45
41
38
33
26
22
23
21
19
105
148
173
187
191
197
205
208
213
215
219
221
224
224
223
221
221
222
221
219
215
212
208
206
207
209
210
209
211
212
211
206
202
201
199
195
189
182
175
170
171
174
176
173
168
164
164
165
165
162
158
153
148
143
140
139
136
133
132
128
124
120
114
110
105
100
97
95
92
90
86
83
80
79
77
76
77
77
75
73
70
65
62
56
50
45
41
38
32
23
21
22
21
19
117
159
178
185
188
194
202
207
214
217
218
218
218
216
216
217
217
218
218
216
212
208
205
203
203
205
205
206
207
209
208
203
200
198
198
194
188
181
174
171
172
175
178
174
169
166
167
168
167
164
159
154
150
145
140
140
138
134
131
126
121
116
111
107
102
97
97
94
91
89
86
83
79
78
77
76
77
77
75
73
70
64
61
56
51
47
42
39
32
23
20
20
19
18
130
168
182
185
188
193
200
207
214
218
217
214
211
211
211
213
214
215
216
213
210
206
202
200
201
202
200
201
204
206
205
201
198
197
196
192
187
180
175
172
173
175
176
173
169
168
170
171
167
164
159
155
150
145
140
139
137
134
131
125
119
114
109
105
101
97
95
93
90
88
86
83
80
78
78
78
79
79
77
74
70
65
60
57
53
49
44
39
31
23
19
20
18
16
143
174
184
187
190
194
199
205
211
215
214
209
206
206
208
209
211
212
211
210
207
203
200
199
199
200
198
199
202
204
202
198
196
196
194
191
186
181
177
175
175
174
173
170
168
170
172
171
166
162
157
153
149
143
140
139
137
133
132
125
118
114
109
105
101
98
97
94
91
88
87
84
82
80
81
80
81
80
78
75
70
65
59
57
55
50
45
39
32
24
21
20
18
16
154
178
185
186
190
196
200
206
209
210
210
205
202
203
205
206
207
208
206
206
206
202
199
197
197
198
197
198
201
202
198
194
193
194
193
190
186
181
177
176
174
173
169
167
167
169
171
169
163
159
154
152
148
144
140
140
138
134
130
123
117
113
108
105
102
99
97
94
91
90
88
86
84
81
81
80
81
81
78
75
70
65
59
58
55
51
45
39
32
25
23
20
18
16
162
180
184
185
191
196
200
206
207
207
206
202
200
202
203
203
204
204
202
203
202
200
198
197
196
196
194
197
199
199
195
191
190
192
191
189
184
179
175
174
171
169
166
165
165
168
169
167
160
156
152
150
147
144
141
141
139
135
128
120
115
112
107
105
102
100
99
96
91
90
88
86
84
82
81
80
80
80
77
74
69
64
59
58
55
50
44
39
33
27
24
20
17
16
164
180
184
189
193
196
201
203
203
204
202
203
202
201
200
200
200
201
198
198
198
197
195
194
194
195
195
197
199
197
192
187
186
187
190
187
182
175
170
167
168
168
167
166
166
168
168
164
157
152
149
149
147
146
146
145
140
135
125
119
112
109
108
105
101
98
97
94
92
90
89
85
83
82
80
79
80
79
75
72
68
64
58
56
53
48
42
39
34
29
27
22
17
15
166
180
184
189
192
195
198
199
198
199
199
201
202
202
201
199
198
196
194
194
193
193
192
191
191
192
193
195
196
194
190
185
184
184
186
184
179
172
168
166
168
168
168
167
167
167
165
161
157
154
151
150
148
147
147
145
139
132
124
117
111
108
107
104
100
96
94
92
90
88
87
84
83
82
81
79
80
77
74
69
65
60
57
54
51
45
41
38
33
30
28
23
18
15
167
176
181
186
190
192
194
194
194
195
196
200
202
203
201
199
196
193
189
189
189
189
189
188
188
188
190
190
190
189
186
183
181
182
182
180
175
168
164
164
168
170
170
169
167
165
162
158
156
154
153
150
148
147
148
145
137
129
121
117
111
108
107
103
98
95
92
90
88
87
86
84
82
81
80
79
78
76
73
69
65
59
56
54
50
44
40
38
34
31
29
24
18
15
167
173
180
185
188
189
189
189
190
192
196
199
201
200
198
196
193
191
186
186
185
186
187
187
186
186
186
185
184
184
184
183
182
181
181
178
172
164
162
164
169
172
171
169
166
163
159
156
154
153
152
150
148
146
146
144
136
128
119
116
112
109
107
103
98
95
92
90
88
86
86
84
83
82
80
80
79
76
72
69
65
61
57
54
49
45
41
38
35
32
29
24
19
15
169
173
182
186
188
185
184
184
184
187
194
197
199
197
193
191
188
186
182
182
182
184
185
185
185
185
183
181
181
182
184
185
184
183
181
177
170
164
162
165
170
173
171
168
164
161
158
155
152
150
149
148
146
145
144
140
134
127
118
115
112
110
108
104
98
95
93
90
88
87
85
84
82
81
81
82
81
78
72
68
64
60
56
53
49
45
41
38
34
31
28
24
20
16
169
174
183
186
185
182
181
180
180
184
190
195
197
194
189
186
183
180
178
178
180
182
183
184
184
184
182
180
180
183
186
187
186
185
183
178
171
166
164
167
171
174
170
167
164
161
159
156
151
149
147
146
145
142
141
138
131
126
117
114
112
110
107
103
99
96
93
91
88
86
84
84
82
80
81
81
82
79
71
69
66
60
55
52
49
45
42
37
33
30
27
24
20
16
164
173
181
183
182
179
177
177
178
181
186
191
193
190
186
183
180
178
178
178
180
182
183
183
184
184
183
181
181
184
188
189
187
185
184
179
173
168
167
170
172
172
168
167
164
162
160
157
152
149
147
146
144
141
139
136
129
124
117
114
111
109
107
103
99
97
93
91
88
85
84
84
82
80
80
80
82
78
73
70
65
61
52
49
46
44
41
36
32
31
27
23
19
15
160
170
180
182
180
177
175
174
176
178
182
187
188
185
182
181
181
178
180
181
182
185
184
184
184
184
185
183
183
186
189
189
187
184
183
180
174
170
170
172
172
171
168
167
165
163
161
157
153
150
148
147
144
141
139
135
129
121
117
114
111
109
106
103
100
98
94
91
88
86
84
84
82
80
79
80
80
77
72
68
64
57
49
46
43
41
39
35
31
30
27
23
19
15
154
165
175
177
174
171
173
174
173
176
178
179
180
180
180
180
182
185
184
185
186
186
187
187
185
185
185
189
190
191
192
188
182
181
182
180
176
171
172
175
174
171
171
169
167
164
161
159
155
151
151
148
143
139
137
134
129
122
118
114
112
110
106
103
102
100
97
91
88
88
86
86
85
81
81
82
82
76
70
62
58
54
50
45
41
40
38
36
33
29
23
21
17
13
153
164
175
175
172
169
170
170
170
169
171
173
177
180
181
182
185
187
189
189
188
188
187
186
186
185
187
192
193
193
192
186
181
181
181
180
177
173
173
175
175
174
173
171
169
165
162
160
157
152
151
148
143
140
137
134
127
121
118
115
112
109
105
103
103
102
99
94
91
91
90
89
87
83
82
84
83
76
69
62
57
53
50
46
43
41
38
35
32
28
22
20
15
11
149
162
173
171
169
168
168
171
171
168
165
167
173
178
182
186
189
192
195
195
193
191
188
186
186
186
188
192
194
193
189
183
178
178
179
179
177
174
174
176
178
177
175
172
170
166
162
160
157
153
150
147
143
140
138
135
128
122
119
115
112
109
105
103
104
104
101
96
93
93
93
92
90
85
85
86
83
76
67
61
57
54
53
49
46
43
38
34
31
28
23
19
14
10
149
162
172
170
170
168
167
171
173
169
163
165
170
176
183
188
193
196
198
197
195
193
190
188
188
188
188
190
190
188
183
178
175
175
176
176
174
173
174
177
180
181
177
172
168
164
161
159
156
151
148
145
141
139
138
134
129
124
120
116
114
110
105
104
105
105
102
97
94
94
93
93
90
86
85
85
83
75
67
62
58
57
55
52
49
44
38
33
29
27
23
19
14
10
147
159
171
170
170
168
165
168
172
168
164
165
169
174
180
188
194
198
199
198
196
194
191
190
190
190
188
186
184
182
178
177
175
174
173
172
171
172
175
180
183
183
178
172
166
161
159
158
155
150
144
142
140
140
140
135
128
123
119
116
114
111
107
105
106
106
102
96
94
93
93
92
89
85
83
82
79
73
67
62
59
59
57
53
50
43
36
30
29
27
24
21
17
12
142
156
167
169
170
166
164
168
170
170
166
166
170
174
181
188
194
198
200
199
198
196
194
192
191
191
188
183
180
178
177
177
177
174
174
173
173
175
180
185
186
185
179
172
165
160
157
157
155
150
143
142
142
144
143
137
128
121
118
116
115
112
107
105
106
105
101
96
94
93
92
91
88
84
79
77
74
69
65
61
59
59
58
54
50
43
35
30
29
27
25
23
19
15
141
156
166
170
170
166
166
169
171
172
167
170
174
179
185
190
195
198
200
199
199
197
195
193
192
191
186
180
178
178
177
179
178
174
174
175
177
181
185
187
186
184
178
171
163
158
153
153
153
150
146
144
143
144
143
137
128
122
120
117
116
113
107
104
103
102
99
96
95
94
93
90
87
82
76
73
70
66
63
59
58
58
57
52
47
42
35
30
29
27
26
23
20
17
137
154
168
173
171
165
166
169
169
171
170
174
179
185
190
193
196
198
199
198
198
197
195
192
191
190
184
178
176
177
177
179
178
173
173
174
178
183
187
187
183
180
176
169
162
155
150
150
151
149
149
145
141
141
140
135
128
124
122
119
117
113
106
102
100
98
98
95
95
95
93
90
86
81
75
72
69
65
62
59
57
57
53
48
44
39
33
29
27
25
25
23
21
19
131
151
167
169
171
169
167
170
171
169
172
175
183
189
194
194
193
193
193
195
195
194
192
190
189
188
183
181
178
175
176
177
174
170
170
171
177
184
185
185
182
179
171
169
163
155
146
143
143
145
147
142
137
136
136
133
128
124
120
117
112
106
103
101
99
97
96
96
97
97
93
90
85
80
76
71
67
67
66
63
59
57
52
49
45
40
34
31
29
25
22
21
22
24
124
147
165
166
170
172
171
171
172
172
174
177
182
189
194
194
192
190
188
190
192
191
188
186
187
188
185
183
179
176
174
172
169
165
164
167
175
183
186
185
179
174
171
168
161
151
141
137
137
139
139
136
134
132
131
128
125
122
116
113
108
104
102
102
100
98
97
97
98
97
93
88
83
78
74
70
66
66
65
62
59
57
53
52
49
45
39
35
32
27
22
21
22
25
119
144
162
162
168
175
175
174
175
177
176
178
181
185
188
189
186
183
182
183
186
186
183
181
183
188
186
184
180
176
172
168
163
160
160
166
174
182
185
182
177
171
168
165
157
146
136
131
131
132
132
132
130
126
122
120
117
115
111
107
103
102
103
104
102
99
99
98
99
97
92
87
81
76
73
69
66
65
65
63
60
59
56
56
55
52
46
42
37
31
28
24
23
26
120
145
159
160
168
176
179
179
180
181
179
179
178
178
181
181
177
174
174
174
176
178
177
176
179
183
183
181
176
171
168
165
160
156
158
167
175
179
180
177
170
165
161
158
152
143
134
128
126
126
128
128
125
119
114
112
110
108
106
104
101
102
105
106
103
99
100
99
99
97
92
87
81
75
72
69
67
67
67
65
63
62
59
58
59
57
52
48
42
36
30
26
22
25
124
146
157
162
171
178
182
185
186
185
182
179
175
172
171
172
169
167
165
165
166
169
171
171
173
175
178
174
167
161
160
160
157
150
154
166
174
175
173
168
162
159
155
153
148
140
131
125
123
123
124
123
119
112
108
107
106
105
104
102
102
105
108
109
106
101
102
101
100
97
92
87
82
76
73
72
70
70
69
69
67
66
62
61
61
60
56
53
45
38
30
25
21
24
131
149
157
164
173
180
184
189
190
187
181
176
171
166
162
160
159
161
159
160
161
163
165
167
168
169
171
166
157
150
150
153
150
144
152
167
174
171
166
161
154
152
152
149
143
135
126
122
121
122
125
121
114
106
102
102
102
102
104
104
105
107
111
111
109
105
105
103
101
98
93
89
84
78
77
75
74
72
71
71
70
69
65
63
63
62
58
55
48
41
33
27
23
23
136
153
156
164
174
181
185
189
190
186
178
173
166
161
155
150
151
154
159
162
163
161
161
162
163
164
162
153
144
140
143
144
142
139
152
167
171
163
157
152
146
144
146
144
139
130
124
121
122
124
127
121
112
103
99
98
101
103
107
107
108
109
111
111
110
109
107
105
102
100
95
92
88
83
80
79
76
73
71
71
70
70
67
65
64
62
60
58
52
46
39
34
27
25
136
152
156
163
173
181
185
188
188
184
179
173
167
161
154
146
147
152
160
165
166
162
157
157
159
159
155
144
135
135
137
136
134
136
152
165
166
155
148
143
138
137
139
138
135
130
125
123
124
126
127
119
110
102
98
99
104
109
111
112
111
111
110
110
111
111
108
105
103
100
96
93
90
85
82
80
77
73
70
69
70
70
67
65
64
63
61
60
56
51
43
36
30
26
141
154
156
162
171
179
184
188
187
185
183
180
171
163
159
152
150
155
162
171
174
169
164
160
156
154
144
134
126
131
132
136
133
132
150
159
157
144
135
133
132
130
128
131
133
130
126
123
122
121
119
114
107
102
102
105
109
113
117
114
111
109
110
111
111
111
106
105
103
102
98
95
91
88
84
78
73
70
67
69
71
66
65
65
65
66
65
63
58
55
48
40
31
23
140
157
159
164
171
178
183
187
187
187
187
185
180
175
168
163
161
162
166
173
177
173
167
160
153
147
135
122
117
125
130
133
127
128
141
147
142
129
122
125
127
127
126
126
125
124
123
124
124
122
123
118
112
109
109
112
115
118
121
119
117
114
111
110
109
109
103
103
102
102
99
94
89
85
80
74
70
67
64
67
69
66
64
64
65
65
65
63
60
57
51
42
31
22
141
162
168
168
172
179
186
190
190
187
182
182
183
183
179
173
167
162
157
160
164
160
153
147
141
132
117
102
103
115
124
128
117
120
130
133
127
114
111
117
123
125
123
121
116
114
114
117
118
118
118
116
113
112
113
114
115
116
116
116
114
111
107
103
102
102
96
95
96
96
94
87
81
77
73
69
66
63
61
63
65
64
63
63
65
64
64
61
59
57
51
44
33
24
141
166
172
167
168
177
186
190
187
178
180
178
178
175
169
163
155
147
140
137
135
130
120
117
113
105
91
79
89
105
117
120
107
113
119
123
117
107
106
113
119
122
118
114
108
103
100
100
100
100
99
97
97
98
98
98
98
98
101
102
102
100
98
96
95
93
87
85
84
84
80
73
67
64
65
65
64
61
59
59
61
62
63
63
62
61
60
59
56
53
48
42
36
28
144
168
168
160
159
167
173
177
174
167
161
155
153
149
142
135
124
112
106
100
96
93
85
83
84
78
69
65
80
99
110
110
95
103
111
115
111
101
101
107
112
114
110
104
97
91
87
81
75
71
67
67
67
67
68
68
70
72
78
79
81
83
83
83
83
83
79
76
71
68
64
58
54
52
55
58
61
60
58
57
58
60
63
62
60
59
59
58
54
50
45
41
36
31
148
166
163
153
150
153
151
152
154
151
136
129
121
113
105
95
84
74
68
65
66
66
64
63
62
59
58
63
77
92
99
98
86
94
108
112
108
99
96
100
101
101
98
90
81
77
73
66
54
45
39
39
39
40
42
46
51
56
61
62
64
67
71
72
73
73
69
65
61
55
51
47
44
42
44
50
55
58
59
56
56
59
63
62
60
59
59
59
55
50
44
39
33
27
147
166
161
148
141
137
128
126
129
128
125
114
97
81
70
59
51
49
48
48
49
51
50
49
47
45
50
59
70
80
86
89
88
99
114
117
111
102
98
96
92
89
85
75
65
59
56
50
41
34
27
29
31
34
35
38
42
47
51
52
53
55
58
61
63
64
59
58
53
47
43
43
40
37
36
42
49
55
58
56
55
57
62
62
61
58
57
56
53
48
40
33
26
22
143
169
158
142
132
124
112
106
108
105
100
94
81
69
58
44
32
31
32
34
34
36
37
36
36
37
42
53
59
68
76
87
97
113
123
124
119
109
103
98
90
83
74
65
54
46
40
36
33
33
32
35
39
40
37
36
37
39
41
42
43
44
46
48
51
53
53
54
51
46
43
42
39
34
30
37
43
51
58
57
54
55
60
61
60
56
53
51
47
43
35
28
21
18
132
164
162
144
123
107
101
99
100
98
93
82
73
64
52
41
32
29
29
28
29
30
29
26
27
28
35
42
48
59
75
94
109
120
124
121
114
107
100
97
90
78
66
52
41
35
32
29
32
36
40
40
41
39
34
28
26
27
27
28
28
29
30
31
34
37
42
43
41
39
40
42
39
37
38
40
43
46
49
50
50
49
52
54
53
49
45
41
38
37
31
25
19
18
117
155
158
141
115
94
93
103
108
102
94
83
75
64
51
39
31
31
31
28
26
25
26
24
23
23
28
36
41
49
60
78
94
109
112
112
104
95
88
84
78
67
55
43
34
30
29
28
32
36
37
32
26
22
18
14
13
13
14
14
16
18
16
15
19
24
26
31
32
33
36
40
43
47
46
46
45
43
44
45
44
42
40
42
42
40
40
39
36
34
33
29
26
24
101
140
153
136
108
88
89
104
108
100
98
83
72
61
47
34
23
20
22
21
20
19
21
22
22
20
25
29
34
36
42
55
76
93
107
111
106
95
85
78
69
56
46
38
32
28
27
27
28
31
28
20
12
9
8
8
7
6
9
8
10
13
12
7
7
13
17
22
25
28
30
35
45
55
61
57
48
38
35
38
39
37
31
32
32
35
40
42
41
40
39
37
35
30
93
128
147
128
102
87
83
88
83
73
63
49
42
36
29
22
14
12
8
11
14
15
15
17
19
20
22
25
26
28
34
48
69
90
106
112
109
99
87
74
59
46
40
35
31
29
26
24
22
22
18
14
8
7
10
11
10
9
9
9
10
11
10
7
5
7
9
13
16
20
25
34
49
65
71
65
50
35
29
32
36
36
32
33
34
39
46
52
52
51
46
44
41
33
88
123
135
117
95
80
73
70
61
51
40
31
27
22
16
10
7
7
5
7
9
8
9
12
15
17
18
20
22
28
38
52
73
93
102
108
104
95
83
68
54
44
37
32
29
28
25
20
16
13
12
11
10
12
14
15
15
15
13
12
11
8
8
8
8
9
8
9
10
14
20
30
45
59
64
62
53
39
33
36
40
41
40
41
45
49
56
59
58
57
51
47
42
35
87
122
119
104
84
63
59
57
52
40
23
16
13
12
12
13
10
9
10
9
6
6
7
11
14
16
17
18
21
30
39
50
67
84
100
106
100
91
82
69
59
52
41
34
29
28
24
18
13
10
9
10
13
15
17
20
21
23
19
16
12
6
7
11
13
14
15
14
11
12
16
21
31
40
49
54
55
51
47
48
50
49
49
52
55
59
62
61
59
55
51
48
43
38
88
112
99
85
70
46
47
45
42
26
17
12
12
15
21
26
19
11
13
11
7
7
8
11
14
17
18
18
20
27
36
43
59
77
99
113
112
103
95
84
71
62
50
39
30
27
22
18
14
13
12
15
17
19
22
25
27
28
21
18
12
9
8
11
14
17
17
16
14
14
16
20
25
33
39
48
56
60
59
59
59
58
56
57
59
60
61
60
57
53
50
50
47
42
83
91
81
67
57
40
47
43
41
24
12
12
19
25
32
34
27
17
11
10
10
9
8
8
12
17
17
16
19
26
35
43
62
82
104
127
132
124
116
104
86
69
54
40
28
24
21
17
17
18
19
20
21
23
26
28
28
28
25
22
18
16
14
13
16
20
20
20
16
14
15
18
24
31
37
46
55
61
62
62
63
63
59
58
57
56
56
56
56
54
52
52
50
44
82
75
68
57
51
44
58
47
40
29
22
26
29
33
41
41
31
21
13
14
14
15
14
14
15
18
21
22
23
28
32
43
62
90
115
134
141
137
132
117
97
82
64
45
31
21
17
14
16
24
26
26
26
26
28
30
32
32
29
26
24
24
22
20
19
21
22
21
19
19
21
22
26
30
35
46
58
64
67
67
66
65
62
59
59
60
59
58
57
55
54
53
49
44
75
68
61
55
53
54
65
51
44
34
38
45
48
49
51
49
38
29
23
24
26
28
27
23
21
21
22
26
30
32
29
35
57
91
124
146
152
150
143
127
109
90
68
47
28
18
15
15
18
25
29
29
29
28
30
31
32
32
32
30
29
28
27
24
24
25
26
25
23
24
26
26
28
32
37
49
61
67
71
71
69
68
65
62
61
62
61
60
59
58
56
55
51
47
70
62
58
55
56
60
63
51
51
49
58
66
69
66
63
58
49
40
36
36
37
39
37
31
27
25
25
30
36
37
27
30
55
95
137
162
165
162
155
139
124
100
74
50
29
15
12
15
19
25
27
28
29
28
29
31
33
32
33
32
32
31
29
27
28
30
28
27
25
25
27
28
29
33
42
55
66
72
76
75
72
69
66
63
63
63
61
60
59
56
57
55
53
49
75
69
65
58
60
61
58
56
57
65
74
82
83
75
69
64
55
48
45
43
41
40
36
32
29
28
30
33
39
40
29
31
59
103
149
173
172
168
161
148
136
110
84
57
33
16
11
13
19
24
24
25
26
26
27
28
30
30
30
30
30
28
25
24
27
30
28
27
25
23
25
26
31
36
47
61
73
79
80
79
76
74
70
66
65
63
60
58
55
52
54
52
51
50
85
83
73
61
69
68
62
67
66
74
87
91
87
77
69
64
56
48
45
41
34
30
27
28
30
32
30
36
43
43
32
37
68
115
159
178
172
167
161
151
142
116
90
63
39
23
13
14
19
23
24
25
25
24
24
25
25
26
26
26
24
23
21
22
25
28
29
29
26
25
25
28
34
41
54
69
81
85
85
84
81
79
75
71
68
64
60
56
53
49
48
49
49
49
93
97
80
65
77
77
69
72
74
85
94
93
84
72
65
58
50
43
38
32
25
21
21
25
31
35
32
40
47
47
40
49
83
128
165
178
170
164
156
149
140
115
90
64
44
32
20
18
19
21
22
23
24
24
23
23
24
24
25
25
25
22
22
22
25
27
27
29
29
28
29
32
38
47
61
75
85
87
88
87
86
84
78
74
70
66
60
57
53
48
45
47
48
48
98
109
90
70
77
83
76
75
82
92
92
87
75
64
58
52
44
38
33
30
28
25
24
28
33
37
39
47
54
56
55
70
102
141
170
177
172
164
155
146
134
111
88
63
49
41
31
24
21
19
21
23
24
25
26
25
27
28
29
29
29
28
28
28
29
29
27
28
28
30
35
39
47
56
68
79
86
87
88
89
85
82
78
74
70
65
60
57
53
48
47
47
49
48
103
115
101
73
70
85
87
81
89
90
86
79
67
58
54
49
41
37
35
36
36
35
34
36
39
41
48
55
61
65
71
91
118
151
174
178
175
167
156
145
129
108
87
62
52
49
39
30
23
19
23
25
27
27
28
27
29
30
31
32
33
34
33
33
32
30
30
30
29
32
38
47
56
66
73
81
86
85
87
89
84
80
76
73
70
65
60
58
55
50
48
48
49
47
103
121
119
91
77
84
93
94
92
87
81
70
59
56
51
47
44
41
39
37
36
39
43
46
49
50
55
62
67
75
89
106
133
159
178
179
176
170
158
145
128
104
83
63
56
59
52
39
30
24
26
28
30
30
30
30
30
30
32
33
35
37
37
34
33
32
33
33
35
40
47
56
66
73
79
81
84
86
86
86
83
80
77
73
68
64
60
56
53
52
51
51
50
47
109
131
137
115
95
91
94
95
93
89
78
67
59
53
47
43
43
43
41
38
37
38
43
49
54
58
57
66
77
92
106
119
141
165
182
183
179
170
157
142
123
100
81
65
60
64
58
46
37
30
31
33
34
35
34
33
32
31
31
31
32
34
34
34
34
33
38
40
43
49
57
67
74
78
79
80
82
83
84
84
82
80
76
71
66
61
57
53
51
51
51
50
49
46
113
138
154
142
122
105
99
98
92
87
80
72
65
59
51
45
44
43
40
40
42
45
49
53
57
61
63
73
90
108
123
131
148
169
186
186
181
171
153
136
117
95
76
66
62
64
60
50
43
37
40
41
42
42
40
38
35
33
35
34
33
35
36
37
39
40
46
50
54
58
67
76
80
80
79
78
78
79
81
81
80
79
74
69
62
57
53
50
49
49
50
49
47
44
120
140
160
161
147
125
113
105
95
87
85
79
74
70
63
56
52
48
45
47
51
55
57
60
62
66
78
89
104
120
132
140
154
172
186
186
181
170
151
132
114
93
79
70
65
65
62
58
54
49
50
50
52
51
50
48
47
44
43
42
41
42
45
47
49
51
56
60
64
67
73
79
81
80
77
75
75
76
77
77
76
76
71
66
59
54
50
47
47
48
49
47
45
42
130
140
157
167
166
151
135
120
106
99
93
86
81
78
75
72
66
61
57
59
62
65
68
71
78
84
98
110
121
130
139
148
162
176
186
187
183
171
151
132
114
95
85
77
71
69
67
66
62
59
60
61
61
61
61
62
61
60
58
57
57
59
61
63
66
67
69
74
76
75
77
79
80
78
75
73
72
74
75
74
72
71
69
63
57
52
48
45
45
46
47
45
43
40
146
142
151
166
175
172
158
141
125
115
106
97
89
84
82
82
79
74
72
74
77
81
84
90
97
104
113
124
133
137
145
153
166
178
188
189
185
173
154
135
118
100
91
84
77
72
72
71
68
66
68
68
68
67
68
68
69
69
71
71
72
74
76
78
80
82
80
83
84
81
79
78
77
76
73
72
72
74
74
72
69
68
66
62
57
53
48
44
43
44
44
43
41
39
169
151
150
161
172
174
166
156
147
139
131
122
111
104
100
99
98
95
96
97
100
103
105
108
113
117
124
132
139
143
150
158
169
182
191
191
186
175
156
138
123
106
96
91
83
76
75
74
73
74
72
73
74
73
73
74
75
75
77
78
80
81
82
83
84
85
86
87
87
86
83
80
77
76
73
72
73
75
74
70
67
66
65
62
58
54
49
44
41
41
41
41
40
38
187
166
157
159
163
164
160
162
165
163
160
152
143
136
129
127
124
122
121
121
121
120
120
121
123
126
132
139
145
150
155
163
174
189
192
192
188
175
156
139
125
109
97
91
82
74
72
71
72
75
73
75
76
78
79
81
84
85
84
85
87
89
89
87
87
88
89
88
89
88
87
85
81
78
74
73
74
76
75
70
67
66
65
62
59
56
50
44
40
39
39
39
39
38
206
176
159
160
161
159
160
162
164
167
165
161
158
156
153
150
146
142
139
135
133
132
132
134
133
130
137
143
147
150
159
169
182
194
195
191
187
176
156
140
125
110
96
88
76
69
65
66
69
72
74
77
82
85
86
89
92
94
94
95
96
97
96
94
92
92
92
92
92
92
92
89
83
77
74
75
74
74
72
70
68
66
66
63
59
56
50
44
40
38
38
38
38
37
219
195
173
162
158
158
163
170
168
165
162
159
158
156
154
151
150
148
147
142
138
135
135
136
137
135
137
146
153
158
164
173
184
195
195
189
178
167
155
142
125
109
95
86
74
66
62
62
64
66
73
78
86
91
94
96
99
100
103
104
106
108
107
105
103
102
99
98
97
97
95
91
85
79
75
74
72
72
71
69
67
66
63
60
57
53
48
43
39
38
38
39
39
38
239
224
196
170
155
154
162
172
173
169
162
159
159
158
153
150
150
151
149
145
141
139
138
141
143
142
137
145
153
162
173
182
190
196
193
186
171
160
155
144
126
111
93
83
72
64
60
60
63
63
66
72
83
93
100
103
105
105
107
109
111
113
114
113
111
109
107
105
103
101
98
92
85
79
74
71
70
69
69
68
66
65
61
58
54
50
45
41
38
38
39
40
40
39
244
235
206
175
158
157
162
169
169
165
162
161
162
160
154
149
151
153
151
148
145
144
144
147
147
144
139
145
154
164
177
187
193
196
190
184
168
157
154
144
126
111
93
82
72
66
63
64
67
64
64
69
80
93
105
111
113
113
111
113
115
116
118
117
117
115
112
110
106
103
98
92
84
77
73
69
67
68
68
67
64
62
59
56
52
48
43
39
38
39
40
41
41
41
246
240
215
182
161
156
157
164
166
163
162
162
164
165
158
154
155
158
157
153
153
153
153
154
149
142
139
146
157
168
175
183
191
195
189
182
168
157
155
145
125
110
96
84
76
71
68
71
74
69
66
67
75
89
104
114
117
118
116
117
118
119
120
121
122
120
116
113
108
103
99
92
84
77
71
67
65
66
67
64
60
58
57
54
50
46
42
38
37
38
39
40
41
41
249
245
227
192
164
151
152
161
164
164
160
162
165
166
161
158
159
161
161
158
157
159
157
155
147
137
131
138
152
165
175
185
192
193
189
181
168
159
156
147
127
109
94
83
76
73
71
77
81
76
67
65
69
83
99
110
115
116
120
122
122
122
123
125
126
125
120
116
110
104
100
93
85
77
69
64
63
64
64
61
57
55
56
53
49
45
41
37
36
37
39
39
40
41
247
243
229
200
172
155
155
161
161
158
159
163
167
167
163
162
164
162
161
159
157
155
152
145
136
128
123
129
146
164
177
186
187
182
179
171
162
154
149
140
124
107
91
79
72
69
68
76
82
77
69
65
67
80
96
108
114
116
122
125
127
127
129
130
131
130
123
118
111
105
101
94
85
76
68
63
61
61
60
57
54
54
55
52
49
46
41
37
36
37
38
38
39
40
246
242
231
206
177
155
151
157
158
159
158
162
167
167
166
167
169
166
163
159
156
151
143
135
126
118
122
131
150
168
176
180
176
168
162
157
151
145
136
128
117
104
90
77
69
65
62
70
77
72
66
63
65
77
92
104
111
114
117
122
126
128
129
131
132
130
125
119
111
105
100
94
84
74
68
63
59
59
57
54
53
54
54
52
50
47
43
39
37
38
38
38
38
39
247
242
235
212
180
157
150
153
156
156
158
160
165
167
166
168
168
163
160
156
151
145
139
129
117
115
121
137
154
162
167
166
157
149
139
139
138
131
123
114
104
95
83
73
62
58
59
64
68
67
61
59
64
78
92
100
104
107
116
122
127
128
127
127
127
127
122
118
112
106
99
92
81
74
66
61
59
59
56
54
54
54
52
51
49
47
43
41
39
38
38
38
37
38
249
246
242
217
184
159
149
150
153
156
159
161
165
167
166
167
166
161
157
152
146
138
132
124
115
115
121
136
148
150
149
146
139
132
128
127
126
121
113
104
92
80
70
61
52
48
49
54
58
57
57
57
65
80
93
100
104
106
115
120
124
125
125
124
124
123
119
115
110
105
99
92
83
75
67
62
61
61
57
56
56
55
54
52
50
47
44
41
39
38
37
37
38
37
248
249
244
220
187
159
147
145
151
156
159
162
166
168
166
165
162
155
151
145
137
129
123
118
113
116
126
134
135
127
122
123
123
123
121
117
113
108
102
94
83
71
53
45
37
34
35
40
46
47
48
51
63
79
93
100
104
107
114
117
121
122
123
123
121
120
116
113
109
104
99
91
83
76
69
64
63
63
60
58
57
56
56
54
51
48
44
41
38
38
36
37
37
38
247
247
243
222
190
159
143
142
149
154
161
163
166
167
166
163
156
149
142
135
129
121
116
112
110
116
129
131
121
104
93
96
104
111
112
104
97
93
89
82
72
61
42
34
27
23
24
31
38
41
42
47
60
77
92
101
106
109
112
114
118
120
122
122
121
118
116
113
109
104
98
90
82
75
69
66
65
65
61
59
59
58
58
55
52
48
45
40
38
37
36
37
38
38
246
246
241
226
195
161
142
141
147
150
158
162
165
165
164
160
151
143
136
128
121
113
109
108
110
118
136
138
125
98
79
76
84
93
97
89
82
79
76
69
59
48
34
29
25
23
24
30
37
40
42
47
58
75
91
101
105
107
110
112
115
118
121
123
121
119
116
113
108
104
97
89
81
75
70
66
66
65
62
61
62
61
59
56
52
49
44
39
37
37
37
38
40
40
246
244
242
228
200
166
146
143
148
151
153
159
161
161
161
156
146
140
134
125
115
108
107
109
115
126
146
150
139
111
85
75
79
87
88
78
68
63
59
54
47
40
32
30
30
31
32
36
41
42
45
49
59
75
89
99
105
106
109
111
115
118
120
122
121
119
116
114
109
104
97
90
83
77
70
68
66
64
62
63
64
63
60
56
52
49
44
38
36
37
38
40
41
42
245
243
243
229
201
170
148
142
145
150
151
156
157
156
156
151
142
137
131
122
114
109
111
115
123
137
149
157
152
130
108
97
92
92
88
75
62
54
47
42
38
35
33
33
37
40
41
43
48
47
50
55
64
77
89
97
102
105
105
108
113
115
118
120
119
117
115
113
108
104
97
90
84
78
72
69
66
63
60
62
63
62
59
56
52
49
43
37
35
37
39
40
42
43
245
244
244
229
202
172
148
137
139
145
150
155
154
152
152
147
138
134
126
119
113
112
114
121
130
144
151
160
160
151
138
125
111
101
94
81
68
59
50
42
37
34
36
38
43
46
47
48
52
53
59
64
72
82
91
96
98
100
100
105
108
111
113
116
116
114
112
110
106
102
96
88
82
78
75
70
65
61
58
59
61
59
59
55
52
49
42
36
35
37
39
40
42
42
245
245
245
236
217
187
159
142
139
142
152
155
151
152
149
142
137
129
122
115
109
111
116
125
137
148
152
156
160
160
158
150
130
112
104
93
79
66
56
49
45
41
42
44
47
51
52
53
57
62
66
71
78
84
90
95
97
98
98
100
104
108
110
111
111
111
110
107
104
98
92
87
81
76
72
67
62
59
57
56
56
55
54
52
50
47
41
35
35
38
41
41
42
41
247
247
249
244
231
208
175
149
139
142
151
154
151
150
146
139
133
125
118
113
109
111
117
126
138
148
152
155
155
152
150
146
134
123
115
105
93
80
67
59
55
51
50
50
51
55
58
61
65
70
73
75
79
84
88
90
92
93
97
99
102
104
106
106
105
105
106
103
100
94
88
85
80
74
68
62
57
54
53
52
52
51
49
49
48
45
40
35
35
38
40
40
40
39
246
247
250
250
245
233
196
162
141
141
149
154
153
149
144
138
131
122
117
111
111
114
121
128
138
148
154
156
154
150
146
143
138
131
123
116
105
94
81
73
70
66
61
58
56
59
64
68
72
76
78
77
78
82
85
86
87
89
89
91
94
96
99
102
102
103
102
100
96
90
85
83
79
71
64
57
51
50
49
49
48
48
46
46
46
43
40
37
37
38
39
38
37
37
246
246
247
250
249
246
211
176
145
136
145
151
153
149
144
139
131
122
116
112
113
118
125
130
137
144
152
153
151
146
142
142
139
136
130
123
113
103
91
85
81
78
75
70
66
68
71
74
77
80
80
78
77
78
80
81
81
82
83
85
87
89
91
92
93
94
95
94
92
87
82
81
75
68
61
54
49
47
47
46
46
47
44
45
43
41
39
39
39
38
38
36
35
35
246
246
246
247
247
247
222
189
151
134
140
146
150
148
143
138
128
119
113
110
112
118
124
129
134
138
144
143
140
136
136
138
140
140
135
128
118
107
97
92
89
86
83
78
74
74
75
76
78
80
83
82
79
77
77
78
77
75
76
78
79
82
83
84
83
83
84
85
86
83
79
76
73
67
57
53
49
47
46
44
44
46
44
44
42
39
38
39
39
37
36
35
33
33
248
248
247
247
244
246
228
199
159
136
140
143
148
145
141
136
123
114
107
105
108
114
119
122
128
132
133
133
133
133
134
136
136
136
133
127
118
107
98
94
93
90
85
81
77
76
76
76
77
78
77
76
73
69
68
70
69
67
68
70
72
74
76
77
76
76
76
78
80
80
76
73
68
61
54
52
50
47
45
43
45
47
46
44
41
38
38
39
38
36
34
33
32
32
248
250
248
245
243
246
234
206
167
143
138
139
144
141
138
132
118
109
101
100
103
107
110
113
117
125
126
127
129
131
131
130
128
126
125
121
115
105
96
94
92
89
86
81
77
76
76
75
76
78
77
74
70
67
67
68
68
67
66
67
68
69
69
70
69
69
74
73
75
77
75
70
64
57
52
52
50
46
43
45
47
48
47
43
40
37
38
38
37
36
33
33
33
33
250
250
247
243
243
247
237
209
173
149
136
135
139
137
135
128
113
106
97
96
99
101
102
103
109
117
121
121
122
122
123
121
120
120
121
119
114
104
93
90
87
85
81
76
71
70
70
70
71
73
73
68
64
62
60
59
59
60
61
62
63
65
66
68
68
69
70
67
69
73
75
71
65
59
52
51
49
44
42
45
48
48
47
42
37
35
36
36
36
35
34
34
34
35
248
248
245
245
244
245
241
216
176
151
138
134
133
133
131
127
114
103
94
94
96
99
98
100
105
109
113
113
112
112
112
114
116
117
119
114
108
100
92
88
86
84
78
75
70
67
65
65
66
66
66
61
59
58
54
48
48
51
53
54
56
59
62
65
66
66
65
64
67
71
72
71
65
59
51
50
46
43
42
44
47
46
46
43
39
35
34
34
34
34
32
34
36
38
246
245
247
247
245
244
243
225
186
153
140
135
133
129
128
125
114
103
93
91
93
96
95
95
96
97
102
103
105
108
109
110
111
112
113
107
102
94
87
84
83
81
78
74
69
66
65
63
62
60
60
57
54
52
50
48
49
51
50
50
51
53
57
60
63
63
65
65
68
72
73
71
64
57
50
49
46
44
43
45
47
47
48
44
40
34
32
32
31
31
33
34
36
38
246
244
247
248
243
240
242
235
199
160
144
138
134
128
123
122
111
99
90
90
94
100
97
90
85
82
86
93
103
109
109
108
108
110
111
105
98
90
82
80
80
78
78
74
70
67
65
62
60
58
57
56
53
50
50
53
55
55
54
53
53
55
59
62
64
64
64
65
71
76
77
72
63
55
49
48
46
45
45
46
48
48
50
46
41
35
31
30
29
29
33
34
36
39
246
244
247
248
241
237
243
241
212
171
146
139
135
129
122
119
109
97
86
86
90
94
90
82
78
76
83
95
109
114
112
108
107
110
113
107
99
90
82
81
82
81
81
75
70
68
66
64
61
59
55
54
53
52
52
54
56
57
56
55
56
57
60
63
63
62
62
66
75
81
81
75
65
55
48
48
46
45
45
46
49
49
50
46
41
35
31
29
29
31
31
33
35
38
247
245
247
248
243
241
243
243
221
180
147
136
133
129
122
118
108
95
87
84
84
81
76
76
83
89
98
105
114
116
114
110
108
110
110
105
97
89
84
83
85
84
83
76
68
64
63
60
57
56
54
52
51
51
49
48
50
52
53
53
54
55
57
58
59
58
58
64
76
83
84
78
66
56
48
46
43
42
43
44
47
49
50
46
40
34
29
29
29
30
30
32
35
39
249
247
245
248
247
246
243
244
227
190
150
133
128
127
123
118
109
100
94
88
82
76
71
76
87
96
98
99
100
103
103
103
101
100
99
94
88
83
81
82
83
82
79
70
61
57
55
52
50
49
48
45
44
42
40
38
40
44
47
49
50
49
50
51
53
54
55
62
74
83
84
77
66
55
48
45
41
40
41
44
47
49
49
44
37
31
28
27
28
29
29
32
36
40
250
249
243
249
250
249
243
246
237
203
162
134
124
127
125
120
113
106
99
92
83
73
66
67
74
77
76
78
82
86
89
89
87
85
85
79
74
73
76
79
78
74
68
60
52
49
49
47
45
45
39
39
38
38
37
38
39
41
45
48
51
50
48
49
51
51
57
64
76
83
83
75
64
54
47
44
39
38
40
44
47
50
48
42
34
28
26
26
27
27
29
34
38
42
249
248
243
250
251
249
243
249
247
215
174
139
124
128
127
123
116
111
109
99
85
71
62
60
59
56
63
71
82
88
88
84
80
78
76
69
65
67
72
76
73
66
59
52
45
45
47
47
45
45
40
43
45
46
48
52
54
52
51
56
59
59
57
55
56
56
62
68
79
84
82
74
63
53
46
41
37
37
39
43
46
50
47
41
32
27
26
27
28
27
29
35
41
44
247
246
247
250
253
250
245
248
247
229
189
153
133
127
123
125
121
113
110
106
90
74
68
64
67
75
86
96
104
108
109
106
99
88
84
80
75
77
75
79
71
63
54
49
52
52
52
53
52
52
50
51
54
59
66
71
70
66
65
70
75
76
72
66
64
64
68
74
81
84
81
73
60
49
42
42
40
37
37
43
49
51
47
39
31
27
27
28
29
30
34
38
43
46
248
247
248
250
250
249
246
249
249
239
207
168
140
128
124
124
120
116
109
103
92
82
79
80
88
98
110
116
119
123
125
126
124
118
109
107
102
102
97
95
82
71
62
59
62
65
66
68
68
69
65
67
69
71
75
79
78
75
77
81
85
85
79
73
73
75
76
78
79
80
78
71
58
47
39
40
39
38
39
45
51
53
48
40
31
27
28
28
30
32
35
40
45
46
248
249
250
250
247
249
248
246
247
246
222
182
146
130
124
121
118
119
112
102
92
87
87
93
104
114
124
127
126
130
135
137
138
135
134
131
127
126
119
114
101
89
81
78
82
84
84
84
83
86
87
89
89
86
84
86
86
85
86
87
89
87
80
75
77
81
82
80
78
77
75
68
54
42
36
38
39
39
41
47
52
54
49
38
29
28
29
30
32
35
40
45
48
47
248
249
250
250
247
249
250
244
244
247
230
194
154
130
124
120
116
117
110
99
90
88
92
105
119
127
133
136
137
143
147
148
147
143
142
140
137
132
125
119
110
102
97
92
95
97
95
92
90
93
98
97
94
91
88
88
89
91
93
92
90
86
81
78
81
86
84
80
78
77
75
67
50
37
35
37
39
41
46
51
54
53
46
36
28
29
30
31
34
39
43
47
48
47
248
249
248
251
248
249
250
244
243
245
238
211
169
139
126
120
115
111
110
103
95
92
99
114
127
131
138
143
148
155
160
157
153
147
139
136
132
124
116
109
105
100
96
91
93
96
94
90
88
90
90
86
84
85
84
84
89
94
92
87
82
79
78
79
82
86
84
82
79
77
74
64
47
33
33
35
39
43
50
55
55
52
43
33
27
29
31
33
37
43
45
47
46
44
248
249
246
251
247
246
248
246
246
247
243
226
189
153
132
124
118
112
107
105
99
98
106
118
128
130
137
143
148
153
157
155
151
144
134
127
120
107
98
94
97
97
92
86
87
89
88
85
81
82
80
76
75
79
81
83
88
93
89
84
78
78
81
84
86
88
84
83
80
76
70
59
43
31
31
34
39
46
54
57
55
50
40
33
28
29
32
35
40
45
47
44
42
41
249
249
247
250
247
246
246
245
247
246
244
237
208
171
140
126
119
110
100
102
100
100
111
121
130
136
142
147
148
148
150
151
151
145
132
123
114
100
92
89
94
95
89
83
83
83
82
81
75
74
76
75
76
78
80
81
83
86
82
77
74
76
81
83
83
83
81
80
78
73
66
54
39
29
30
36
43
49
56
58
53
47
39
34
29
29
32
35
41
46
47
43
39
38
249
249
247
249
247
247
246
244
245
244
245
244
222
185
147
126
119
107
104
106
103
103
112
120
129
140
145
148
145
142
143
145
146
141
133
125
119
107
101
94
95
93
86
79
79
78
78
77
73
69
72
76
78
78
78
79
79
77
79
76
75
79
84
85
83
81
76
76
75
71
64
52
37
27
30
37
45
51
56
56
51
45
37
33
29
28
31
35
41
46
47
42
37
34
249
249
248
248
248
248
248
247
245
244
246
244
239
203
155
128
113
104
105
106
107
108
113
121
133
143
151
151
147
143
139
138
137
136
129
123
117
112
105
98
92
87
79
73
69
71
74
73
69
67
68
71
74
78
75
72
69
69
71
74
78
82
85
85
82
78
75
72
73
68
60
48
35
31
31
37
46
50
52
53
46
40
37
32
28
27
29
35
42
44
45
41
32
31
249
249
248
248
248
248
248
247
246
245
245
243
243
223
181
142
115
106
105
103
101
104
112
122
135
148
152
153
152
147
140
135
131
128
124
118
112
107
101
95
89
84
70
67
65
65
67
68
65
64
64
65
67
70
68
66
67
68
72
76
80
84
86
85
80
75
71
68
67
63
54
44
33
30
33
39
45
49
50
49
44
39
36
31
28
28
29
35
42
44
40
36
28
27
248
248
248
248
248
248
247
246
246
246
246
242
248
242
208
158
120
108
108
102
100
106
116
126
138
147
152
154
154
149
143
137
130
123
121
115
110
105
99
93
87
81
75
74
73
71
70
70
69
67
62
61
62
64
64
66
70
74
78
81
84
86
87
85
79
72
69
65
63
56
49
39
31
30
34
38
43
47
48
46
42
39
33
29
27
28
30
35
41
41
36
31
26
25
249
249
248
248
248
247
246
246
245
246
246
243
248
249
224
175
132
115
107
100
99
107
119
131
140
146
148
149
146
144
143
141
132
124
115
111
108
106
104
102
99
94
91
90
88
85
82
79
76
73
69
66
64
66
68
72
77
80
85
85
85
85
86
84
78
71
66
61
57
51
43
36
30
30
33
36
42
45
47
46
41
37
31
27
25
27
31
36
38
37
31
28
25
27
249
249
248
248
248
247
246
246
246
246
247
244
245
247
233
197
154
125
110
107
110
116
123
131
138
141
141
141
140
139
140
140
134
127
117
114
114
115
116
118
116
111
110
106
103
102
98
92
86
82
80
75
71
71
75
79
82
84
87
86
85
86
86
85
77
69
62
56
52
45
38
32
28
29
35
38
43
47
48
46
39
34
28
24
24
28
33
37
37
34
27
24
23
27
249
249
247
248
248
247
248
247
247
247
248
246
242
242
239
219
178
135
112
111
118
125
126
128
131
132
133
136
139
139
138
137
136
134
130
129
129
130
131
132
130
124
120
115
111
111
109
104
97
93
89
83
79
80
84
87
88
87
86
87
88
89
89
84
74
65
58
52
48
41
35
31
28
30
39
44
48
49
48
45
36
30
25
23
23
28
33
36
36
31
23
21
24
31
249
249
249
248
248
248
248
248
247
247
248
246
241
241
243
236
203
157
119
108
110
120
124
124
127
127
129
133
140
142
140
138
140
143
144
142
143
143
143
144
139
131
119
115
111
112
111
109
104
100
96
90
86
87
89
90
88
86
84
87
91
91
87
79
68
60
54
48
44
38
32
30
28
33
40
47
51
49
44
40
33
27
22
21
24
28
30
32
30
26
23
25
31
39
248
248
250
249
249
248
249
248
247
246
247
246
243
243
245
246
225
184
146
119
105
113
120
123
126
128
129
132
136
140
142
143
146
150
156
154
153
151
148
144
137
127
120
117
114
112
113
114
111
106
100
95
91
89
88
85
81
78
82
87
91
90
83
73
63
56
49
45
41
35
30
28
28
33
37
46
51
45
39
36
30
24
19
20
24
27
28
28
25
23
24
29
39
47
249
249
248
249
250
249
248
248
248
247
250
250
247
245
248
250
235
214
176
133
110
111
118
124
123
123
122
128
136
142
144
145
147
149
155
158
158
152
145
140
132
124
117
116
114
113
114
115
111
106
102
93
91
90
84
77
72
74
79
85
90
86
76
65
56
50
47
42
36
31
27
26
31
37
42
48
50
45
38
32
25
22
18
23
25
24
24
22
21
23
31
35
47
55
249
249
250
250
250
250
249
249
249
248
249
250
248
246
246
249
246
237
208
165
130
116
116
122
118
114
115
125
136
142
145
144
144
147
152
154
153
147
141
135
127
121
117
116
114
113
113
112
109
104
99
89
86
82
76
71
70
74
78
82
83
79
71
61
53
47
42
37
33
29
27
27
33
40
44
48
48
42
35
30
26
24
19
24
25
22
22
21
21
26
35
46
57
55
249
249
250
251
250
250
250
250
249
248
247
246
248
248
245
246
248
248
237
205
166
132
115
110
111
111
116
126
134
139
142
139
138
142
148
147
142
135
130
126
121
116
113
113
113
112
111
108
103
99
96
86
80
74
66
64
67
74
79
80
78
72
64
56
48
43
38
35
31
28
27
29
35
42
45
46
44
37
30
27
26
26
23
26
25
22
22
23
26
32
41
58
66
53
249
249
250
250
250
248
249
249
249
247
243
243
247
249
247
245
244
242
244
230
204
168
135
116
109
111
121
127
131
134
138
136
136
141
145
140
130
121
118
119
116
111
107
107
107
107
104
101
95
91
87
79
74
66
59
60
67
77
84
81
75
66
59
51
44
39
36
32
29
27
28
31
36
40
42
41
36
29
25
23
26
28
25
27
26
22
24
30
38
42
50
62
63
45
248
248
249
249
248
247
248
249
248
247
245
246
249
250
249
249
246
242
243
238
230
212
183
148
123
110
118
122
127
132
134
132
133
140
137
132
122
113
113
117
115
108
102
101
99
99
98
93
86
80
77
71
67
60
55
59
67
77
84
78
69
59
51
45
39
34
31
28
25
26
29
32
34
37
37
34
30
25
23
23
26
28
28
26
25
23
28
39
51
57
58
59
50
31
247
247
247
248
247
247
247
248
248
247
250
250
250
247
245
246
249
247
246
242
240
238
222
190
156
130
119
116
117
125
127
122
122
126
127
124
118
111
111
114
110
103
97
95
94
94
92
86
77
72
68
63
60
57
55
60
68
75
76
70
59
49
43
39
33
28
26
24
23
25
30
33
33
34
32
29
26
24
24
26
27
26
27
26
28
30
37
51
64
67
61
49
35
21
246
246
247
248
248
246
246
247
248
247
251
248
246
243
241
244
247
248
246
244
242
245
238
226
204
175
143
119
106
111
115
115
114
111
116
115
113
109
105
102
98
94
88
87
86
86
83
76
68
64
60
57
57
55
54
60
64
68
64
58
48
40
36
34
29
25
24
23
23
25
29
30
31
30
29
26
25
26
28
27
25
24
26
28
35
42
51
62
69
66
54
36
23
14
247
247
246
247
247
247
245
246
247
247
247
243
242
243
245
246
247
247
246
245
244
245
247
248
240
212
173
129
98
100
110
116
116
110
109
109
109
107
98
90
85
86
78
77
77
77
73
67
60
57
56
52
52
49
50
56
57
59
54
49
40
34
32
31
28
24
23
23
24
25
26
27
27
27
27
25
25
28
30
28
23
20
24
30
41
54
63
69
69
59
43
25
14
9
245
246
246
246
246
246
246
246
246
246
247
245
244
246
248
248
245
242
242
241
247
250
247
244
241
233
204
166
124
97
97
106
104
105
105
104
106
101
91
80
71
70
68
68
69
68
65
60
55
53
54
53
50
48
48
49
48
45
43
39
36
35
33
31
27
25
22
21
22
25
26
23
22
22
20
23
24
25
30
30
29
31
39
44
55
71
74
69
59
41
24
16
9
7
246
246
245
246
246
246
246
246
245
245
245
245
244
245
246
246
244
243
244
242
244
245
243
243
242
239
230
209
173
130
106
98
92
89
90
89
90
88
80
72
62
60
57
59
61
61
58
54
51
50
53
52
49
45
43
41
39
37
35
34
33
32
31
31
29
27
24
21
20
20
19
18
18
20
23
26
25
23
26
31
36
42
54
59
68
78
74
59
42
25
12
11
8
7
246
246
245
245
246
246
246
246
245
245
245
245
245
246
246
246
246
246
245
242
241
242
240
241
243
243
244
234
214
176
134
101
82
78
79
74
71
69
67
62
55
52
48
50
53
54
52
49
48
48
47
46
46
45
42
38
35
34
31
32
33
32
32
33
32
31
30
28
25
24
23
21
22
24
26
27
23
21
27
36
48
56
67
73
76
77
65
45
28
16
7
8
8
7
