119
102
91
85
90
109
127
153
176
199
223
234
240
243
241
239
239
239
242
240
241
243
243
240
236
233
230
228
227
227
224
218
213
210
211
210
209
209
211
211
208
203
201
196
193
193
193
194
195
195
194
195
196
195
195
196
197
197
194
190
192
199
204
208
211
211
209
208
205
203
200
198
193
189
183
177
161
145
128
103
92
98
90
87
84
90
98
100
99
96
93
85
73
66
114
101
91
86
95
125
152
182
206
227
241
244
244
247
248
244
245
246
246
244
243
243
241
238
233
230
229
230
230
229
225
222
218
216
215
212
210
209
210
209
205
201
198
195
195
196
195
196
198
198
197
197
197
196
196
197
197
196
198
193
194
200
202
205
209
210
209
208
207
206
205
202
196
191
190
190
178
163
144
116
100
100
96
90
82
86
95
98
100
99
98
92
80
67
109
99
91
102
116
143
174
205
226
245
248
247
247
248
247
247
246
247
245
242
238
236
236
235
234
236
234
235
234
230
224
220
217
216
213
212
209
207
206
207
205
203
201
199
197
197
197
197
197
196
196
196
194
191
188
188
189
191
193
194
195
198
201
205
207
208
211
209
206
205
206
203
198
196
196
192
187
176
158
129
108
90
98
96
90
85
89
94
94
95
99
99
87
69
115
100
100
113
130
160
193
222
237
247
251
250
249
248
248
247
246
245
245
243
240
238
238
239
237
234
229
228
225
220
216
212
210
209
207
205
202
199
199
200
201
200
195
194
194
195
196
197
196
195
195
195
194
193
190
189
189
189
194
196
198
199
201
204
207
208
209
208
204
201
201
200
198
198
198
195
192
185
171
144
117
89
95
95
94
88
86
90
92
93
93
96
86
70
111
97
101
116
139
174
210
238
246
247
252
252
250
249
248
248
247
243
243
244
241
238
237
237
233
227
223
221
217
213
211
210
209
207
203
203
202
201
201
200
199
197
193
192
193
194
196
197
197
197
194
194
195
195
194
193
192
191
188
191
194
195
196
198
202
204
206
206
201
196
196
197
198
199
199
194
196
193
185
162
129
89
85
85
93
93
87
89
89
86
88
91
87
74
108
102
104
121
148
189
224
247
251
251
252
253
252
250
250
250
246
242
239
240
238
235
232
230
226
221
221
218
215
213
213
211
209
207
206
206
205
203
202
200
198
196
195
194
193
191
191
191
190
190
190
190
190
190
191
190
188
187
185
188
191
193
194
197
199
201
202
202
198
194
194
197
197
198
197
192
195
197
193
178
144
97
77
69
84
96
93
92
86
78
79
84
85
78
110
107
104
122
158
203
234
251
251
252
253
254
254
252
250
249
244
239
234
235
235
233
228
225
223
223
217
214
212
212
213
210
205
202
197
195
193
190
188
187
188
188
189
189
189
189
189
189
189
190
189
187
186
184
184
183
182
181
185
186
188
188
190
192
193
194
197
197
194
191
193
194
194
193
194
192
195
196
196
187
160
116
82
63
76
94
93
93
87
80
75
78
81
78
105
95
90
114
159
211
238
249
250
253
254
254
254
252
249
246
240
236
235
235
235
232
227
222
220
221
218
213
209
207
205
200
193
189
183
183
184
184
184
183
184
186
187
189
192
194
195
195
196
196
193
192
190
188
187
187
187
187
187
187
187
187
189
190
191
190
193
193
190
189
190
190
188
188
192
192
194
195
197
193
174
137
97
66
70
83
83
86
88
88
79
79
81
78
94
81
82
112
166
219
242
251
252
254
253
253
252
252
249
245
240
238
239
238
236
232
227
223
219
217
217
209
201
196
191
186
181
180
184
186
189
192
192
188
187
188
191
192
194
194
193
191
191
191
193
193
192
191
188
187
187
188
187
187
188
189
191
194
195
195
194
191
187
186
187
185
185
188
191
192
194
194
197
194
181
156
115
76
70
76
76
84
86
87
79
78
81
81
86
76
86
121
176
225
244
250
250
251
253
252
252
253
251
247
244
243
240
240
236
231
229
228
222
215
200
193
185
181
181
182
184
186
190
191
192
192
190
185
183
183
185
185
186
185
183
183
184
186
185
186
185
183
179
176
174
174
172
174
175
178
182
186
190
191
195
191
187
186
185
183
184
190
190
193
195
195
198
194
185
165
131
89
77
77
78
85
82
79
72
72
79
80
87
82
99
137
191
231
246
249
249
250
251
252
253
253
252
246
244
243
237
236
234
228
226
218
209
198
191
185
182
185
190
195
198
196
193
189
184
182
178
174
173
174
176
178
180
180
178
176
176
177
175
174
172
169
167
167
168
169
170
169
169
170
171
170
169
170
176
178
182
186
186
184
183
183
187
192
195
196
198
195
184
173
140
107
84
79
79
77
77
75
70
67
68
71
91
97
119
161
210
237
244
248
249
249
250
252
253
252
246
241
241
243
241
235
226
216
213
208
201
193
192
189
190
194
196
196
193
188
181
176
172
169
168
169
172
175
177
178
179
179
178
177
177
177
174
174
175
175
176
177
178
179
180
179
178
177
175
172
171
170
171
170
170
172
175
177
179
182
186
190
191
191
195
193
182
173
147
116
90
80
74
73
75
71
65
63
65
68
102
115
135
175
220
240
243
246
250
250
250
251
252
251
246
242
241
243
239
230
219
209
210
209
206
200
190
187
186
186
184
181
176
172
169
168
166
166
168
173
177
180
183
183
183
184
184
184
183
183
185
184
184
183
183
182
182
181
183
181
178
175
174
176
176
175
178
174
171
170
171
173
176
178
182
184
183
184
188
188
179
170
149
120
96
82
72
73
76
71
70
66
64
65
109
117
138
175
217
238
245
247
249
250
251
250
250
251
250
249
244
242
236
228
219
211
213
210
206
199
191
186
182
178
173
169
166
164
164
167
169
172
176
180
181
181
183
183
183
183
183
182
182
182
184
183
181
180
180
179
178
177
176
178
178
174
172
174
177
178
183
180
178
177
177
177
176
177
179
180
179
179
183
183
175
167
146
120
100
88
75
76
79
76
76
69
64
68
111
112
139
178
218
237
244
245
247
250
250
247
246
249
251
249
247
244
240
232
224
215
214
208
201
194
189
184
180
177
172
169
168
167
169
172
175
178
179
180
179
177
174
175
175
174
171
170
170
171
168
168
168
169
168
168
167
167
165
173
178
175
170
171
175
179
183
182
182
184
183
181
178
177
180
181
180
181
184
183
175
168
147
122
104
93
80
75
80
81
76
66
65
74
107
109
140
183
221
234
240
243
246
248
248
246
244
246
246
246
247
247
245
235
224
213
210
203
197
191
180
175
173
173
170
169
169
170
173
174
175
174
172
171
170
170
171
172
173
172
168
167
167
169
169
170
172
172
171
170
169
169
170
172
171
168
166
168
170
171
174
174
175
178
180
179
179
178
180
182
182
183
186
183
174
167
149
124
103
93
82
74
78
82
77
67
65
75
104
109
141
181
216
229
235
238
241
246
246
244
242
242
243
244
246
248
246
234
220
206
202
195
189
182
177
172
170
172
171
170
170
170
169
169
169
168
165
162
162
165
172
174
177
176
175
174
175
177
181
182
183
181
180
180
182
185
187
181
174
169
169
169
168
167
168
165
164
167
173
177
178
178
176
178
177
179
183
181
171
162
149
123
100
89
81
72
71
76
75
66
62
72
112
119
142
176
208
225
233
233
234
239
244
242
239
240
242
244
246
247
244
230
215
203
201
195
189
181
177
172
173
176
175
171
167
165
166
167
169
171
168
165
165
168
170
173
176
178
178
179
181
183
186
186
183
177
173
173
178
183
187
185
184
184
183
181
181
182
183
176
170
169
172
174
173
172
172
172
172
175
181
178
167
158
148
124
97
85
79
69
64
66
66
61
61
71
122
122
143
176
208
222
228
232
233
237
239
240
238
237
239
242
244
246
243
231
217
206
199
195
191
185
180
179
179
179
177
172
169
168
171
173
176
176
175
172
169
168
166
169
171
172
173
175
177
178
180
180
177
171
167
168
174
178
183
183
184
185
185
185
186
187
185
183
180
177
176
174
173
171
173
169
168
173
178
174
165
159
142
122
96
81
76
67
56
53
54
54
56
67
126
130
151
178
204
218
226
230
230
233
238
238
235
234
237
239
240
241
236
228
219
210
203
198
193
187
182
181
180
179
178
176
174
172
177
178
179
178
175
171
168
167
167
168
168
168
170
174
177
179
178
178
176
173
170
171
175
178
185
186
187
186
185
184
183
183
185
183
182
181
182
181
179
176
173
172
172
173
175
174
166
159
141
121
96
82
73
62
52
48
48
48
55
68
131
141
159
178
196
207
218
224
228
232
234
233
230
229
232
235
233
233
230
227
221
214
208
200
192
186
181
181
180
180
182
183
183
180
179
180
181
180
177
174
172
171
171
170
169
169
171
175
178
179
179
178
178
177
177
177
180
183
188
189
189
188
187
188
188
187
188
187
186
186
188
187
183
179
175
176
176
173
173
174
168
161
145
123
101
86
72
60
52
45
42
47
63
79
132
141
158
175
190
201
213
218
223
228
231
229
226
227
231
233
230
228
227
228
227
222
213
204
195
189
188
189
188
188
190
193
192
189
190
190
189
186
182
178
174
172
172
173
173
174
175
177
178
178
179
179
178
179
178
178
181
184
187
189
190
191
194
199
202
202
197
196
194
193
193
191
186
181
177
179
178
175
173
173
170
166
149
125
105
90
72
60
53
45
35
44
68
87
130
130
143
165
185
203
215
218
222
225
228
228
227
229
233
233
228
225
225
231
232
228
222
213
203
198
199
201
201
200
200
202
200
197
197
195
192
189
185
180
175
172
171
174
176
176
176
176
177
176
177
177
177
177
175
176
179
183
185
187
188
189
192
196
199
200
200
199
198
196
196
193
187
181
180
179
177
175
173
170
169
168
152
129
109
95
76
65
59
50
32
40
63
80
126
126
139
163
183
200
213
215
221
224
225
226
228
231
234
232
226
223
227
235
238
234
230
220
210
208
208
210
211
211
211
210
207
204
196
192
186
183
182
180
178
176
174
175
176
174
172
171
171
171
172
174
176
176
176
177
181
183
184
183
183
183
185
188
191
193
195
196
197
197
197
196
191
186
181
177
174
173
170
166
164
165
154
131
111
95
79
70
64
53
32
38
58
70
114
126
148
169
181
193
204
207
216
219
223
226
231
235
237
233
225
222
227
238
241
239
236
228
218
214
217
217
215
214
211
206
199
194
184
178
169
166
168
172
175
176
177
177
176
174
171
170
169
168
169
173
176
176
175
177
177
175
172
168
164
165
169
174
180
186
181
184
185
185
188
192
192
191
184
178
173
171
169
165
163
162
154
133
111
95
81
74
67
54
34
39
56
69
99
122
144
162
174
187
201
208
219
221
225
229
236
241
242
236
229
227
227
239
244
243
243
236
227
224
222
216
211
204
196
183
171
163
157
149
140
139
147
158
168
172
174
174
174
173
173
173
172
171
171
176
178
176
174
172
167
161
154
145
135
133
134
138
147
155
162
164
165
165
169
178
184
184
187
182
176
172
170
168
165
164
159
140
117
101
89
83
74
60
46
48
61
71
95
114
135
148
160
177
197
210
217
220
225
230
234
240
241
237
235
235
236
247
246
248
247
240
231
225
217
203
188
178
165
146
130
123
118
115
112
113
122
135
148
160
165
171
175
174
175
175
173
172
171
176
176
172
166
161
155
142
129
120
108
97
89
92
101
109
113
126
130
132
139
148
160
171
181
181
177
174
170
168
169
168
165
151
130
111
100
94
83
72
52
46
59
71
91
104
130
148
161
174
192
206
215
220
222
226
229
235
237
235
236
238
240
247
247
250
249
238
225
213
195
174
152
140
130
116
103
98
96
95
93
95
103
117
132
145
159
166
171
173
175
175
173
172
171
174
172
168
162
154
144
129
116
108
97
85
74
69
71
74
76
83
87
93
105
117
132
151
168
176
179
176
171
170
176
178
175
161
142
126
114
105
96
88
71
56
58
68
86
96
129
154
168
177
193
206
215
220
221
223
225
229
231
232
238
242
246
247
248
247
237
219
200
183
160
136
112
101
97
91
87
88
92
96
95
95
103
116
131
143
153
161
167
170
172
171
169
168
170
172
168
164
158
149
137
122
110
103
95
85
72
65
62
60
57
55
59
65
76
88
104
129
152
168
179
180
176
176
181
183
182
174
160
143
123
109
103
104
88
68
64
72
93
108
141
167
183
192
205
214
216
218
220
222
223
225
226
228
238
244
249
246
245
232
211
185
164
143
118
97
77
72
72
74
80
87
93
99
102
102
108
119
131
141
149
157
164
166
167
166
164
163
166
166
164
161
155
146
136
125
115
106
97
86
74
63
56
52
48
42
48
53
61
74
88
113
134
150
165
176
178
181
186
187
183
181
171
152
127
109
107
110
96
80
76
84
110
131
158
179
193
205
216
219
217
216
219
219
219
221
221
225
239
246
248
239
232
209
181
154
132
108
87
70
55
53
58
64
74
83
94
102
107
110
117
126
135
142
148
155
160
163
163
162
159
160
161
163
163
161
153
143
137
130
123
113
102
92
81
71
63
57
50
48
56
58
62
72
83
103
123
135
149
164
172
174
180
183
183
183
176
157
133
117
111
111
103
90
87
94
127
143
162
179
193
208
219
220
220
217
219
217
217
220
220
223
237
242
238
223
210
181
156
131
109
85
71
59
49
50
59
70
80
87
94
101
108
114
123
131
139
145
153
157
160
160
159
156
154
154
156
159
162
163
155
144
138
133
122
114
105
99
89
81
73
68
65
66
74
74
75
80
87
99
116
127
141
157
164
166
172
173
182
186
183
165
139
119
109
108
106
96
89
90
138
150
166
179
194
210
218
222
225
222
221
218
219
224
223
223
228
226
213
196
183
156
136
111
90
74
65
61
58
62
71
82
91
96
102
108
113
119
126
133
141
148
154
157
158
157
156
153
151
152
153
156
159
163
156
144
138
132
125
120
114
107
97
88
83
79
75
78
84
86
86
90
95
101
109
121
134
150
160
166
174
177
180
187
189
173
143
115
102
99
102
96
87
82
145
160
173
186
202
216
222
226
230
225
222
219
222
229
225
221
217
207
190
173
164
141
123
98
81
73
71
72
75
78
83
90
98
102
107
111
114
119
124
129
137
145
151
153
155
155
155
153
152
153
154
154
156
160
153
141
133
127
121
117
113
107
98
91
88
87
88
90
93
97
97
97
104
107
114
122
129
141
154
167
179
182
179
185
188
177
148
116
97
92
95
94
88
79
159
168
182
195
208
221
229
232
234
232
227
221
227
233
229
225
212
194
175
164
155
134
116
97
83
79
80
87
86
87
86
88
95
95
102
108
111
112
116
121
130
141
143
148
148
150
153
152
155
155
155
155
152
151
145
134
125
118
112
106
101
97
93
90
90
93
94
99
102
101
99
100
106
111
114
122
131
141
148
160
176
181
184
186
188
178
151
122
100
91
98
100
94
83
171
179
189
202
215
225
231
234
236
233
233
227
229
234
234
229
213
189
172
163
154
134
117
101
90
87
90
91
94
92
86
79
80
87
91
99
103
104
107
112
120
130
136
141
142
146
150
152
154
154
152
152
147
142
134
124
115
105
101
99
94
88
83
81
82
86
90
94
99
101
102
102
104
106
114
124
127
129
142
154
164
179
186
185
184
174
151
123
101
89
90
96
96
87
183
191
196
210
220
229
233
235
236
234
232
231
233
236
236
228
208
187
174
165
153
132
118
107
104
104
104
106
109
95
80
74
69
74
79
89
94
94
97
100
106
113
123
130
133
139
147
153
160
163
158
157
146
134
125
116
105
91
88
91
87
79
75
71
73
81
82
88
97
102
103
103
101
101
104
106
112
115
127
146
161
178
184
183
182
174
152
122
96
83
88
93
94
87
186
192
194
209
220
230
236
237
238
238
235
237
238
239
235
219
198
181
170
156
140
120
111
105
108
112
110
112
108
91
79
75
70
68
71
79
83
85
87
87
89
96
108
118
126
135
145
154
164
169
163
161
145
128
116
108
97
82
78
78
72
69
68
65
66
75
81
87
98
108
114
111
107
103
97
93
101
104
113
132
150
169
182
182
181
171
147
114
84
70
76
81
84
81
182
183
189
204
216
230
241
240
239
241
240
240
238
237
229
208
181
166
156
143
129
117
114
110
113
115
111
109
100
90
81
73
68
61
65
68
70
73
76
74
77
84
97
109
120
134
148
159
168
170
167
164
147
126
110
101
91
75
70
64
57
59
64
63
62
65
73
76
84
96
108
113
113
110
98
98
99
97
107
118
128
153
175
174
170
160
141
111
84
71
69
74
77
75
173
175
186
205
219
233
244
242
240
241
242
243
240
236
221
197
172
158
145
137
127
120
119
112
113
111
100
104
96
87
78
69
69
64
62
62
61
61
63
61
64
72
88
100
111
125
140
149
153
151
145
144
132
113
99
88
80
69
61
55
53
53
53
50
49
49
46
47
51
59
70
82
96
106
99
96
100
99
100
106
117
133
140
143
139
136
127
109
86
73
70
69
69
73
155
158
179
203
220
233
243
243
241
241
244
245
242
232
214
192
167
151
137
135
126
116
113
109
116
115
124
116
100
82
69
62
57
53
53
56
55
52
52
52
55
61
76
87
97
107
117
124
130
131
123
124
116
102
87
76
69
62
53
49
50
48
41
38
39
35
25
27
31
37
43
54
70
83
90
88
98
102
96
103
114
111
110
121
129
131
128
111
85
70
66
67
72
87
137
135
165
196
216
228
239
244
244
243
243
242
234
221
204
185
158
134
131
134
126
115
116
124
144
150
129
96
68
54
51
46
36
36
39
47
49
46
47
49
51
54
61
77
88
96
105
116
131
139
141
142
132
116
95
76
66
59
54
48
49
47
42
46
44
32
27
28
33
44
52
55
57
59
69
80
92
99
101
108
113
108
120
142
160
164
156
130
97
77
75
85
97
114
121
121
144
176
203
215
225
233
236
239
238
242
236
223
208
193
163
153
151
145
129
110
116
148
157
133
99
59
36
38
37
31
33
36
38
43
43
41
46
52
56
58
60
70
87
104
125
139
148
159
163
170
155
140
116
84
71
65
58
48
42
52
59
53
46
35
28
32
39
52
64
67
60
50
60
75
86
99
107
117
120
119
133
159
175
173
167
143
104
84
94
107
126
144
111
108
118
135
152
165
177
185
188
192
203
208
216
222
210
181
133
107
116
124
115
103
118
137
113
72
65
57
44
36
30
31
37
41
50
49
42
38
43
53
60
63
66
74
86
107
130
147
159
169
172
175
162
145
117
80
62
60
61
52
47
56
61
56
46
34
34
36
41
50
62
70
70
67
71
85
90
106
115
120
127
127
136
162
181
181
176
153
115
95
106
127
144
148
126
119
108
119
133
142
144
138
130
126
128
133
142
144
131
113
91
81
90
93
89
93
103
92
72
67
64
61
47
33
31
31
35
45
53
53
47
42
44
54
63
70
69
70
73
97
124
141
161
172
176
177
170
153
119
78
59
65
69
61
54
59
62
62
60
54
51
51
55
62
72
79
85
88
92
100
95
110
118
121
130
130
135
163
184
187
185
168
137
120
125
145
154
146
159
153
155
170
190
200
199
196
193
189
189
186
183
171
153
146
140
134
126
109
86
83
93
84
74
82
83
66
43
33
35
35
37
48
55
57
57
56
57
63
70
76
73
65
63
92
123
142
163
176
180
178
178
165
133
85
55
61
66
64
62
64
64
66
70
71
68
68
71
78
84
89
96
104
113
114
106
115
122
128
132
131
139
167
189
190
190
183
161
148
147
151
151
140
171
165
172
193
214
221
222
226
228
223
218
209
195
171
148
141
145
141
120
104
91
100
121
125
112
98
86
70
52
45
46
48
51
56
65
65
63
64
69
71
75
80
75
64
63
99
132
147
168
177
182
176
179
176
153
104
58
51
62
59
58
56
54
57
64
70
70
70
74
81
85
92
102
113
123
122
120
124
131
137
133
131
148
175
193
190
188
187
172
160
156
152
145
136
182
169
179
201
220
227
231
237
234
227
226
223
217
196
168
148
145
140
134
112
108
134
165
173
150
116
98
82
72
67
63
62
64
65
67
64
60
61
62
63
73
86
84
71
72
103
132
147
166
177
185
179
182
182
164
117
71
59
63
56
50
45
44
48
55
61
62
65
71
80
85
91
100
109
119
123
129
131
133
138
131
131
162
184
197
192
189
189
174
161
151
147
140
131
183
168
182
199
212
221
231
235
234
231
236
234
229
217
203
189
184
172
151
138
132
135
145
153
144
119
106
92
82
79
74
69
68
67
60
59
59
61
59
59
75
98
100
89
90
109
131
150
169
180
189
188
188
186
170
129
91
79
71
62
58
55
52
51
51
55
59
61
68
76
83
88
96
103
114
125
134
135
129
131
133
144
181
192
200
196
193
189
173
159
143
141
135
128
176
166
170
185
200
215
230
235
235
237
238
241
236
224
221
217
215
197
174
157
147
144
140
135
121
105
92
87
79
74
73
70
65
61
59
57
61
67
68
69
86
111
109
101
106
118
134
155
174
184
185
187
189
191
180
145
110
97
86
76
72
66
59
55
55
61
60
61
64
69
76
85
94
101
114
129
137
138
127
128
146
167
190
194
196
193
189
182
164
152
143
138
130
127
175
158
156
162
181
207
226
237
238
238
241
239
233
225
225
227
220
215
195
176
166
158
147
129
111
90
82
76
70
68
67
62
60
57
58
63
71
77
80
86
99
114
106
107
116
122
135
157
173
182
182
179
184
191
182
157
129
110
99
93
87
78
68
66
67
71
71
71
73
79
85
90
98
105
117
128
137
136
131
138
160
182
193
196
192
197
192
175
163
150
134
137
137
136
177
170
158
157
173
204
227
235
239
240
241
240
237
230
230
230
226
225
211
197
184
168
155
136
117
94
79
73
67
66
67
66
65
65
66
72
78
83
90
100
107
110
112
115
124
128
140
167
181
185
180
178
182
186
179
158
138
125
117
109
101
90
80
78
79
81
83
82
85
90
93
98
104
111
118
124
131
140
149
162
176
184
195
194
193
196
190
177
163
146
135
141
143
141
182
181
175
173
186
212
232
238
240
242
243
243
245
240
236
234
229
231
225
215
199
173
155
139
120
99
82
77
72
72
74
74
73
74
76
82
86
86
91
101
110
115
124
128
134
136
153
183
196
193
182
180
182
183
175
159
144
136
130
122
115
105
96
92
88
88
90
88
89
92
95
97
105
112
119
128
140
152
165
178
186
189
195
192
195
194
186
178
163
145
137
143
146
145
182
188
198
205
215
226
234
240
241
242
244
246
248
245
242
239
233
234
238
233
215
185
162
139
117
96
86
82
79
79
80
80
78
77
80
85
91
93
98
108
122
132
138
139
139
143
166
199
210
198
187
184
184
184
176
163
151
142
135
130
130
125
119
114
107
104
100
96
95
96
98
101
109
118
126
139
155
166
172
178
185
190
195
190
197
192
179
175
160
139
132
138
140
146
172
188
206
222
232
232
234
238
241
242
243
246
249
245
244
244
240
239
240
237
228
204
179
149
121
100
91
86
82
80
81
81
82
82
87
93
102
112
124
135
144
147
146
143
140
148
176
207
216
200
190
186
185
186
182
172
159
148
137
135
138
140
137
134
129
126
122
119
117
117
116
119
126
134
139
147
160
170
174
176
181
187
194
187
195
187
174
171
150
124
115
124
132
141
158
177
203
222
233
233
233
236
238
241
245
247
247
244
245
247
243
242
235
232
229
216
196
167
142
122
109
103
94
90
89
91
95
98
106
115
122
129
139
150
151
147
146
143
144
160
188
215
221
205
193
187
184
185
184
178
166
154
143
140
142
142
139
140
139
140
143
143
142
141
138
138
142
146
150
152
159
169
173
174
177
182
193
183
190
182
172
167
140
109
99
111
126
136
149
165
195
217
231
232
234
235
235
239
245
246
248
246
246
246
242
244
239
233
231
222
204
180
161
142
132
128
122
116
113
115
119
122
129
135
137
136
136
141
142
140
143
149
159
177
199
218
222
205
193
187
184
184
184
180
170
159
153
148
148
144
139
140
142
147
152
154
155
152
148
148
148
149
152
154
158
165
168
170
174
178
187
178
182
178
169
163
137
106
92
104
120
131
146
157
185
214
231
231
230
232
233
235
240
243
247
248
248
245
241
244
239
230
231
223
206
184
166
147
145
144
141
139
137
138
139
140
141
141
140
136
132
131
133
137
141
156
173
189
204
215
216
199
190
186
184
185
184
182
174
164
155
151
150
146
140
141
144
149
154
157
158
155
150
150
150
150
147
151
155
160
164
168
172
175
177
174
176
172
165
159
138
111
95
103
115
125
143
154
180
211
225
229
232
229
230
229
235
240
241
240
240
247
243
243
236
227
226
219
201
179
159
150
149
148
145
143
142
142
142
141
141
140
138
140
135
137
142
145
154
164
186
196
196
208
202
192
185
181
180
180
178
180
179
170
162
151
149
145
139
139
137
143
148
155
159
159
157
157
156
153
154
153
152
153
158
163
164
165
167
163
169
167
158
159
146
118
99
103
117
128
135
160
186
216
228
229
229
225
226
226
230
236
238
238
238
244
239
238
232
224
222
214
198
181
166
160
160
158
155
152
150
150
149
147
147
145
144
145
142
141
142
143
156
179
206
208
197
201
193
184
178
176
176
175
172
174
175
172
160
150
143
139
137
140
141
142
147
153
157
158
156
156
156
155
156
155
155
155
155
156
158
159
160
158
165
167
159
158
149
127
103
103
114
129
119
160
198
227
234
231
227
222
223
224
228
232
235
235
234
236
231
231
227
221
218
208
195
184
176
172
171
169
167
164
161
159
156
153
151
148
147
147
146
143
141
139
156
195
227
225
208
206
195
180
170
169
169
168
168
170
174
177
165
155
140
134
134
137
143
140
145
151
155
157
156
156
156
156
157
157
157
155
151
150
151
155
156
157
161
166
160
156
151
130
105
103
114
133
108
151
210
235
239
234
226
222
221
222
228
230
230
229
226
227
221
223
222
218
216
205
191
185
181
177
174
173
172
169
167
163
157
153
151
148
147
144
145
141
136
133
158
207
237
230
215
212
198
177
161
159
156
158
162
165
169
174
170
161
143
131
128
132
142
140
145
149
154
156
156
156
157
157
157
157
157
155
150
146
148
153
154
156
156
163
159
154
149
128
102
102
120
141
106
145
214
238
240
235
225
221
219
220
225
227
225
223
219
219
213
214
215
213
212
202
189
184
182
179
173
172
171
168
164
160
155
151
151
148
147
143
141
136
125
125
159
213
237
227
210
205
189
169
156
153
150
151
154
156
160
166
167
163
147
134
125
126
139
141
143
146
151
155
157
156
157
157
157
155
153
151
146
144
146
151
149
153
151
157
159
154
144
121
100
105
125
149
111
145
212
238
240
236
225
219
216
217
221
224
224
221
216
215
207
207
210
207
207
197
186
184
182
180
174
173
170
166
162
158
155
153
151
149
147
143
135
128
115
120
168
222
239
229
208
189
170
152
144
144
145
145
142
143
148
154
157
157
151
141
128
125
134
138
142
143
148
153
157
158
158
158
158
153
149
145
140
139
142
146
145
149
148
153
157
154
141
120
109
114
131
149
110
146
209
238
241
239
225
219
215
216
220
224
224
219
212
213
204
203
205
201
199
190
179
177
178
178
175
173
170
166
160
157
154
152
149
147
141
140
127
123
111
123
190
228
228
219
199
170
146
134
131
130
133
133
129
129
133
136
140
141
144
139
129
124
128
136
139
140
144
152
157
158
157
157
156
152
145
138
134
135
139
143
144
147
148
151
155
155
145
135
134
138
142
147
108
145
206
238
242
240
225
218
213
215
219
224
223
216
209
209
201
200
200
194
191
180
170
168
171
172
173
172
170
165
159
155
151
149
147
144
136
134
120
120
112
132
201
217
199
192
184
158
138
131
127
124
126
127
123
122
124
121
120
120
130
131
124
123
125
135
137
137
141
150
156
158
157
157
155
151
144
135
132
134
139
142
142
143
147
150
154
156
154
155
162
164
156
146
104
137
193
231
238
238
226
218
213
214
221
223
221
214
208
206
203
196
195
191
184
173
165
164
166
169
173
174
171
165
157
152
149
146
144
141
133
127
119
124
109
128
195
187
149
135
133
121
126
134
134
120
114
116
110
107
112
107
98
91
107
123
126
124
123
132
135
136
140
149
156
158
158
156
154
153
145
135
134
136
138
141
141
142
147
152
156
158
164
169
179
176
163
144
104
121
172
213
231
238
226
216
211
216
219
219
217
210
202
200
198
194
190
187
182
173
165
163
166
170
174
174
170
161
154
149
146
143
140
138
129
122
116
121
110
123
170
154
110
75
56
64
104
133
122
111
102
101
101
104
102
87
73
70
92
116
128
131
128
133
135
137
142
149
155
156
156
156
156
154
146
138
135
135
135
137
138
139
143
149
153
155
161
168
177
177
170
151
106
113
151
200
226
234
222
215
213
216
219
217
214
207
200
195
194
194
189
184
178
170
166
165
168
172
174
174
169
159
151
145
141
139
138
135
127
120
116
120
116
119
143
126
88
58
39
27
48
85
120
114
97
84
81
84
85
77
70
71
90
109
124
136
136
135
137
140
145
150
153
154
155
157
157
153
146
140
136
133
132
132
138
137
142
149
153
152
155
160
163
170
174
160
130
139
167
201
223
231
224
217
213
212
219
216
212
206
201
195
193
194
192
183
172
168
167
169
169
170
174
173
168
158
148
141
136
133
132
129
122
119
120
124
123
117
117
105
81
61
48
31
46
90
121
116
98
85
81
77
71
65
72
79
97
110
125
141
142
136
140
143
147
151
152
153
155
158
156
152
146
142
138
134
131
132
135
135
143
151
154
148
148
151
157
164
169
156
187
192
201
202
212
227
229
218
211
213
218
215
209
205
201
193
187
188
190
180
169
164
166
169
171
170
172
170
164
154
144
138
133
130
125
123
120
119
125
128
129
118
100
94
89
79
71
70
78
91
109
117
107
93
85
78
78
84
85
90
104
116
130
146
150
144
143
143
146
149
152
153
155
158
157
152
146
143
142
137
134
135
134
136
143
151
151
146
145
149
157
162
164
151
219
229
225
214
217
229
230
220
214
215
216
214
208
204
200
190
182
181
184
178
170
164
164
167
170
171
173
171
164
151
140
135
131
129
120
119
120
125
131
134
131
122
105
96
88
86
96
107
100
88
101
105
93
82
87
94
100
104
105
102
110
125
139
149
153
152
144
143
144
147
151
153
156
158
159
155
150
148
147
143
139
139
138
138
143
149
150
146
147
152
153
154
153
149
219
232
232
227
230
235
232
225
219
213
214
214
208
203
199
189
178
179
180
177
172
167
167
171
171
170
173
171
164
151
140
134
130
127
120
120
123
131
135
135
130
127
119
112
101
98
105
107
98
87
88
94
88
84
90
97
103
109
111
112
122
139
148
151
152
150
146
144
143
146
150
153
156
158
160
157
152
151
150
145
139
136
138
138
143
148
149
148
146
149
146
149
150
150
236
226
220
212
219
230
233
228
221
213
211
213
207
202
199
189
179
180
180
178
173
169
172
176
174
169
172
170
164
153
141
134
128
124
120
121
127
134
135
133
125
128
132
121
114
111
105
108
110
95
98
98
92
95
102
102
103
109
123
128
137
144
146
149
154
152
148
145
144
146
150
153
156
158
160
157
154
151
150
145
136
131
134
135
141
147
150
146
140
138
141
159
169
169
237
226
220
208
208
226
235
230
222
212
210
209
206
203
198
189
180
178
181
175
169
167
173
178
173
171
172
171
162
149
141
133
124
121
119
125
129
134
135
130
128
132
130
126
124
124
116
109
110
108
108
102
99
101
109
112
111
116
126
137
144
146
147
148
151
155
152
152
147
146
148
151
154
158
158
157
153
148
145
139
132
128
131
136
140
146
148
137
132
141
157
174
185
184
233
232
219
213
214
228
235
230
223
212
210
209
205
202
198
190
181
177
177
172
168
165
171
179
177
177
178
174
164
149
138
130
124
121
119
125
128
131
133
131
130
132
134
128
124
124
118
114
116
114
109
101
99
104
114
121
121
124
130
138
142
143
144
146
149
151
153
153
149
146
145
146
148
151
154
155
151
147
142
137
131
129
132
136
140
146
149
145
146
158
181
193
199
196
227
228
218
223
229
235
235
230
223
212
210
209
205
201
197
190
183
176
172
170
166
163
169
179
181
184
185
178
166
150
135
127
125
121
121
125
126
126
130
129
127
128
132
131
129
131
128
124
122
116
109
101
100
106
116
124
126
128
132
137
139
140
143
144
146
149
152
153
150
146
144
143
143
145
149
151
149
144
139
135
131
130
132
136
139
145
153
158
170
186
201
207
207
203
205
222
220
230
234
233
231
230
226
214
211
208
204
200
197
191
183
175
169
168
165
159
166
177
182
185
187
179
167
152
134
126
126
123
121
122
123
124
127
126
122
126
135
144
149
153
152
149
141
128
114
107
110
116
120
127
131
134
138
140
140
140
141
141
141
141
146
150
150
147
144
141
141
143
145
147
145
141
136
133
131
131
132
135
137
142
153
168
189
208
210
212
210
206
159
202
216
225
223
218
222
230
229
216
211
207
203
199
195
192
184
174
168
167
164
159
165
176
181
185
183
177
167
153
135
126
126
124
121
120
122
124
127
125
123
133
151
168
178
178
177
172
158
138
120
114
118
123
127
133
137
139
143
144
142
141
141
141
140
139
141
145
146
145
143
140
140
142
142
143
141
137
134
132
130
130
132
136
138
141
151
170
192
207
211
212
211
208
117
164
191
205
208
203
212
227
228
217
211
205
202
199
194
191
185
177
169
166
162
158
166
176
180
183
181
176
168
153
137
127
124
125
122
120
122
124
126
128
132
150
177
196
205
204
199
188
168
146
132
127
129
132
137
142
144
145
148
150
149
146
145
144
140
139
136
141
142
141
140
138
137
139
140
141
138
135
132
130
128
128
133
137
141
144
154
173
192
202
208
212
211
212
98
125
149
168
174
180
199
222
228
219
212
203
200
198
192
189
187
180
171
164
158
158
166
175
177
180
180
177
167
152
137
126
121
122
121
119
123
123
128
138
155
182
208
221
220
211
200
185
166
148
139
137
138
137
139
142
142
146
150
157
157
153
150
147
140
135
133
137
138
137
137
136
136
138
139
141
139
136
133
130
128
127
131
137
142
145
156
177
195
202
209
214
215
219
95
103
119
131
135
151
186
221
229
219
212
202
198
197
191
188
188
184
172
163
156
156
165
173
174
177
180
177
166
150
135
122
117
119
115
116
122
122
132
152
178
212
233
233
214
192
174
154
138
126
124
128
129
125
123
122
124
133
140
151
158
157
157
153
145
136
131
134
135
135
136
137
137
138
139
142
142
138
135
131
128
127
132
136
140
142
154
177
197
202
206
212
214
220
101
98
102
114
113
126
174
224
229
221
213
203
198
194
194
191
188
183
171
160
154
155
162
170
173
178
179
176
171
153
136
119
114
111
112
111
117
121
136
167
200
227
232
202
171
136
119
105
93
91
96
104
105
97
90
89
96
103
112
119
134
146
151
156
150
134
128
129
132
135
136
136
137
139
139
145
142
137
138
134
130
130
134
136
136
140
156
180
196
202
207
211
217
221
103
98
101
110
107
120
169
221
230
224
214
204
201
196
195
190
186
182
174
163
155
155
162
169
172
177
175
171
165
149
134
117
112
109
112
112
115
121
137
175
212
222
191
148
113
87
72
64
62
66
76
78
77
71
66
66
71
74
80
88
103
117
129
143
144
133
127
129
132
133
134
135
136
137
140
144
142
140
139
135
132
132
135
137
138
144
160
182
197
202
206
211
216
221
107
100
100
107
105
120
170
224
232
222
212
203
200
196
197
192
189
186
179
168
159
157
162
170
175
181
179
173
166
150
136
118
113
110
110
108
107
115
138
186
215
194
138
95
68
52
43
41
48
53
60
60
59
55
52
56
58
53
50
59
73
85
99
120
133
131
127
129
131
132
133
135
136
136
139
140
141
141
138
134
132
132
136
138
141
149
165
183
196
200
205
209
215
221
116
104
104
109
108
124
172
226
236
223
212
200
198
194
195
192
190
189
181
170
161
158
162
170
177
186
189
182
174
155
137
117
110
110
105
100
99
110
145
189
189
141
83
58
43
32
29
32
39
43
51
51
51
46
43
48
46
33
27
38
54
66
79
100
119
127
125
127
130
134
136
137
137
138
140
138
140
141
136
131
130
131
134
137
141
152
168
184
194
198
204
209
214
220
126
107
107
109
109
124
170
226
238
225
213
199
196
193
195
191
189
186
180
171
165
159
159
166
176
187
193
189
179
158
137
115
107
105
99
91
94
110
143
167
140
94
62
46
32
18
18
18
21
26
28
26
26
23
22
26
25
15
10
19
37
54
67
84
104
117
120
121
126
134
138
137
138
141
142
139
140
141
136
131
129
130
133
134
142
156
172
185
193
197
203
207
213
219
135
113
105
106
107
125
171
229
241
225
213
198
194
193
195
192
189
186
185
177
171
166
163
167
176
187
193
191
183
163
143
121
110
104
98
86
90
102
122
121
92
70
51
34
17
12
13
9
9
11
15
9
9
10
10
11
11
10
9
12
23
40
56
71
88
104
114
115
122
131
136
137
139
142
143
141
140
140
136
131
129
131
132
134
144
160
175
185
192
197
202
205
210
217
148
122
109
105
107
125
173
232
242
223
209
195
191
190
193
191
189
189
189
183
179
174
171
173
178
188
192
192
188
172
157
135
119
107
99
90
88
95
99
88
70
60
41
23
15
16
21
16
17
15
18
14
11
12
11
10
9
10
15
18
25
39
53
65
79
92
108
111
117
123
129
134
138
140
141
140
138
136
135
131
128
130
133
135
146
164
179
186
192
197
200
203
208
216
161
130
116
108
105
123
169
230
242
222
208
192
187
185
187
186
187
189
189
183
180
177
175
177
179
187
191
193
191
178
167
146
125
107
100
97
94
97
95
83
72
54
43
24
21
24
24
19
21
13
17
20
17
15
16
19
17
15
12
22
35
49
62
70
79
87
103
107
112
115
122
131
136
136
138
139
136
133
135
131
127
131
134
135
148
168
182
187
191
197
200
202
206
214
171
143
118
107
106
119
169
230
240
222
207
184
180
180
183
181
179
180
180
178
177
173
171
173
179
191
197
194
190
184
169
145
126
108
100
96
96
97
101
102
84
65
54
45
43
42
41
42
38
33
34
38
35
32
32
36
40
35
32
40
58
67
82
92
96
101
104
101
103
111
119
127
131
135
136
140
137
130
133
133
128
128
128
135
157
173
185
187
189
193
197
202
206
212
182
157
127
112
107
116
159
222
240
224
206
183
175
172
176
179
180
183
183
183
184
181
178
178
181
190
200
198
193
183
168
143
126
111
98
94
95
99
107
114
107
87
74
64
63
63
67
77
80
77
76
81
79
77
76
75
70
61
57
65
76
78
90
105
111
109
103
99
98
106
115
122
126
130
135
139
138
133
136
136
129
128
128
142
160
175
184
185
187
191
197
202
205
212
190
169
140
119
109
112
147
213
242
230
207
185
176
169
172
180
185
189
187
188
192
188
185
183
184
192
201
201
195
183
168
142
124
110
95
94
97
105
110
126
134
118
93
78
70
67
71
90
101
100
99
103
102
102
99
92
81
66
57
69
80
93
103
119
125
119
107
103
100
105
114
120
126
130
134
139
139
136
140
139
130
127
131
153
166
179
185
185
187
189
196
201
205
211
196
178
154
127
113
110
137
203
242
234
210
192
183
171
173
181
189
192
189
191
194
190
188
187
188
195
200
202
196
184
171
142
120
105
93
94
100
111
119
142
165
156
124
97
77
68
68
86
97
98
92
95
94
94
90
81
71
58
56
68
85
111
117
124
127
123
113
109
105
106
112
119
125
130
133
138
140
138
143
142
132
129
136
164
173
184
186
187
189
191
194
199
202
210
205
188
165
139
120
113
132
190
234
234
215
198
186
171
169
177
188
194
192
193
196
193
191
189
189
195
198
201
196
185
172
142
118
101
96
97
101
111
118
144
177
178
149
115
86
70
66
74
80
80
78
80
79
79
76
72
68
65
70
80
96
120
121
120
124
123
119
114
111
110
113
118
125
130
133
136
138
139
145
143
135
135
144
171
178
186
189
189
192
194
195
199
203
210
210
195
175
151
131
120
130
173
217
233
222
201
187
169
164
172
186
197
195
196
199
197
196
194
191
194
196
198
194
184
171
143
119
102
97
101
106
109
108
127
161
177
160
127
97
80
73
72
71
70
73
73
71
73
74
73
80
82
82
91
104
117
115
117
122
122
123
120
116
115
116
119
125
130
131
132
134
138
143
141
137
143
157
175
181
187
189
190
193
195
195
199
203
209
215
201
184
163
140
129
128
150
194
229
228
205
190
170
164
169
183
195
196
197
200
199
199
197
191
192
193
194
192
183
167
142
123
104
95
103
109
109
104
111
136
161
150
128
104
89
84
80
73
74
82
81
77
82
85
87
93
96
97
101
109
109
111
115
118
120
121
119
116
115
116
119
125
127
130
129
132
136
142
139
138
150
170
179
185
186
189
190
193
193
194
198
201
207
221
209
190
170
147
134
123
130
173
221
229
206
191
174
167
168
178
189
195
196
198
197
199
197
191
190
189
190
191
182
165
142
124
106
99
103
106
106
104
103
111
133
142
128
109
97
96
95
90
92
93
91
87
93
98
98
101
103
103
101
105
100
106
111
115
122
120
119
117
116
118
122
127
130
131
129
132
137
142
139
140
156
178
181
188
185
189
190
192
192
194
199
200
205
218
214
197
177
157
139
115
115
142
204
226
211
199
177
170
172
166
183
193
196
195
193
195
195
192
190
186
185
187
179
166
144
124
107
99
104
105
108
109
104
102
110
120
125
121
108
101
100
98
94
97
94
93
98
102
101
98
98
95
96
94
98
101
109
114
117
117
117
118
117
117
121
129
132
130
128
130
133
139
140
146
167
186
186
185
187
189
191
191
191
195
197
202
206
223
219
206
182
155
134
110
103
120
178
213
216
205
181
175
173
166
170
187
193
194
194
194
191
189
184
182
180
182
178
167
143
122
104
99
103
103
104
106
102
97
100
108
116
117
109
103
101
103
103
103
99
96
99
101
99
95
93
91
92
91
95
96
105
111
116
116
115
114
113
114
119
126
129
128
125
128
132
138
142
151
172
187
186
187
188
189
190
191
192
195
197
202
206
227
221
205
176
142
123
109
96
100
145
193
217
206
184
177
170
165
160
181
191
194
196
193
188
187
179
177
173
177
178
171
146
122
103
98
102
102
103
107
104
95
90
95
101
105
101
95
93
96
102
102
97
93
94
94
89
86
85
85
86
88
93
95
102
109
118
119
117
115
114
115
119
125
127
128
125
129
132
137
142
155
175
185
186
186
188
189
190
191
192
195
197
202
206
228
215
186
153
121
114
109
95
90
116
171
210
205
189
179
165
165
161
175
187
193
196
193
187
185
176
171
167
174
180
176
152
127
107
99
104
106
106
111
111
101
91
88
91
91
87
81
75
78
86
87
82
79
79
78
75
73
74
79
81
86
95
97
103
111
122
125
121
119
118
117
120
126
127
127
125
128
132
134
140
158
175
184
184
185
186
188
189
190
190
195
197
202
207
221
194
155
126
110
113
106
93
83
89
137
188
202
198
182
162
163
161
165
177
188
194
192
187
183
173
165
161
168
178
179
157
133
113
104
109
110
109
113
116
108
99
92
89
85
79
72
65
64
68
69
67
65
66
65
65
67
71
78
82
87
96
97
103
113
126
130
125
122
121
120
122
126
127
124
123
125
128
128
138
163
179
184
185
185
187
188
189
190
191
195
197
201
206
196
158
124
109
107
114
106
91
78
72
98
151
192
202
188
170
165
160
157
165
180
190
190
188
181
171
160
154
161
172
177
160
137
118
109
111
110
108
110
114
112
105
99
95
87
82
78
72
65
63
63
63
64
66
66
67
72
77
84
88
92
99
99
105
116
129
135
129
126
126
124
125
126
127
123
121
123
124
123
138
167
184
185
185
186
187
187
188
190
192
194
197
201
206
157
123
105
101
107
108
103
93
79
67
71
104
160
190
191
182
167
161
152
153
171
182
183
185
176
168
156
148
153
164
173
161
141
120
111
110
110
109
110
113
113
109
104
103
97
92
91
88
81
76
75
75
77
81
81
82
86
91
95
99
103
108
107
112
121
133
140
134
132
131
128
127
127
126
122
120
122
125
123
139
171
186
186
186
186
186
187
188
191
192
195
198
202
206
125
104
98
100
102
100
101
94
80
67
55
62
120
166
183
184
163
158
150
145
161
170
175
179
169
164
156
146
148
160
171
162
142
121
111
109
111
113
114
117
115
111
109
109
105
100
102
102
96
91
89
89
91
95
96
96
97
100
104
109
114
118
116
120
127
136
144
138
136
134
130
127
126
125
117
117
121
126
125
141
174
186
186
187
187
186
187
188
191
193
196
197
202
207
102
97
98
96
94
97
99
95
82
67
51
45
77
130
165
179
167
155
147
141
154
161
168
169
165
156
149
146
144
153
166
167
147
127
114
113
112
114
120
126
125
121
117
115
109
105
105
106
103
99
98
101
104
104
104
106
107
108
114
119
124
130
132
132
133
139
145
140
132
129
133
133
126
120
115
116
122
126
125
145
174
188
187
186
185
187
188
189
191
193
195
197
201
206
94
91
92
91
91
93
95
91
80
68
52
41
42
73
126
164
170
157
140
133
144
150
157
159
159
153
146
138
136
145
154
161
150
131
115
113
116
123
132
137
133
125
119
116
112
109
110
110
108
105
107
108
111
111
111
111
112
114
122
126
131
136
139
138
138
142
144
139
132
130
131
127
119
114
116
119
122
124
129
149
176
188
187
185
184
185
187
188
192
195
196
197
201
206
93
85
81
84
88
93
94
88
77
66
53
43
25
32
77
127
163
159
143
127
130
132
145
149
153
147
144
130
124
129
139
151
150
133
119
114
119
130
140
144
138
128
120
118
115
114
113
112
111
110
112
112
113
114
114
113
116
118
121
127
132
139
143
142
139
138
144
139
133
129
127
119
113
111
117
125
124
124
129
151
181
191
188
186
184
185
187
188
191
194
196
197
201
206
91
79
74
78
84
91
92
87
76
66
57
47
31
25
35
81
141
165
153
130
120
113
127
135
147
146
141
126
113
114
127
145
150
142
133
124
126
137
145
147
140
129
122
121
120
120
118
117
116
117
115
114
116
118
118
116
117
119
125
128
132
138
144
145
142
141
144
138
131
126
119
111
109
114
119
128
126
124
130
155
185
188
187
185
184
185
188
189
191
194
196
197
201
206
78
73
72
74
78
84
86
84
77
71
61
48
41
33
18
45
97
150
150
138
124
108
113
117
131
134
131
122
106
100
113
129
140
147
144
135
131
136
140
139
133
126
120
119
119
118
116
115
115
117
118
117
118
120
119
116
116
118
118
122
127
135
143
142
135
132
137
132
126
119
112
105
110
119
124
126
125
126
132
159
186
188
185
183
184
185
187
189
192
195
196
198
201
205
69
66
68
69
73
78
81
80
75
70
63
51
42
34
16
27
55
124
145
150
133
108
101
102
110
113
122
120
106
97
99
104
116
134
140
136
132
132
132
126
119
116
111
113
113
111
108
107
109
111
113
114
116
118
119
117
117
117
118
120
125
132
138
137
130
126
125
123
117
113
109
105
112
123
127
126
127
130
137
156
178
192
188
186
184
185
187
188
191
195
197
199
202
206
66
64
63
64
69
73
76
74
70
67
63
51
40
27
18
25
35
90
130
157
145
113
96
94
96
100
107
109
106
98
92
87
92
107
124
130
131
131
128
117
107
107
105
107
109
106
102
101
102
104
104
107
112
115
118
119
118
117
115
114
110
111
117
121
121
121
116
113
109
107
108
109
117
128
131
128
132
142
154
149
148
172
184
185
185
187
188
188
191
194
198
199
202
207
62
63
64
64
66
68
68
67
67
67
61
49
45
35
27
26
17
38
94
150
159
137
112
98
85
85
81
85
92
95
86
77
78
84
105
119
126
126
124
110
98
99
98
103
104
99
95
94
95
95
95
100
105
108
111
112
111
109
106
105
103
105
111
114
113
113
111
108
103
102
106
111
120
130
135
132
135
154
175
148
114
134
175
177
182
187
188
189
191
194
197
199
201
206
57
59
58
60
62
64
64
63
62
59
57
46
43
43
37
30
29
24
56
105
151
159
135
108
94
87
82
73
76
80
83
78
72
74
84
93
102
114
120
106
92
93
89
89
90
89
89
88
86
85
86
89
92
96
100
102
100
100
97
97
95
95
98
101
105
106
103
103
98
100
105
117
125
136
137
136
146
163
193
158
89
89
138
172
182
185
190
188
192
198
196
197
201
206
52
54
54
55
56
57
60
61
60
59
57
47
42
42
39
35
28
21
24
59
115
154
155
134
114
96
81
72
73
75
75
72
67
67
68
73
79
92
100
94
85
85
75
76
78
81
82
80
77
74
71
74
78
82
87
88
87
87
87
87
86
86
90
95
99
100
102
101
98
103
112
123
131
140
140
142
151
175
207
169
80
56
94
143
176
187
187
185
192
195
199
199
203
206
48
49
49
49
50
50
51
53
53
52
52
47
42
40
37
33
29
26
18
28
68
121
154
158
140
114
97
82
77
73
70
68
67
66
63
61
63
70
77
77
73
71
70
67
68
72
74
70
65
63
63
66
67
71
75
76
75
75
77
78
81
84
89
96
101
104
105
104
103
112
122
133
137
144
143
146
156
185
218
186
83
36
56
103
149
176
183
186
197
200
198
199
202
207
43
43
44
43
41
38
37
39
41
42
45
46
43
39
37
34
30
28
27
17
29
69
123
162
163
146
123
103
87
78
70
66
65
62
60
55
54
55
56
60
63
62
60
57
57
61
63
62
60
60
63
63
63
63
68
69
68
68
72
75
81
86
92
99
105
110
112
112
112
122
131
138
142
148
149
154
164
195
226
199
95
31
34
66
111
157
184
190
194
196
193
196
201
207
39
40
42
40
36
30
26
26
29
31
37
39
39
40
41
39
31
24
25
20
14
29
79
131
156
167
148
127
103
88
78
73
70
65
61
57
54
51
46
48
54
55
56
53
53
57
59
59
61
63
65
65
63
63
66
67
68
69
75
79
86
91
95
101
108
114
120
121
123
131
136
142
143
149
150
159
175
209
232
210
109
31
24
41
73
126
173
188
188
192
193
196
201
206
38
39
39
40
40
37
30
25
21
19
24
26
29
32
36
36
33
29
23
25
18
12
38
81
121
162
170
157
132
108
91
82
77
73
72
67
65
59
51
48
52
51
58
57
57
59
60
60
63
67
66
67
65
64
65
66
66
68
75
79
85
90
95
101
111
119
123
129
133
139
141
144
145
151
153
163
186
219
237
218
125
33
21
27
43
87
146
181
190
193
197
199
201
205
34
35
36
39
43
43
39
32
23
16
16
15
18
21
22
26
30
31
20
24
21
10
15
40
79
127
162
173
161
136
114
97
85
77
73
69
68
66
62
60
58
57
56
55
55
56
59
60
63
66
63
65
64
64
66
65
65
66
70
71
75
81
88
96
106
114
122
132
138
144
144
147
148
150
159
172
203
231
239
224
141
37
18
19
29
60
111
158
183
193
197
199
202
207
30
30
33
35
36
38
38
35
29
23
17
10
11
15
16
21
24
22
20
21
24
15
11
22
44
78
127
165
177
163
144
124
105
91
76
72
71
73
74
70
65
62
61
58
56
55
55
58
59
60
63
66
68
70
72
71
70
72
69
67
69
74
82
91
101
109
118
131
139
146
146
149
147
149
155
175
214
239
244
232
157
48
21
17
23
38
71
123
172
198
195
197
202
208
27
29
29
29
30
33
35
35
34
33
25
19
12
9
11
13
15
14
15
13
18
18
11
12
21
36
75
129
167
179
168
159
139
118
96
77
73
70
72
74
76
72
68
63
62
59
57
59
61
61
63
67
68
71
78
80
80
83
80
78
76
78
83
90
99
105
116
127
137
143
142
146
152
146
152
191
223
244
243
237
177
62
18
13
21
29
45
82
148
189
194
196
199
205
24
26
26
26
27
29
32
34
34
35
33
28
21
15
12
12
12
12
10
10
15
16
14
11
10
18
30
71
124
160
183
179
171
155
133
112
97
82
75
69
70
79
80
79
80
76
70
71
70
70
70
71
69
71
78
83
87
92
92
91
91
91
91
95
101
106
115
125
132
138
139
144
150
148
166
204
232
245
245
237
191
76
15
13
19
25
33
59
114
157
181
193
199
203
21
24
25
24
23
25
28
30
32
34
36
33
27
20
14
10
9
9
14
12
11
11
14
14
10
13
13
26
67
116
166
178
186
180
164
149
131
110
99
83
74
78
84
84
88
88
87
88
85
83
81
81
78
77
80
83
86
89
94
97
101
102
102
103
104
106
114
121
127
131
134
137
146
152
181
217
239
243
245
236
211
93
18
15
14
19
24
41
73
108
138
156
167
176
