60
76
90
104
114
128
132
129
128
128
132
136
140
142
146
147
149
152
155
156
158
161
161
163
164
166
170
171
174
175
175
177
178
179
180
182
184
186
186
187
187
187
187
187
186
185
185
184
183
182
180
179
179
178
177
175
173
170
168
169
168
168
166
164
161
159
156
155
150
143
140
139
137
137
137
134
128
124
118
110
106
103
100
91
78
65
55
48
40
36
29
26
28
32
64
81
97
108
120
129
131
125
126
128
132
137
141
144
147
148
149
152
154
156
159
162
164
165
165
167
171
174
177
178
178
179
180
182
181
184
186
187
188
188
188
188
187
187
186
185
184
184
182
179
178
178
178
178
177
175
173
169
170
171
170
169
168
167
165
164
159
158
153
146
141
139
139
138
137
134
128
125
121
115
109
107
102
94
80
68
59
49
40
35
26
23
22
29
68
85
97
111
124
129
131
127
126
129
133
139
143
145
147
149
149
149
150
155
160
165
168
170
171
171
171
174
179
181
180
180
182
183
183
183
184
186
190
191
191
191
188
188
188
187
185
184
182
180
178
178
178
177
175
173
172
170
172
171
171
171
170
167
164
164
161
159
153
146
141
140
140
139
138
136
133
128
123
118
113
109
108
95
83
71
58
48
40
32
25
18
18
22
72
89
101
113
125
129
131
127
127
132
135
141
145
146
148
149
149
150
153
157
163
167
170
172
173
172
173
176
179
181
182
182
183
183
184
183
183
185
187
188
191
192
192
192
192
190
188
186
184
182
182
180
178
175
173
172
172
171
172
172
172
172
169
166
164
164
162
160
154
148
144
143
142
139
139
137
134
129
125
121
118
115
110
98
87
77
64
53
42
31
21
15
16
20
79
94
105
118
127
130
131
128
129
134
137
143
147
147
148
150
150
152
154
160
165
170
172
175
174
173
174
178
180
183
184
184
184
184
184
184
184
186
187
189
191
193
194
194
194
192
190
187
184
182
182
180
178
176
173
172
172
171
172
172
172
172
169
166
164
164
165
162
156
152
149
146
145
142
140
138
134
130
127
125
124
122
116
105
94
83
70
60
47
32
21
14
14
19
84
98
108
120
127
130
131
129
130
136
140
147
150
150
150
150
151
154
157
161
168
173
175
177
177
177
178
179
181
183
185
185
185
184
184
184
185
187
188
189
192
194
194
196
195
193
190
186
184
182
179
179
179
178
177
174
173
173
171
171
171
171
171
169
167
165
164
162
157
153
151
150
147
145
142
140
136
132
129
130
128
129
123
113
102
89
76
67
53
36
24
16
17
22
87
101
111
121
128
129
131
130
133
138
143
148
151
151
151
152
154
157
161
166
171
176
178
179
180
180
179
180
182
184
185
185
185
184
183
184
186
188
189
190
192
194
196
197
197
194
191
188
186
183
179
180
180
180
179
178
177
175
173
172
171
171
173
172
169
166
161
158
155
152
150
150
147
145
145
141
139
135
133
133
133
132
125
117
108
95
83
72
58
41
28
21
21
27
88
102
112
122
127
130
131
133
134
140
145
149
150
150
152
153
156
163
165
170
174
177
179
181
182
182
181
182
184
185
186
186
185
185
183
184
186
188
189
190
192
194
197
198
198
196
193
190
187
185
184
184
183
182
181
180
180
179
177
174
173
173
174
174
171
167
160
157
154
152
151
149
147
146
146
143
140
137
136
136
134
132
125
119
112
102
90
78
62
44
32
25
26
32
89
102
112
121
127
130
132
135
137
141
145
149
150
151
153
156
160
166
169
172
175
177
178
180
182
183
183
184
185
186
187
186
186
186
184
185
187
189
190
191
192
194
197
198
199
198
194
191
189
188
187
186
185
184
183
183
182
182
179
179
177
176
177
176
172
169
162
158
155
154
153
151
149
148
146
143
139
138
139
139
137
134
126
119
111
105
95
83
67
49
36
29
29
36
90
102
113
121
127
130
135
136
138
143
145
148
149
150
153
157
162
169
171
175
177
177
177
179
182
183
184
185
187
187
188
187
187
187
185
186
188
190
191
192
193
196
198
199
201
199
197
193
191
190
187
187
187
187
186
185
184
183
180
180
180
178
178
177
174
171
163
160
155
155
154
152
150
149
146
144
140
139
140
142
139
136
128
119
110
105
96
85
70
52
39
32
32
38
88
101
111
120
126
131
132
135
142
144
149
149
149
151
154
159
165
170
172
175
177
177
178
179
181
184
183
187
188
189
190
190
189
187
187
189
191
192
193
194
196
197
199
200
201
200
198
195
193
192
191
190
189
188
187
185
184
183
182
181
181
180
177
176
176
171
167
164
160
158
156
155
152
151
150
145
142
142
142
143
140
135
126
118
110
105
98
86
70
56
43
36
35
37
88
102
111
121
127
131
134
136
142
144
148
147
147
150
155
162
167
170
172
176
177
176
176
177
179
183
183
187
189
189
191
192
190
188
189
190
192
193
194
195
197
198
201
201
203
200
198
195
193
193
192
191
188
187
187
186
185
183
182
181
180
178
177
178
177
172
168
166
162
160
158
156
154
153
151
146
144
142
141
140
138
132
124
117
109
105
100
91
75
62
48
40
36
36
90
103
112
122
127
131
135
138
142
144
146
144
146
150
157
163
168
170
173
176
176
175
175
175
177
181
185
188
189
190
192
193
191
188
189
191
193
194
195
196
198
200
203
203
203
200
197
195
193
193
193
191
188
186
187
187
184
182
181
180
179
178
177
176
177
173
169
167
163
161
160
157
156
154
152
149
145
143
140
138
134
130
123
116
109
106
102
95
83
70
57
44
37
34
89
104
114
124
126
130
136
139
142
143
143
143
146
152
158
164
169
171
174
176
175
174
174
175
177
180
184
188
189
189
192
193
190
188
190
191
193
194
195
197
199
200
203
203
201
199
197
194
192
192
191
190
188
187
186
186
185
182
180
179
178
177
175
176
176
173
169
167
164
161
160
158
156
155
153
150
146
144
140
139
134
129
123
116
110
107
104
98
87
77
64
47
36
30
89
103
114
124
124
127
136
139
141
141
140
143
149
154
159
164
168
170
174
176
175
174
173
175
176
181
186
189
189
189
191
192
190
188
189
191
193
194
196
197
199
200
202
202
201
199
196
192
190
189
188
190
189
188
187
186
184
182
181
179
178
177
174
175
175
172
169
167
164
162
160
158
156
155
154
150
147
146
144
142
137
130
124
115
109
107
103
97
87
79
66
48
36
30
88
102
113
123
123
125
136
138
139
139
138
142
149
155
159
164
168
171
173
175
176
175
175
176
178
181
187
190
189
187
190
190
189
189
190
192
194
197
198
198
199
200
201
200
199
197
194
191
188
186
187
189
190
190
188
186
184
183
182
180
179
177
175
175
175
172
170
168
164
162
161
160
157
156
154
151
148
147
147
145
141
135
126
116
109
105
100
92
84
75
64
49
37
32
87
99
113
123
122
125
136
139
138
136
136
140
146
152
157
161
167
171
173
175
175
175
176
176
179
181
186
189
187
185
186
187
187
190
191
193
195
197
198
198
199
199
199
199
197
195
191
189
187
186
186
188
189
189
189
187
185
183
182
181
178
176
175
176
175
172
169
168
164
162
161
160
157
157
154
150
148
147
147
146
143
137
128
118
110
104
96
88
80
72
60
49
41
36
86
98
112
123
122
125
137
140
137
135
136
140
145
150
156
160
165
169
173
175
176
175
175
177
178
181
185
186
185
183
183
185
186
190
190
192
195
198
198
198
198
198
196
195
193
191
190
188
187
186
186
186
187
188
187
186
185
183
181
179
178
176
175
174
174
171
169
167
164
162
161
159
158
157
153
150
147
146
144
145
143
139
131
121
111
104
95
86
77
70
58
49
43
39
84
97
115
122
122
129
138
138
137
134
135
138
144
149
155
160
164
167
171
174
175
175
176
179
181
182
184
183
183
183
183
184
186
188
189
192
195
196
196
196
196
196
195
194
192
190
188
187
186
186
184
181
181
183
184
181
180
180
177
178
176
175
176
175
173
171
169
165
164
164
162
161
159
157
155
151
147
146
144
144
142
139
131
119
112
105
99
86
78
70
57
44
42
39
84
99
115
122
123
130
140
140
138
135
136
140
145
149
155
160
164
167
171
174
175
176
177
179
182
181
181
181
181
181
182
183
185
187
188
192
194
195
195
197
195
195
197
195
193
191
189
187
185
185
181
177
176
177
178
177
177
178
178
177
177
176
176
175
174
171
170
166
164
164
162
162
161
159
157
152
150
147
144
142
139
134
130
121
114
107
102
90
81
72
56
39
37
36
83
99
115
121
123
131
140
141
140
137
139
141
145
150
155
159
164
167
170
173
174
175
178
181
181
180
179
179
179
181
182
183
185
187
190
191
193
194
194
195
195
194
197
196
195
192
190
186
184
183
178
176
174
174
174
174
175
177
177
178
177
177
176
176
175
173
171
167
165
164
162
162
163
161
159
155
152
148
145
141
136
130
127
120
116
108
104
95
85
75
55
35
30
31
84
99
114
118
121
129
140
142
141
140
142
144
146
151
155
159
164
167
169
171
175
177
180
182
182
180
179
179
179
181
182
183
185
187
190
192
193
194
194
194
194
194
196
196
195
193
190
187
185
183
180
178
177
175
175
174
175
176
177
177
177
177
177
177
176
174
172
168
166
165
163
163
163
162
159
156
153
151
146
141
135
129
124
119
116
108
105
96
88
77
55
36
31
30
82
97
109
115
120
127
139
142
140
140
145
146
148
151
154
159
164
167
170
172
173
177
180
183
182
180
179
178
179
179
181
182
184
186
190
192
195
196
194
194
195
197
197
197
196
195
192
190
187
185
182
182
180
180
179
177
176
176
176
176
176
176
177
177
177
176
173
169
167
166
164
163
162
161
158
155
153
151
147
142
135
129
122
119
116
107
104
97
90
79
60
43
39
35
80
95
105
110
119
127
139
142
138
141
149
149
150
152
155
159
164
167
169
171
173
175
180
183
182
180
178
178
178
179
181
183
185
188
191
194
197
197
195
194
196
197
197
197
197
196
194
191
188
187
186
187
186
186
185
183
181
180
177
177
176
175
175
176
175
175
172
168
167
166
164
163
162
159
156
154
153
151
146
142
136
129
123
119
117
109
105
97
92
82
64
51
46
39
80
95
105
109
118
125
137
141
139
144
150
150
151
153
156
160
164
166
168
169
172
175
179
182
182
179
178
179
179
180
181
184
188
190
192
195
199
199
198
197
197
198
199
199
199
199
197
196
194
193
192
193
193
191
190
187
185
183
181
180
177
175
174
175
174
173
171
167
166
166
164
162
161
159
156
153
152
150
145
141
134
128
123
119
118
110
107
98
93
84
67
54
49
39
84
100
108
110
117
122
134
140
140
149
151
151
152
154
157
161
164
166
168
170
172
175
179
181
182
179
179
180
180
180
182
185
188
191
195
198
201
202
201
200
200
200
201
202
203
204
203
201
200
199
196
196
196
193
192
189
186
184
184
182
178
176
176
176
174
173
170
166
165
164
163
162
161
159
156
153
151
149
145
139
133
127
123
118
118
111
107
98
94
85
69
55
49
39
87
102
110
111
113
120
130
138
142
147
148
150
154
157
160
163
165
167
168
170
173
177
181
181
181
180
180
181
181
180
180
185
189
191
197
201
204
203
203
202
201
201
201
202
204
205
207
208
208
208
202
200
196
195
196
195
192
190
190
186
184
183
181
179
175
172
172
168
167
166
163
162
163
159
157
156
152
146
140
135
129
124
122
117
117
115
107
104
98
89
71
61
48
38
86
101
109
110
110
115
126
136
142
147
145
146
150
156
161
164
166
167
166
167
170
173
177
179
180
181
180
181
181
181
184
188
192
194
199
202
204
204
204
203
202
201
201
201
203
205
210
213
213
213
208
205
201
199
200
199
195
193
189
188
185
184
182
180
176
172
169
166
167
166
163
162
160
157
157
154
149
143
137
131
126
122
121
117
117
115
109
106
101
93
81
70
56
42
86
99
105
107
106
109
119
130
137
140
139
142
145
150
156
160
162
164
163
165
167
169
172
174
175
176
175
176
178
180
184
189
193
196
201
202
203
204
205
205
205
205
203
203
203
209
214
218
219
218
213
209
205
203
202
200
195
193
189
188
185
185
184
180
176
172
167
164
163
163
161
160
158
155
156
152
146
139
134
127
123
120
119
117
119
118
113
111
109
101
93
82
65
48
87
99
105
107
106
108
116
126
132
133
136
141
145
148
150
154
157
159
161
162
165
167
168
169
170
170
171
171
174
177
182
189
194
197
201
201
202
202
204
206
208
210
210
208
210
214
218
221
221
222
218
215
211
208
206
201
196
191
186
185
182
180
179
176
172
168
164
160
158
157
155
154
152
149
149
145
139
135
130
123
119
115
116
116
119
118
115
114
112
107
102
91
73
56
90
100
106
108
107
105
113
122
126
129
132
141
149
148
147
150
151
150
151
152
153
153
154
155
155
156
157
158
163
169
175
183
191
196
201
201
202
203
205
208
212
216
216
216
217
220
223
224
223
220
216
213
207
203
199
195
191
188
185
180
176
174
173
171
167
164
158
154
153
151
147
145
143
138
134
133
131
128
125
120
114
112
115
116
119
118
115
114
112
108
107
95
77
60
94
103
107
109
106
104
108
117
122
126
130
142
150
149
146
145
143
139
137
135
131
128
127
129
131
133
135
139
144
152
160
170
180
188
197
199
202
205
208
211
216
220
218
218
219
222
224
223
220
217
210
205
197
191
184
181
177
175
167
161
156
152
152
150
148
146
144
141
138
137
135
135
133
128
122
122
123
124
122
117
113
111
115
119
120
120
119
117
114
111
110
97
79
61
97
107
112
111
106
102
105
111
116
121
127
132
138
138
136
132
125
120
113
110
106
103
102
104
106
107
113
116
124
131
140
150
163
173
182
187
194
204
210
214
216
217
217
216
217
219
220
219
216
213
205
198
186
175
168
161
155
151
140
133
126
122
123
124
123
120
116
111
109
109
110
113
117
117
113
114
115
116
112
108
107
106
110
115
119
121
122
121
118
116
113
103
86
67
97
107
110
108
103
99
98
101
105
111
116
114
114
115
114
107
100
95
85
83
80
79
80
83
88
90
93
97
105
113
121
132
145
157
166
173
185
199
209
213
214
213
214
212
213
215
217
216
212
207
197
187
174
161
151
140
129
122
108
99
91
88
89
92
92
89
86
81
78
79
84
94
102
104
105
104
105
105
101
96
95
97
102
108
114
118
121
122
121
119
118
109
93
73
97
107
108
105
101
95
91
89
93
99
100
94
91
95
89
85
75
68
61
61
62
65
71
73
75
78
82
88
94
102
111
119
132
144
155
163
177
195
207
206
203
207
206
205
205
207
208
207
205
201
192
179
164
151
137
125
112
103
87
77
66
62
64
66
65
63
56
49
45
46
57
70
85
93
95
96
95
95
90
85
82
85
91
100
107
112
122
126
123
119
113
108
98
81
95
105
105
100
95
88
83
81
83
86
90
84
79
77
71
67
56
49
44
46
47
52
59
63
67
72
81
85
92
99
108
115
128
142
153
162
174
187
196
197
195
198
195
195
196
199
201
201
197
194
186
173
157
141
126
113
100
90
77
66
55
51
50
48
48
50
47
45
43
47
57
69
82
91
91
90
90
88
84
78
76
78
83
92
102
113
121
123
119
116
111
106
96
80
95
104
110
103
93
84
77
73
73
76
84
83
75
71
64
58
49
46
40
43
46
50
57
62
68
74
81
86
92
100
107
115
128
141
154
162
172
180
188
190
190
191
189
189
190
192
194
193
190
187
181
167
151
135
122
111
100
90
79
69
60
55
49
45
48
53
58
60
64
68
74
80
85
89
89
87
86
86
82
78
75
76
80
86
95
108
118
122
124
124
117
106
92
75
99
107
112
103
90
78
69
65
67
69
83
86
79
72
65
61
56
57
57
60
63
65
68
73
79
85
90
95
99
103
109
117
129
141
154
161
169
175
180
185
187
189
188
188
189
191
192
190
187
182
174
160
144
131
121
113
106
99
91
83
76
73
70
68
71
78
86
91
97
99
100
99
97
95
93
91
90
90
88
83
80
79
82
86
95
104
115
123
128
128
114
97
78
61
101
111
110
100
86
75
66
63
64
67
79
84
79
73
68
68
71
78
85
89
91
90
90
92
97
103
110
112
113
113
114
118
126
136
150
157
165
170
175
182
186
186
186
186
187
189
189
187
183
178
171
159
143
131
122
119
115
109
103
98
93
92
92
95
98
101
108
113
118
122
120
118
112
109
103
100
97
96
94
89
84
81
82
86
96
105
115
125
127
121
102
83
64
49
97
110
110
100
87
76
67
64
65
65
71
77
76
75
75
84
94
106
116
120
122
120
118
118
122
128
133
134
132
126
123
122
126
131
145
152
162
168
172
180
185
184
183
184
185
187
186
183
178
175
171
158
143
134
128
127
125
122
115
111
108
106
108
112
116
119
123
128
132
133
132
130
126
123
115
111
107
103
98
93
88
84
82
85
95
104
114
124
124
112
90
71
53
42
90
103
106
97
85
75
67
64
64
66
70
73
78
85
90
103
117
125
139
144
144
139
135
133
136
142
146
147
142
136
132
129
129
132
139
147
158
167
171
179
184
182
184
184
185
185
184
179
174
170
163
152
139
131
128
128
128
125
120
115
112
110
109
112
116
123
130
136
140
140
136
132
129
125
122
118
113
110
106
102
95
91
87
87
93
101
110
118
114
99
77
62
48
42
84
97
102
95
83
74
68
69
71
75
78
79
87
100
107
120
130
137
143
148
148
141
135
131
133
139
146
147
145
138
135
132
130
132
133
140
154
165
169
177
182
180
184
184
184
184
181
174
168
164
156
146
134
127
125
126
126
123
115
109
106
104
100
99
107
116
128
136
140
139
132
127
121
117
120
118
117
117
114
109
102
97
94
90
95
102
107
109
100
83
68
58
53
55
82
93
96
94
82
77
74
72
81
86
87
96
100
110
118
121
127
129
132
134
133
126
121
118
121
126
133
134
132
130
132
132
129
128
123
130
146
156
157
162
169
181
185
186
188
178
180
169
163
156
144
136
124
117
118
122
120
115
108
99
91
87
90
96
96
106
113
121
126
124
115
108
102
100
104
106
110
111
111
113
110
104
100
98
96
96
99
92
83
70
62
59
61
64
81
88
95
94
85
83
82
82
89
95
94
102
104
110
114
113
114
113
109
109
106
101
99
100
105
111
119
119
116
115
116
117
117
118
116
121
135
142
144
152
164
177
188
187
189
180
178
163
156
150
141
130
116
108
107
107
103
99
94
90
85
81
85
90
88
92
94
100
104
99
91
84
81
80
85
89
98
104
108
113
113
109
106
98
92
86
85
80
73
61
62
67
71
74
79
81
83
85
85
90
93
92
97
99
96
101
101
104
104
100
98
95
90
88
83
77
78
83
89
95
101
100
96
96
98
99
101
104
100
108
125
135
142
153
165
175
180
182
188
185
180
159
145
139
137
128
116
105
94
86
84
85
84
83
81
77
82
81
73
71
69
72
71
65
61
61
63
65
71
73
81
88
95
102
108
110
108
97
89
75
66
64
68
66
70
79
86
85
78
75
73
77
85
97
101
101
102
101
96
96
91
87
83
76
73
73
74
72
67
63
65
69
75
82
86
85
83
83
85
86
88
92
89
97
114
124
135
145
152
156
164
171
184
185
177
148
132
127
122
117
111
101
86
75
73
76
81
81
80
80
86
77
62
53
53
52
50
48
48
52
55
56
60
59
66
75
83
92
100
102
99
85
75
57
46
48
67
80
89
100
101
93
75
70
69
71
83
98
103
104
102
99
93
88
78
68
63
60
59
63
64
65
63
61
61
63
67
72
73
75
75
77
79
80
81
83
83
85
98
103
115
122
128
127
133
144
159
161
147
119
103
100
101
100
96
93
89
83
79
76
80
79
81
88
96
81
64
54
50
48
46
47
51
54
52
49
47
49
60
76
88
97
102
100
90
66
53
40
41
52
75
94
109
117
114
101
71
65
66
65
79
94
100
103
97
92
86
77
66
53
47
48
52
61
68
71
71
68
63
60
60
64
63
67
70
75
80
82
82
82
79
76
84
82
90
94
101
101
109
124
141
144
131
105
87
82
76
77
80
83
86
87
84
80
79
79
86
97
108
91
75
64
56
50
46
46
52
58
56
52
42
46
57
73
88
98
103
101
85
57
41
39
59
77
91
105
112
116
114
104
75
72
73
64
71
80
86
91
91
89
81
71
59
44
38
40
46
58
72
77
77
73
66
58
56
58
59
65
71
78
87
94
93
91
86
78
78
66
68
70
82
88
96
111
127
132
121
99
76
66
60
58
62
71
82
86
85
82
83
87
95
104
114
95
81
69
61
54
48
48
58
66
67
65
53
54
58
66
78
91
100
100
88
68
57
60
88
104
103
108
108
108
108
102
82
85
85
65
58
57
60
71
79
83
79
70
60
47
42
46
54
68
76
81
82
76
68
60
59
61
61
68
76
84
97
106
106
102
95
82
76
58
58
64
87
102
118
132
143
145
136
117
95
81
59
50
51
68
87
96
94
90
90
96
103
107
114
92
78
64
62
57
54
57
67
76
76
73
73
72
71
72
78
93
103
105
100
91
89
90
112
120
110
111
111
107
104
98
90
96
93
69
46
36
41
55
72
83
79
75
70
64
61
64
74
83
91
93
94
88
77
70
71
77
76
79
85
94
102
110
110
108
99
91
75
54
49
62
97
118
141
149
159
159
153
138
122
97
69
55
52
72
86
103
99
98
96
98
103
109
107
95
83
76
74
69
64
67
79
87
88
87
90
98
88
81
90
98
101
104
105
110
114
118
124
124
119
112
106
101
100
94
96
102
98
72
45
30
31
46
68
83
91
90
86
83
82
85
93
101
105
104
102
97
92
91
94
96
100
100
101
104
110
115
116
113
104
96
78
54
49
64
108
140
159
160
162
160
159
149
132
106
77
60
52
70
85
104
103
102
98
99
105
111
110
102
97
96
93
89
84
87
97
104
106
106
111
117
104
95
100
102
101
102
110
123
133
130
121
118
117
116
104
98
97
94
101
107
102
89
80
77
77
78
86
91
94
97
99
101
104
108
114
121
124
123
120
114
113
117
122
125
123
120
116
112
114
118
119
116
110
102
80
56
50
64
105
142
161
158
156
154
157
151
138
112
80
59
49
66
84
106
107
107
103
102
105
110
109
106
107
112
110
107
103
105
113
118
118
118
121
121
108
100
103
102
99
100
117
127
137
134
125
123
119
109
105
97
95
93
106
110
101
98
101
107
106
99
93
91
97
101
106
111
113
117
120
123
125
128
127
123
122
128
136
141
144
141
133
125
122
120
118
115
113
107
80
54
47
60
95
126
149
149
150
149
151
147
137
113
83
60
49
64
85
107
110
111
110
108
109
111
110
109
112
119
122
120
115
116
121
123
121
119
122
123
111
105
105
101
95
96
114
130
146
140
124
119
118
108
105
99
96
93
111
112
107
102
103
106
106
101
95
91
96
102
108
113
117
120
123
124
124
127
128
125
124
127
133
136
133
134
133
129
126
126
125
124
119
114
87
57
48
62
94
120
144
148
153
156
158
152
142
119
94
70
59
72
90
111
116
119
120
117
116
115
114
114
119
126
129
125
118
116
118
119
116
115
121
124
115
111
109
102
98
99
116
134
150
142
122
114
114
108
105
100
99
95
108
109
106
101
103
108
108
104
95
86
93
98
106
112
117
121
124
126
124
125
126
126
128
130
131
131
137
141
143
140
137
134
131
128
132
131
105
76
60
72
98
120
144
148
156
159
165
161
151
129
105
84
75
82
97
114
124
130
131
129
127
123
121
120
125
130
129
122
113
109
112
113
111
110
118
123
119
115
110
103
102
105
126
135
142
136
123
118
113
104
103
101
101
98
104
107
106
104
107
111
116
115
105
94
98
103
109
114
117
119
121
120
118
116
119
123
129
135
135
134
135
140
143
144
143
141
138
134
137
135
114
92
76
87
109
125
144
146
151
156
163
162
155
132
113
94
86
91
100
114
126
134
137
138
137
132
129
129
132
135
132
124
115
112
116
118
115
113
123
128
123
116
109
104
109
117
130
137
140
136
125
118
112
106
102
100
102
99
104
108
107
106
108
112
117
119
110
100
101
106
112
117
119
122
123
122
120
119
121
125
130
132
132
132
140
144
147
148
148
146
141
136
130
125
107
94
84
98
121
135
145
147
149
150
156
156
150
132
118
101
95
96
100
111
121
128
134
139
143
140
136
137
139
141
134
127
120
119
125
126
121
118
119
125
121
113
106
107
121
133
139
140
140
138
132
121
109
104
101
98
100
97
108
110
108
110
109
111
120
122
111
103
103
106
110
113
115
117
121
123
123
123
126
129
132
135
139
144
150
152
152
150
148
145
140
135
126
112
104
97
94
104
121
136
142
146
148
154
159
158
150
135
119
106
100
99
99
103
110
119
130
138
145
142
138
138
137
135
131
129
127
126
126
127
123
120
114
120
117
111
109
116
130
146
150
147
142
143
138
127
114
100
95
95
97
95
110
110
107
109
108
111
122
125
116
107
106
107
108
111
112
115
119
123
127
129
133
136
139
142
146
151
158
157
153
149
142
137
129
124
114
107
106
105
105
113
125
137
141
147
149
154
158
157
149
136
122
110
106
105
103
105
109
116
124
131
138
141
140
135
133
132
130
127
124
121
121
120
118
116
104
112
116
117
121
128
137
147
149
148
146
148
143
131
117
101
94
92
93
91
104
102
105
109
110
113
124
127
121
114
112
109
107
107
106
109
114
121
131
136
142
146
148
151
156
160
159
154
147
141
132
123
117
113
107
110
114
113
115
120
125
135
141
147
151
155
157
155
148
138
127
116
113
111
109
109
111
116
120
124
132
139
139
132
129
129
125
121
118
117
115
113
112
113
106
114
122
128
136
141
144
147
146
146
146
151
147
137
123
108
94
90
88
87
103
98
101
108
111
117
126
131
128
127
124
118
112
108
106
105
110
117
125
132
138
141
143
147
151
153
149
142
133
126
120
115
112
111
115
118
120
118
118
120
123
134
141
150
153
154
154
152
148
139
128
120
119
119
118
119
119
121
123
124
128
134
133
129
126
127
122
120
119
119
117
115
115
117
122
126
131
137
144
148
148
146
143
143
142
147
148
142
132
118
97
88
84
82
99
93
98
104
111
119
131
136
136
136
134
129
124
118
113
109
110
114
117
122
125
128
130
133
134
134
132
126
118
115
114
115
118
120
125
127
125
119
117
119
123
135
144
153
156
156
153
150
146
138
128
122
122
123
126
129
129
130
131
131
130
129
127
127
127
127
127
126
128
131
131
130
131
134
138
139
141
144
149
152
151
146
144
141
140
144
147
145
136
121
101
90
83
79
103
94
98
104
110
118
130
134
132
132
135
136
136
133
128
122
118
117
118
119
120
120
121
121
121
121
120
117
113
116
120
126
133
136
136
132
127
120
116
118
124
135
149
155
157
155
152
149
145
138
130
123
123
125
128
134
137
140
140
141
138
135
134
135
135
135
137
137
140
145
148
149
150
152
152
150
152
154
154
156
154
147
142
140
137
141
145
143
136
122
104
93
83
78
103
90
95
104
113
120
126
126
124
126
133
139
144
147
145
142
138
134
131
130
129
128
127
124
124
125
126
127
128
130
135
140
143
144
139
130
125
119
114
118
125
136
150
156
156
155
153
151
148
139
132
124
122
121
124
134
138
142
144
147
150
151
151
153
152
151
149
149
150
153
158
162
163
162
162
160
161
160
159
159
155
147
139
138
134
136
139
140
135
122
107
94
84
77
106
89
87
103
118
123
124
121
122
128
133
142
151
157
159
160
159
156
150
148
147
145
143
140
141
142
145
148
148
148
148
148
145
143
136
125
121
117
113
118
130
139
150
157
157
155
154
152
149
142
133
124
120
118
121
130
137
142
143
149
158
164
168
166
164
162
160
159
158
159
163
168
169
167
167
163
163
162
161
161
157
147
141
139
133
133
135
136
133
122
108
96
86
78
105
90
85
100
118
125
122
119
123
130
134
142
150
156
160
163
163
164
162
159
159
162
164
163
164
167
170
171
170
164
156
149
136
133
128
121
113
107
113
122
131
142
147
152
154
157
157
155
151
144
134
124
117
116
119
125
130
134
134
141
157
169
172
171
171
170
169
167
165
164
164
169
172
170
167
166
164
163
162
161
157
149
140
136
135
132
134
133
130
121
109
98
86
75
106
88
84
95
110
120
120
119
125
131
139
146
153
157
160
163
165
168
166
166
170
174
176
175
173
173
174
171
168
158
150
139
125
122
119
114
111
107
113
122
130
140
146
151
153
156
157
156
152
146
134
124
117
114
117
121
125
126
123
133
149
162
167
169
172
175
172
170
170
170
171
174
175
172
168
166
164
164
162
162
157
150
141
137
135
132
133
132
129
119
108
98
85
75
110
88
84
91
104
115
120
122
127
133
142
149
155
159
164
166
169
172
173
175
179
184
187
185
181
177
169
164
160
150
142
130
118
116
120
118
116
113
115
123
129
141
147
154
157
158
158
157
153
147
135
125
117
114
115
118
119
118
114
124
142
155
160
164
170
175
175
173
173
175
178
181
178
173
167
165
163
163
163
162
158
150
142
138
137
134
135
132
129
119
108
96
85
76
118
96
87
89
98
111
121
126
130
137
143
152
158
163
167
170
172
175
176
179
184
186
190
190
183
177
167
161
154
144
133
120
111
113
120
117
116
113
116
123
134
147
155
162
164
163
162
159
155
146
134
125
117
116
117
118
117
114
112
121
134
147
155
161
167
171
175
174
175
179
182
184
180
174
167
163
163
163
162
162
159
152
144
141
140
135
135
132
127
119
106
95
85
76
126
109
89
86
92
110
123
129
133
139
146
154
160
165
168
170
172
175
177
180
183
186
188
186
179
172
163
157
149
138
128
116
111
116
121
120
119
116
118
127
138
154
165
172
174
174
171
167
160
149
138
127
120
120
122
124
122
117
115
119
131
145
156
164
169
170
172
172
175
180
183
185
181
173
167
165
163
163
162
163
159
153
145
141
140
133
132
129
124
116
103
93
84
76
131
115
92
84
87
106
125
130
135
141
149
156
160
162
165
168
170
173
174
176
179
181
181
179
172
163
155
150
144
135
125
116
113
121
124
122
122
120
124
133
145
161
174
181
183
183
180
176
169
158
145
134
126
125
126
129
128
125
120
123
131
145
157
166
167
165
166
169
174
180
183
183
180
173
167
165
164
164
163
162
159
154
146
142
140
132
129
124
119
110
99
91
83
76
134
119
96
85
84
102
120
127
133
139
147
153
157
160
163
166
168
170
169
170
173
173
173
169
163
159
155
151
144
133
124
116
112
116
119
116
117
117
123
134
150
168
179
187
187
187
186
183
177
165
152
138
125
122
123
126
128
125
124
123
130
144
157
165
163
158
160
166
174
179
181
181
177
172
168
165
164
162
160
160
157
152
146
141
138
129
126
119
115
106
95
90
82
76
135
127
101
86
82
97
116
123
128
134
142
148
154
159
164
166
167
169
168
167
167
166
165
162
160
159
155
149
144
135
127
122
116
120
120
115
113
113
119
131
148
168
183
189
189
189
188
186
180
168
152
137
121
113
112
117
120
121
121
121
127
142
156
163
161
155
157
164
173
179
178
178
175
171
167
165
163
161
158
157
153
149
144
139
136
126
122
116
111
104
94
89
81
75
140
131
108
87
78
94
109
113
119
128
138
144
151
157
162
164
166
169
167
168
168
166
162
161
161
160
157
153
146
138
129
122
119
120
115
112
108
106
110
122
142
161
179
189
191
190
188
185
176
161
146
128
112
105
104
107
112
115
117
119
127
140
153
158
157
154
156
162
171
176
177
174
171
169
166
165
164
160
158
156
152
146
141
138
132
126
120
116
111
104
92
86
77
72
143
135
113
92
82
93
107
111
117
124
135
142
150
155
159
162
165
169
169
169
168
165
161
160
160
160
158
153
145
137
129
124
120
117
111
108
102
99
102
111
129
146
164
176
182
183
181
176
165
150
133
118
104
99
99
101
106
108
112
116
125
137
147
153
153
152
155
161
169
173
173
172
170
168
167
166
164
160
157
155
150
143
139
133
128
123
119
115
109
102
91
83
74
70
146
139
117
97
85
91
105
112
118
124
134
141
151
155
158
161
165
169
170
170
168
162
158
156
157
158
157
150
142
134
128
124
120
115
111
109
103
98
98
105
119
133
152
163
168
169
166
161
152
141
125
114
105
104
105
110
110
110
111
115
124
133
142
146
148
151
154
159
165
168
168
168
169
169
166
164
162
161
156
155
148
140
134
127
123
121
117
112
105
99
89
81
72
67
145
136
119
103
89
91
104
113
121
125
134
141
150
155
158
161
164
166
168
168
164
158
152
148
149
151
149
144
135
127
124
123
118
113
112
111
106
100
96
98
109
122
137
147
152
152
148
142
135
127
117
113
111
113
118
122
122
116
114
118
125
131
138
141
144
146
152
156
160
162
161
163
167
168
165
163
162
158
156
153
146
136
129
122
118
119
116
109
102
96
89
81
72
68
144
132
120
107
92
90
98
107
117
121
130
138
146
151
156
159
162
162
162
162
158
150
144
140
140
141
140
135
129
123
121
121
119
115
117
118
116
109
100
97
102
111
122
133
140
140
135
128
123
115
113
113
116
123
129
133
132
126
122
122
125
129
133
135
138
141
147
151
155
157
156
158
161
165
161
160
160
158
155
151
142
133
125
118
116
118
114
106
100
95
90
84
76
73
149
138
125
111
95
89
92
101
111
116
125
132
143
149
154
158
158
158
157
155
150
143
137
133
131
131
130
127
123
119
118
119
120
120
125
129
128
121
111
103
102
106
115
122
126
125
122
118
118
115
116
118
123
131
137
140
139
134
127
126
126
127
128
130
133
137
143
147
150
152
151
153
156
158
157
157
158
157
154
148
140
131
123
116
114
115
112
105
99
94
90
86
79
77
167
155
139
122
103
93
93
98
107
112
121
130
140
148
153
156
156
152
151
149
143
136
130
128
126
126
124
122
117
115
116
116
118
122
124
128
128
124
117
108
105
107
112
116
115
115
113
116
123
124
124
124
129
134
137
138
138
135
133
131
127
124
124
125
129
133
137
141
144
147
146
147
149
149
152
153
155
155
152
147
139
131
123
115
112
112
108
105
99
93
88
86
82
80
185
174
155
137
114
99
95
99
105
109
117
128
140
146
150
153
152
149
147
144
139
131
128
126
125
124
121
117
114
113
114
114
117
120
123
126
125
123
117
113
111
112
114
118
117
118
120
125
133
135
135
133
134
137
137
137
137
135
136
132
127
122
120
121
125
130
133
137
140
142
142
141
141
142
147
149
152
153
151
147
140
131
123
115
110
108
108
105
99
93
88
86
82
81
203
195
178
154
131
109
97
96
101
107
116
127
138
144
148
152
150
147
146
141
136
130
125
123
123
122
118
118
115
112
111
113
116
117
118
118
118
119
120
118
120
126
126
129
132
133
137
141
146
148
144
139
137
138
138
136
134
134
135
133
127
120
117
118
122
125
131
135
137
138
139
138
136
137
141
146
150
150
150
147
140
131
124
115
111
109
107
107
103
95
89
83
83
83
210
205
189
168
143
119
98
93
97
104
112
123
134
140
146
149
148
147
144
137
129
125
120
117
118
120
116
114
112
111
112
115
117
119
120
120
119
121
123
124
128
135
141
144
144
142
142
150
155
157
152
147
142
139
136
132
127
125
126
125
122
119
117
117
119
121
127
132
134
134
134
132
131
132
137
142
147
149
149
147
140
133
126
118
113
113
111
111
107
99
89
84
84
86
214
210
196
177
155
130
98
93
97
103
109
119
129
137
142
147
148
146
143
131
121
118
114
112
115
118
118
116
113
113
117
120
122
122
123
125
124
125
128
130
137
144
149
153
151
145
145
151
156
155
154
150
146
145
144
140
135
132
130
129
124
120
118
117
118
120
123
127
129
130
130
130
130
134
137
143
148
150
152
149
142
135
128
121
118
118
118
117
113
104
91
86
86
86
208
206
197
181
160
135
98
96
99
103
107
115
125
133
141
146
148
148
144
129
117
114
111
110
114
118
116
113
112
114
118
122
124
125
126
128
130
131
133
136
141
148
156
162
163
156
157
165
168
165
161
157
154
155
155
152
147
143
147
143
137
131
126
121
121
121
121
125
127
127
131
134
137
140
143
148
153
155
154
151
144
135
128
121
120
121
122
121
116
107
93
87
84
86
203
203
197
183
163
138
100
98
98
100
105
113
121
130
139
146
149
150
145
131
118
113
110
110
114
118
116
113
112
117
122
126
129
132
133
136
138
139
141
144
150
156
162
168
169
165
164
169
170
167
166
162
157
157
158
156
151
148
152
150
143
137
131
126
125
126
126
129
130
130
135
141
145
147
148
153
158
159
158
152
144
135
129
122
121
123
123
121
115
105
95
87
86
86
199
199
195
185
165
138
105
101
100
98
104
111
118
127
137
146
151
152
147
134
121
113
110
112
115
116
112
107
104
107
112
115
118
122
131
135
137
137
138
141
147
154
163
167
168
164
163
164
165
163
157
154
149
147
146
146
144
142
140
135
128
123
118
117
121
125
131
134
134
134
138
145
149
152
153
156
161
162
160
154
143
136
128
122
122
124
123
120
114
103
94
87
86
88
197
198
195
186
169
139
112
107
103
99
103
108
115
126
137
146
152
154
152
142
131
120
116
119
120
117
111
102
95
96
101
104
108
113
119
123
125
124
124
124
127
133
140
142
144
144
144
145
147
148
142
140
136
132
131
129
127
125
123
117
112
108
105
107
115
123
130
135
136
135
140
146
152
155
158
161
165
166
161
153
142
135
125
122
123
126
124
120
114
103
93
87
86
87
200
200
199
193
175
142
118
110
105
99
103
107
115
125
137
147
154
156
158
152
140
128
123
128
128
122
105
94
86
87
92
97
102
107
115
120
123
120
117
114
113
115
124
125
126
127
126
123
123
125
125
125
125
124
123
122
118
116
113
112
111
110
108
108
112
118
124
132
135
136
141
148
154
158
162
164
166
166
161
152
140
132
123
121
123
127
125
122
115
105
94
88
87
87
203
203
205
197
182
148
126
111
107
102
103
109
116
125
138
149
156
162
164
160
148
134
133
139
137
127
112
97
87
84
90
102
110
118
124
131
131
127
124
120
117
116
121
121
125
130
126
123
125
130
134
137
135
131
129
128
130
128
127
132
134
138
128
118
109
111
115
124
133
141
146
147
151
158
163
168
168
166
161
152
141
129
123
121
127
131
128
123
115
102
92
88
85
84
204
205
206
201
190
160
135
117
108
103
106
110
113
121
136
149
159
164
164
162
151
141
141
149
146
138
118
102
90
88
96
108
119
132
146
155
159
158
154
149
143
142
140
141
147
151
148
144
148
151
155
158
158
157
153
151
153
153
156
157
156
154
142
126
111
107
113
125
138
148
150
149
151
156
164
168
168
165
158
149
140
129
123
121
127
130
127
122
113
100
91
88
86
86
200
201
206
204
198
172
144
121
108
104
108
110
109
114
130
147
159
164
168
166
159
152
152
155
152
145
126
110
99
97
101
108
120
136
151
163
173
177
174
171
166
166
165
168
175
180
175
173
177
181
182
185
183
181
178
175
178
178
176
168
155
142
133
122
114
112
118
131
145
152
152
149
150
155
165
168
166
164
156
147
138
129
123
122
125
128
124
120
111
98
89
87
86
87
197
200
204
206
202
183
149
123
104
104
107
110
109
110
122
139
152
161
167
167
166
162
159
157
153
147
139
125
117
112
107
104
109
123
140
153
167
173
178
177
177
178
180
183
190
192
187
185
189
193
195
196
191
184
183
183
184
178
168
152
131
113
112
112
122
129
134
142
149
151
149
147
151
156
162
165
162
159
153
143
136
127
124
123
125
125
121
116
106
95
88
85
85
88
199
204
206
208
207
194
159
128
104
101
106
112
114
113
116
127
142
153
160
165
170
169
165
159
154
151
151
141
135
129
117
104
102
111
127
139
150
161
169
174
176
178
179
183
188
189
184
182
185
190
195
195
186
178
175
175
172
160
143
130
114
100
104
112
129
141
149
151
150
146
146
148
153
157
161
162
159
156
149
140
134
126
124
125
125
122
117
109
100
92
87
87
86
89
201
206
207
212
213
207
172
141
106
97
105
115
119
116
113
119
132
144
154
161
171
173
169
162
156
153
155
147
143
135
122
110
103
108
113
123
133
143
155
162
165
168
171
174
180
181
178
179
183
186
183
184
173
164
159
156
146
129
118
114
108
103
109
117
133
146
155
154
150
147
148
152
156
159
163
164
159
154
146
136
131
125
124
126
125
120
113
104
96
91
89
90
90
92
207
210
213
218
220
221
190
159
116
100
101
110
118
117
111
113
123
137
150
160
170
174
173
168
162
159
155
149
144
135
128
119
112
111
110
115
120
128
138
145
149
154
155
159
165
169
167
167
170
172
169
169
161
153
147
140
129
114
108
112
113
115
119
127
137
146
155
156
155
154
156
158
160
163
165
164
157
151
141
133
128
124
123
127
125
118
108
99
92
90
90
96
96
95
217
217
220
224
225
230
203
174
126
105
96
107
114
115
110
110
120
134
147
156
168
174
176
174
169
164
159
151
145
138
133
129
120
116
113
114
114
117
123
128
132
137
141
143
149
152
151
148
149
148
146
145
140
137
130
122
115
107
110
119
125
131
130
136
140
147
152
158
160
160
161
162
163
164
164
162
154
147
137
128
126
123
123
128
125
117
107
96
91
90
91
100
101
99
224
223
228
229
229
230
220
190
149
114
93
100
105
111
110
110
119
128
140
152
163
173
180
179
175
168
161
154
147
144
139
132
126
122
118
114
110
110
114
119
123
126
128
134
138
138
134
131
129
126
126
126
125
123
118
114
114
116
125
128
133
136
139
143
148
153
158
161
164
164
165
166
165
164
163
161
155
143
134
131
127
122
123
127
122
114
104
95
92
92
99
103
103
101
234
232
234
232
232
235
228
204
165
127
94
91
99
108
113
115
122
128
135
147
159
172
179
179
176
169
163
157
152
147
140
133
129
126
123
119
117
117
118
120
121
121
122
127
132
130
128
126
125
123
125
125
125
124
122
121
124
128
135
139
143
144
144
145
150
156
158
161
163
164
165
165
164
163
163
160
153
142
132
127
125
122
127
127
120
110
98
88
90
95
101
103
100
101
241
240
240
237
235
236
233
219
187
148
107
92
100
106
113
116
121
124
130
141
153
167
174
178
176
170
163
159
156
152
144
137
133
131
126
124
123
125
126
126
126
125
126
130
134
135
133
134
135
136
139
139
139
139
135
135
138
141
144
149
152
150
147
147
152
157
161
162
163
164
164
163
163
162
163
157
152
141
131
125
124
124
130
128
119
109
97
87
90
98
102
100
97
102
247
245
245
241
237
237
235
231
208
170
128
99
99
100
111
113
118
122
127
136
146
159
168
173
175
170
163
160
159
156
149
143
138
132
128
126
126
129
133
134
135
134
138
142
145
149
151
154
159
161
160
159
158
156
152
148
147
148
151
153
155
154
150
150
154
159
163
162
162
163
163
163
161
161
161
154
147
139
129
123
124
126
131
129
117
106
97
93
96
101
102
98
96
109
250
249
250
248
243
240
237
239
225
195
158
118
104
98
110
114
120
121
123
131
140
152
162
168
170
167
164
160
159
159
156
150
142
134
130
127
124
126
131
136
138
139
144
148
154
159
162
167
169
170
167
166
162
159
156
152
148
148
152
154
155
155
154
154
158
161
165
164
163
163
163
163
162
161
159
152
144
137
128
122
125
127
132
128
113
100
97
99
103
103
100
98
104
124
250
250
251
251
249
246
242
244
238
217
184
139
110
98
108
114
118
117
118
125
132
145
157
164
167
164
164
161
161
162
160
157
147
137
132
128
124
124
128
134
137
138
142
147
154
159
162
163
163
162
161
157
153
151
149
146
144
144
150
151
151
153
154
157
161
163
167
166
164
163
163
164
164
161
158
150
143
135
128
125
126
127
130
125
107
95
97
105
109
104
100
103
117
143
250
250
250
252
250
246
242
243
244
235
201
164
126
106
104
110
114
116
115
121
127
138
151
159
165
162
162
161
162
162
160
158
150
143
138
132
127
127
130
133
134
135
136
139
143
147
148
148
147
147
146
144
143
143
142
141
142
144
146
148
151
153
155
159
163
166
169
169
166
162
160
162
164
160
154
148
139
133
127
126
126
125
125
119
102
94
98
107
109
104
105
114
139
163
251
252
250
252
248
242
239
242
247
245
228
198
155
125
108
103
108
112
115
119
123
132
145
155
163
162
160
159
161
162
159
157
153
148
143
139
132
129
130
130
129
127
129
129
129
130
131
132
133
134
132
133
135
138
140
140
142
145
147
150
153
155
158
161
166
169
171
171
167
159
158
160
161
158
150
143
136
129
126
126
126
123
117
112
99
95
101
106
106
103
113
130
157
179
251
250
250
252
251
247
243
239
242
251
248
226
190
154
119
106
101
107
116
115
117
124
138
153
161
158
156
152
154
160
160
158
157
156
151
148
144
140
135
131
126
122
124
123
123
125
128
131
131
131
132
132
134
138
140
143
146
149
153
155
158
160
161
165
172
173
172
168
162
155
154
158
157
152
146
138
132
127
124
125
123
118
114
106
98
96
99
102
104
107
130
153
176
188
251
250
250
251
249
248
246
242
243
251
254
241
214
183
145
121
104
103
110
110
112
117
129
146
156
157
149
148
151
157
159
161
161
160
160
157
152
146
142
138
134
129
128
127
129
132
136
139
138
136
134
134
137
140
143
147
151
156
158
160
163
164
165
170
174
174
169
164
157
152
151
154
154
147
140
132
125
121
121
122
120
114
108
102
98
98
100
104
112
119
147
170
187
191
250
250
250
250
249
248
249
245
244
248
252
248
235
212
173
138
111
96
103
106
110
112
121
135
147
151
148
149
152
156
161
163
165
164
162
162
158
154
149
148
145
143
140
140
142
146
150
149
146
142
139
140
142
144
148
153
158
162
166
167
169
171
171
175
177
175
167
161
154
148
147
151
150
145
134
125
119
117
119
119
116
108
101
101
103
105
107
112
125
139
170
188
199
193
249
250
250
250
249
250
250
248
244
242
249
250
246
233
204
167
131
105
99
103
108
112
113
124
136
142
150
153
153
156
159
163
164
165
164
162
161
158
156
156
154
154
153
151
152
157
161
159
154
150
148
149
150
153
155
158
163
167
168
169
172
173
175
177
177
174
166
158
150
143
145
149
147
139
129
121
113
113
115
115
111
103
99
102
108
112
114
122
142
160
185
198
201
193
248
248
249
248
249
251
251
249
246
241
244
248
249
247
231
199
158
117
97
96
103
108
112
117
127
138
147
150
148
150
155
159
163
167
165
166
164
161
159
158
158
158
155
154
156
162
166
166
163
161
161
161
161
160
160
160
163
167
164
165
170
173
176
178
176
170
164
156
148
143
145
147
143
132
123
114
110
110
113
113
107
99
99
105
112
117
121
136
160
183
196
199
199
194
247
247
249
248
249
251
250
250
247
244
240
245
248
252
245
221
183
133
102
92
91
101
109
112
123
136
143
145
142
143
151
155
159
165
166
166
165
162
159
159
159
159
155
155
158
166
171
172
173
174
174
172
170
166
161
158
156
157
159
161
166
171
174
177
174
168
160
155
150
146
146
146
138
126
116
110
107
109
111
110
105
100
102
110
119
127
138
154
180
199
203
200
199
198
246
246
248
246
248
248
246
247
249
248
244
247
249
249
250
238
209
159
115
90
78
90
99
104
114
128
138
139
134
136
146
150
153
161
161
161
162
159
157
157
157
156
155
156
162
170
177
179
181
185
184
182
176
169
162
154
150
148
152
154
158
164
169
171
169
164
158
155
150
145
142
140
132
120
111
107
107
110
111
109
107
103
109
120
138
150
164
180
197
208
207
203
201
201
245
245
247
246
247
245
240
243
249
250
248
250
248
245
248
245
228
183
128
90
67
78
92
94
103
118
131
131
126
130
140
144
148
157
159
160
159
156
153
153
152
151
153
155
162
173
181
184
189
193
192
188
181
171
162
153
146
143
144
146
151
156
161
165
164
159
154
151
147
139
133
131
125
116
110
108
109
112
111
110
108
107
117
134
154
171
187
199
208
211
210
205
204
204
243
245
246
247
246
242
241
244
248
251
251
248
250
244
243
245
244
198
141
95
64
67
77
83
91
109
120
126
131
131
136
139
147
153
156
157
155
152
150
147
146
147
148
157
167
176
184
187
189
193
190
187
182
174
163
152
144
141
142
143
146
151
155
159
159
154
152
148
141
135
128
121
113
110
107
109
109
112
112
111
114
122
135
150
169
187
201
210
211
209
208
208
205
203
243
244
246
247
247
245
244
245
247
249
252
249
249
243
242
245
248
213
168
115
78
64
64
72
80
93
110
119
125
131
133
138
143
149
151
153
152
150
147
144
142
145
152
162
171
180
187
188
188
190
187
185
182
176
166
156
148
145
145
143
146
150
153
157
155
152
147
143
138
130
121
112
108
107
107
107
108
111
113
113
123
134
152
166
185
200
209
214
213
210
209
209
207
206
244
244
245
245
244
245
246
246
247
248
247
247
249
246
247
248
253
231
198
140
100
71
59
63
71
79
92
105
115
125
127
136
140
145
149
152
152
149
147
144
144
147
155
167
178
185
190
189
187
187
184
185
184
181
172
164
156
152
149
148
148
150
152
153
152
147
142
140
134
124
114
106
103
105
107
106
107
109
113
121
136
154
174
186
202
212
218
219
214
210
208
208
211
209
244
244
243
242
242
245
246
246
247
249
245
246
250
250
251
250
253
242
217
171
118
83
65
59
63
71
77
90
102
119
121
133
137
143
145
149
150
149
147
146
149
153
160
172
183
190
194
191
187
186
183
184
186
184
178
168
162
158
154
152
152
152
152
152
149
144
140
134
125
117
110
103
104
106
108
106
107
113
123
135
154
175
192
201
211
220
222
221
214
209
208
208
212
210
244
243
244
242
242
245
246
245
246
246
247
248
248
248
251
249
249
245
229
205
135
91
69
60
61
63
68
78
91
112
113
127
132
137
142
146
149
148
148
148
151
158
165
175
183
188
190
188
185
184
183
186
187
186
179
171
163
161
157
155
154
153
151
148
142
137
133
123
114
109
105
103
105
108
108
111
115
127
142
158
179
197
207
211
218
221
224
222
215
209
209
210
212
208
244
244
244
243
244
244
245
243
240
239
240
240
242
244
247
247
245
242
234
231
147
95
73
68
67
65
62
67
80
100
105
115
124
131
138
145
148
149
149
150
155
161
169
176
182
184
186
186
185
184
186
187
188
185
177
169
163
161
159
156
153
151
147
142
136
128
122
113
105
102
103
104
107
110
115
120
130
146
165
183
200
213
217
218
219
221
222
220
216
211
211
210
209
205
243
244
243
244
244
242
242
241
238
235
231
232
235
238
240
244
242
240
234
237
155
101
83
80
79
76
64
61
69
84
89
99
111
119
129
137
144
147
149
150
154
159
167
172
175
176
179
184
185
185
184
184
183
178
171
164
161
159
155
153
151
148
141
134
125
117
110
104
101
103
105
107
111
117
126
138
154
172
189
204
214
223
222
221
219
219
219
217
215
214
211
209
208
206
243
244
244
244
242
240
240
241
240
238
235
233
232
232
232
238
240
240
236
232
160
107
95
87
84
82
73
61
63
71
76
82
97
107
116
126
136
141
145
146
148
153
154
158
160
161
167
173
176
178
178
178
176
170
164
158
156
156
152
149
147
143
136
127
117
108
102
100
101
105
109
110
116
124
137
153
172
190
206
217
223
226
223
222
220
218
216
216
215
215
211
209
207
207
241
242
243
242
239
238
238
237
238
242
240
235
229
224
221
237
242
238
226
208
159
120
101
92
86
90
82
70
66
68
70
75
85
92
102
111
122
129
133
138
141
143
143
144
146
149
155
160
164
167
168
166
162
155
149
147
147
148
146
144
140
136
131
122
112
106
100
103
105
110
117
118
124
138
150
174
195
208
215
221
222
221
220
222
220
220
215
216
214
214
210
211
209
208
241
242
241
240
238
237
237
234
234
236
234
232
228
226
226
237
241
232
207
180
156
133
109
96
90
99
89
79
70
67
68
69
75
79
86
95
105
113
119
125
128
131
134
135
137
141
144
148
152
153
153
149
145
140
137
135
135
137
137
132
128
123
117
112
107
102
103
107
109
117
125
129
139
154
170
189
206
214
218
219
220
219
222
224
221
220
215
216
212
211
211
213
209
205
240
238
237
238
239
240
238
231
225
222
222
223
225
227
231
235
233
214
172
144
151
143
116
101
94
103
99
90
79
72
73
70
69
72
75
80
89
96
104
110
115
118
120
121
123
127
130
132
134
135
134
130
127
124
124
123
123
124
124
121
116
112
109
108
108
109
108
112
117
125
137
146
161
178
196
208
217
221
221
218
215
216
223
224
221
219
214
216
213
211
210
214
213
207
