34
33
38
47
58
74
96
117
140
159
174
177
178
176
179
183
185
185
185
188
193
198
199
200
201
202
206
208
209
211
214
220
226
230
235
238
242
245
245
245
244
244
242
239
240
242
241
243
244
243
239
233
224
216
209
204
201
200
201
201
200
199
200
203
206
206
205
204
202
203
206
207
202
196
189
183
176
171
167
160
150
142
129
112
92
70
50
40
35
35
40
44
40
23
32
33
37
50
66
87
113
137
157
172
178
179
176
173
176
180
182
183
183
186
192
196
197
196
197
198
200
202
204
205
210
216
222
227
233
237
242
245
246
246
244
243
241
238
238
238
236
237
236
235
232
228
224
217
210
204
202
202
203
204
204
202
203
207
208
206
203
202
200
200
203
203
199
194
190
185
178
172
169
165
157
150
141
124
104
80
58
43
34
34
38
41
41
24
31
35
40
51
76
100
129
150
168
175
177
176
175
175
177
177
178
181
185
189
192
194
194
193
192
192
195
194
196
202
207
212
219
224
230
234
239
242
241
240
240
239
237
234
231
230
231
230
228
227
225
222
218
215
210
206
205
206
206
206
204
204
207
208
207
205
202
199
198
199
201
201
196
192
187
184
179
175
173
168
161
156
147
138
115
89
68
49
35
33
39
44
40
28
35
38
45
61
89
115
142
159
171
173
173
174
172
173
175
175
175
179
186
188
192
194
193
191
189
188
189
189
193
198
204
209
214
219
223
228
232
234
233
232
230
229
227
226
223
223
222
222
221
219
218
215
213
212
210
207
204
204
204
204
204
204
207
207
205
203
199
196
195
195
197
197
194
189
186
183
178
174
172
169
164
160
157
147
126
101
78
57
42
37
38
45
45
35
41
45
54
73
103
129
151
163
168
168
169
170
172
175
177
174
173
177
185
186
190
192
191
190
188
187
188
188
191
196
200
203
208
211
215
218
221
224
223
221
220
219
219
217
214
213
212
212
211
210
209
208
207
208
208
204
202
201
198
199
200
202
203
203
200
198
194
193
191
191
193
194
190
186
185
181
177
174
172
171
167
165
164
156
138
115
92
69
51
42
45
52
53
45
47
54
66
86
114
136
152
159
162
162
166
168
172
177
179
176
175
178
183
184
186
189
190
190
191
191
191
192
192
195
197
199
203
205
206
207
211
212
213
212
212
213
212
210
207
205
204
203
203
203
204
204
203
203
202
200
198
196
194
193
195
199
200
198
194
192
190
190
190
190
191
190
186
181
182
178
175
172
171
169
167
165
163
159
146
127
104
82
60
48
50
53
54
46
53
63
78
99
123
141
149
154
158
160
166
169
171
175
178
177
178
183
185
185
184
186
189
191
193
193
192
193
194
196
197
197
198
199
198
199
201
204
205
206
206
207
206
204
201
198
196
196
197
198
202
202
202
199
196
195
194
195
193
193
195
197
198
195
192
191
190
190
190
190
189
186
180
175
175
173
171
170
169
167
165
164
162
161
153
138
118
95
72
55
47
45
44
39
58
72
87
108
129
143
145
151
155
159
166
168
168
170
173
175
180
185
186
183
182
182
185
187
189
190
188
192
195
198
198
198
196
196
193
194
197
201
202
201
200
200
199
197
194
191
190
191
193
195
199
200
199
195
192
192
193
194
194
195
195
196
194
192
190
189
189
189
189
189
186
181
174
167
168
168
168
169
168
167
165
164
162
162
159
146
127
107
81
61
48
40
37
35
63
77
90
109
127
139
139
146
150
154
161
164
164
165
168
171
175
178
177
178
177
177
178
180
183
186
186
190
193
195
196
196
194
193
190
189
189
192
194
194
194
195
194
193
190
187
186
188
190
192
195
196
195
193
192
192
193
193
195
195
195
192
188
186
186
185
186
186
185
183
181
174
168
162
163
163
163
163
163
163
161
161
160
158
157
146
129
111
86
64
51
40
39
38
66
78
91
108
123
133
134
141
145
150
154
159
160
160
164
166
167
168
168
170
173
173
173
175
179
182
185
188
190
192
192
192
191
190
188
184
182
183
185
186
188
191
192
190
188
186
186
187
190
193
192
194
194
193
193
194
193
192
195
196
194
189
183
182
183
182
182
181
181
179
175
171
164
159
158
158
157
156
156
156
155
155
154
153
151
142
128
111
88
64
50
41
40
42
63
76
88
104
119
128
132
132
136
146
151
153
154
156
159
159
161
163
166
167
168
168
168
170
173
175
182
184
187
187
187
187
182
179
176
175
175
177
179
182
186
188
189
191
189
189
191
192
195
195
192
194
195
195
196
196
195
194
195
194
192
188
184
183
184
186
184
182
178
174
170
164
158
154
152
152
152
152
151
151
150
150
151
150
147
140
127
110
83
61
44
39
41
45
59
73
85
103
117
125
126
126
131
139
147
149
151
152
153
154
155
158
162
161
161
162
162
163
167
170
176
179
181
181
180
177
175
171
170
170
171
174
178
182
185
188
192
193
192
193
194
195
199
199
198
198
199
197
196
196
196
196
195
194
193
191
188
187
187
187
184
181
176
170
165
159
153
151
150
150
149
149
148
147
146
145
145
146
144
137
125
108
81
58
43
37
39
43
53
67
80
99
112
118
119
121
126
135
141
145
147
147
147
147
149
153
153
151
149
149
151
153
155
158
161
166
171
172
171
169
167
165
165
166
169
174
179
183
187
190
193
195
194
195
196
198
202
202
202
202
201
199
198
198
197
197
195
195
194
194
193
191
189
187
184
180
173
167
161
155
152
149
149
149
148
146
145
143
142
141
141
142
141
135
124
107
81
58
43
37
37
40
49
64
77
94
106
109
111
115
122
131
136
139
141
141
142
142
142
144
142
138
134
134
137
140
144
147
148
153
160
164
165
165
163
162
165
167
172
177
182
185
189
191
194
196
196
197
197
199
203
203
202
202
202
202
200
199
197
197
196
196
198
197
196
193
190
187
184
180
173
166
161
156
154
152
152
150
148
145
143
141
141
140
140
141
139
134
123
107
81
59
45
38
36
39
50
66
78
92
100
100
103
108
116
124
130
134
135
135
136
136
134
134
132
126
121
123
128
133
138
142
141
143
150
155
159
162
164
165
169
172
177
183
185
188
191
193
197
200
199
200
199
198
203
202
201
200
199
199
199
198
196
198
199
201
202
202
200
195
192
190
185
182
176
170
165
162
159
158
155
152
148
144
141
140
140
141
140
140
138
131
120
104
81
60
46
38
35
36
54
70
80
90
94
94
98
103
110
119
126
130
131
131
131
131
129
130
125
117
113
116
123
129
136
140
137
137
141
147
154
159
166
171
175
179
184
187
189
191
193
196
201
203
202
202
201
200
202
201
200
196
195
195
194
195
197
199
202
204
206
206
203
200
195
194
189
186
181
177
172
168
164
162
159
156
150
145
141
140
140
140
140
140
136
128
116
101
79
59
45
37
32
33
55
71
79
85
87
89
96
101
106
114
121
126
129
128
128
128
129
130
125
117
111
114
122
128
134
138
137
137
141
146
152
161
170
177
183
186
190
192
191
192
196
199
204
207
203
203
202
200
201
199
198
194
193
193
193
194
196
200
202
204
207
208
206
202
198
196
192
190
187
184
180
175
169
165
162
160
155
149
145
142
141
140
140
140
135
125
112
97
75
57
42
34
30
31
55
70
78
81
82
86
94
97
101
107
114
121
125
124
124
125
128
131
129
119
113
117
123
128
132
135
142
143
147
152
157
162
171
179
188
191
193
194
192
193
197
202
206
209
205
205
204
201
202
200
195
192
192
193
193
194
197
200
200
202
205
207
206
203
199
196
194
193
191
189
185
180
172
168
166
164
160
154
151
146
143
141
139
139
134
123
109
93
72
54
39
33
29
31
55
69
79
82
84
86
90
94
98
102
110
116
122
124
126
128
130
131
128
119
115
121
127
129
132
136
144
148
154
159
162
166
174
181
189
191
193
194
193
195
199
201
205
206
206
204
204
204
203
201
197
196
195
196
197
198
199
200
200
201
204
206
204
201
197
195
193
193
192
192
191
186
177
172
169
168
165
159
155
149
144
141
137
135
130
120
106
93
73
52
39
29
28
31
56
70
80
84
87
87
88
92
97
102
106
113
119
123
126
129
130
131
130
123
118
124
129
130
132
136
146
151
158
163
166
170
177
181
188
190
193
193
193
194
197
200
202
204
206
206
206
207
206
204
202
200
200
201
202
202
203
203
200
200
202
203
202
197
193
191
191
191
191
192
191
186
180
175
172
170
166
160
155
148
143
140
136
132
124
115
103
92
74
54
38
27
24
28
56
70
79
85
90
89
89
91
94
97
102
108
114
119
124
128
129
131
129
125
124
127
129
131
133
138
146
152
160
166
170
176
180
182
186
187
189
192
193
194
196
197
198
202
205
206
207
208
207
205
202
201
201
202
203
203
202
202
200
200
200
200
199
194
190
188
187
188
189
190
190
187
182
178
173
171
165
158
153
146
141
137
133
126
118
109
100
91
73
55
38
26
21
25
55
67
78
84
88
91
93
94
95
95
97
103
108
113
120
124
127
129
130
129
131
132
132
131
133
137
144
151
159
164
170
175
177
177
178
180
183
187
190
192
192
192
195
199
204
208
208
208
206
203
200
198
198
201
201
200
200
199
197
196
195
195
193
190
186
183
182
182
184
184
185
183
180
176
173
168
162
155
150
144
139
135
130
122
113
105
97
87
72
54
39
28
23
26
54
64
75
78
82
86
92
96
96
96
95
99
102
107
115
120
124
129
131
134
136
136
134
132
135
137
142
147
154
159
164
167
169
169
169
171
175
181
184
186
186
185
188
192
198
202
204
203
200
197
194
192
192
194
195
197
195
195
193
192
191
191
189
184
179
176
175
176
176
176
175
174
171
170
167
163
157
152
148
144
139
136
129
119
109
100
90
81
68
53
41
32
27
30
52
60
67
69
71
77
85
93
94
96
94
96
99
104
112
119
125
131
133
137
140
139
136
135
136
137
139
142
146
151
155
158
161
161
162
165
170
174
176
177
178
177
179
184
189
192
194
195
193
190
187
186
187
189
191
191
191
191
191
189
188
187
184
179
174
169
168
167
166
165
164
162
161
160
159
156
152
151
149
146
140
136
127
115
102
91
81
73
62
50
40
33
29
31
50
56
61
65
68
74
81
88
92
92
93
94
97
102
110
117
125
132
136
140
142
141
140
141
142
143
140
140
141
144
146
146
148
150
153
156
160
163
165
166
167
167
172
175
179
183
184
185
184
182
181
181
183
186
188
188
187
187
184
183
180
179
176
172
168
165
162
161
159
156
152
151
150
149
149
149
149
151
152
149
142
137
126
112
98
87
77
70
60
48
40
31
26
29
47
54
61
67
73
78
84
89
91
92
91
92
93
99
107
114
123
131
139
143
145
143
144
147
149
149
145
141
140
141
139
136
137
140
144
147
150
153
154
155
156
157
161
164
167
168
171
172
172
170
174
174
176
179
181
181
180
179
175
173
171
170
168
166
162
160
159
157
154
150
147
144
144
144
145
146
149
153
155
152
144
138
126
113
99
89
80
71
60
48
39
30
23
26
43
52
61
75
83
89
91
90
91
91
91
91
91
93
104
108
120
132
140
144
146
147
150
155
157
157
152
144
137
134
132
130
130
132
135
138
141
142
143
145
147
148
151
155
157
158
156
157
160
163
166
167
170
172
175
175
173
171
169
163
164
164
162
162
159
159
158
157
153
146
143
143
142
143
142
146
151
155
157
154
145
139
128
117
103
95
87
77
68
56
43
30
22
26
42
51
66
82
94
99
98
94
96
96
93
91
89
90
98
103
116
130
140
145
150
152
157
162
164
165
156
149
141
135
131
126
125
126
130
132
134
134
135
137
140
141
151
152
152
149
148
149
152
154
160
162
165
167
168
168
165
163
160
155
156
156
155
156
155
157
155
156
153
147
145
142
141
143
142
146
152
157
160
157
147
138
130
121
109
102
95
87
77
64
48
33
23
24
45
51
61
74
84
94
96
93
94
93
94
90
87
88
96
101
116
133
144
150
159
164
168
173
176
176
176
174
170
164
157
150
144
141
143
145
147
148
149
151
153
154
151
149
144
140
140
142
145
148
147
150
153
156
157
157
156
154
153
149
150
149
149
150
151
156
164
165
161
155
149
145
143
144
148
148
149
154
159
161
158
154
146
137
123
114
104
96
85
70
51
34
25
21
46
50
59
69
78
88
94
93
94
93
96
93
90
90
97
103
120
139
153
160
167
171
172
173
174
173
174
175
174
169
163
156
147
141
138
140
141
143
143
143
142
141
137
132
128
125
127
130
135
137
136
138
141
145
148
148
147
146
146
145
147
144
142
142
144
151
159
161
161
156
154
153
153
155
161
158
153
151
156
160
162
162
158
150
135
121
110
103
93
79
56
38
27
22
46
51
59
72
84
94
98
97
98
99
99
97
95
93
100
104
123
142
155
160
165
167
167
165
164
163
163
163
161
155
149
145
138
133
126
122
120
119
118
116
114
114
112
110
108
108
113
120
126
128
130
132
136
140
141
139
137
136
139
141
142
136
128
126
126
133
137
142
145
147
149
151
153
155
156
154
151
148
149
155
157
159
156
152
138
124
115
109
102
87
62
43
32
27
45
52
60
74
86
98
104
102
103
101
102
101
98
95
103
108
125
142
152
156
158
159
156
153
150
149
145
143
138
132
127
122
114
107
102
96
89
86
85
86
88
90
91
91
93
96
103
112
119
122
123
125
129
133
134
131
128
127
131
136
135
123
113
108
104
108
114
119
123
125
130
134
135
137
136
136
136
137
140
147
153
155
153
151
141
129
121
114
106
91
67
45
33
28
41
49
63
77
88
100
109
109
108
104
103
103
101
100
107
110
121
132
141
141
140
138
134
129
125
122
118
114
108
103
97
90
81
74
68
64
60
60
63
67
71
74
74
75
78
84
92
102
110
114
114
113
116
121
123
123
122
122
123
129
124
109
97
89
80
81
82
84
86
89
97
103
108
111
115
116
116
118
124
130
136
138
138
140
136
127
121
116
110
96
72
49
31
24
40
52
67
83
96
105
109
110
111
109
105
106
106
103
109
109
113
118
118
117
115
113
111
108
104
102
99
92
83
76
71
64
58
53
47
45
45
49
57
61
63
65
66
68
72
77
85
95
104
109
110
107
107
110
114
116
118
120
115
121
114
96
83
75
63
60
57
56
53
55
63
72
79
84
89
90
93
97
104
110
112
112
113
117
118
117
116
117
115
104
82
56
30
18
39
54
71
87
100
106
110
114
115
113
110
107
107
107
106
105
103
100
99
96
94
93
91
89
87
85
85
79
71
63
56
50
44
39
36
38
43
50
57
62
63
65
67
68
72
75
82
90
94
101
105
106
104
105
108
112
116
115
108
110
103
84
72
67
55
48
44
40
35
36
41
48
55
59
65
68
72
78
86
93
92
89
89
92
98
102
106
117
120
111
86
59
30
17
39
55
75
92
102
106
112
115
118
115
112
110
109
108
105
99
94
88
82
80
78
77
78
78
78
79
79
73
65
58
55
51
44
39
38
41
47
54
60
66
69
71
73
74
76
76
81
87
91
97
102
105
104
106
108
110
112
108
102
98
90
74
65
60
53
50
42
38
34
34
39
46
51
54
60
62
66
72
79
82
77
72
71
73
81
90
99
114
119
111
91
62
33
17
39
57
80
96
105
108
111
117
120
117
114
111
111
109
103
95
85
76
72
70
68
68
71
74
77
79
79
74
67
64
64
64
59
53
49
49
52
57
62
66
71
75
78
79
82
81
84
87
90
95
102
107
108
109
110
108
104
97
91
83
74
66
59
56
51
51
46
44
42
43
48
59
75
87
83
82
81
82
84
84
76
69
59
57
65
76
91
108
116
110
96
66
37
16
41
60
83
100
109
111
112
117
122
120
115
112
111
108
101
91
81
71
67
65
65
65
69
75
78
80
85
81
77
76
81
84
82
77
67
63
59
59
61
64
70
76
77
79
83
83
84
86
87
93
102
110
114
116
114
108
97
85
79
69
65
61
57
54
51
53
53
52
53
56
64
79
100
114
109
102
95
89
87
84
77
71
61
52
53
67
82
99
108
106
94
68
40
14
42
59
79
98
109
109
109
113
118
118
118
114
110
105
97
89
79
71
66
64
64
68
74
79
82
83
87
85
82
83
89
96
94
88
80
72
63
59
59
61
65
70
71
73
77
77
77
78
80
88
100
113
122
127
124
114
97
78
66
58
56
56
52
51
50
52
49
48
52
58
67
76
84
90
86
83
80
80
83
84
85
84
69
53
49
61
75
88
98
100
90
68
45
16
37
53
73
90
102
106
109
112
118
120
122
115
109
103
94
87
79
72
69
68
70
76
82
86
87
86
85
84
83
84
88
91
88
82
73
65
56
54
54
54
57
60
61
62
68
68
69
70
78
91
105
122
137
144
142
128
105
81
63
52
49
48
46
47
48
49
46
49
54
60
64
65
66
67
71
73
75
79
79
80
81
82
78
61
56
64
71
81
93
97
89
76
57
25
26
39
58
74
86
97
106
112
118
120
119
112
106
100
91
85
80
74
71
72
75
80
83
84
82
80
80
82
83
82
82
81
75
67
58
52
46
45
45
45
47
51
51
51
57
63
65
67
78
95
110
129
146
156
155
140
116
91
69
50
42
42
43
45
44
44
39
44
49
50
50
50
55
60
64
70
75
79
76
75
76
78
81
71
69
71
72
82
93
99
94
88
68
33
16
25
37
49
61
78
92
102
109
109
112
106
101
95
89
84
80
75
73
75
78
81
80
78
74
72
76
79
82
80
78
75
66
58
51
45
40
39
40
39
42
48
45
43
51
59
62
63
74
93
108
127
144
154
156
145
125
100
76
50
38
40
43
44
41
38
39
42
44
45
45
47
54
61
64
70
74
75
70
66
70
74
76
74
76
76
74
84
97
101
98
95
75
37
15
20
31
41
49
56
65
70
76
76
80
82
82
81
85
85
83
83
84
91
93
90
82
74
73
68
72
71
70
65
62
57
47
43
37
36
35
35
36
38
42
45
42
44
47
56
58
59
72
86
103
122
140
157
163
157
138
112
84
51
31
34
38
39
38
37
35
35
39
43
40
39
40
41
44
49
55
59
59
60
66
73
74
75
77
78
80
87
94
97
94
88
69
30
18
27
40
52
58
61
63
63
68
68
65
67
66
64
66
67
72
80
91
100
98
88
74
66
68
70
67
66
64
57
51
46
39
35
30
31
36
42
42
40
41
45
47
47
50
56
56
56
70
86
104
123
142
163
176
175
161
135
100
64
38
33
35
40
40
37
34
34
37
39
36
34
35
35
35
40
45
49
50
53
60
66
72
75
79
80
81
86
90
90
86
79
61
30
28
41
53
65
74
80
85
85
82
78
70
65
58
54
51
51
59
71
88
97
98
85
68
57
59
61
57
59
65
62
51
44
36
29
30
31
37
44
44
40
43
48
46
47
52
58
56
56
70
88
119
137
153
167
174
174
166
146
119
84
52
36
36
42
42
37
35
34
36
37
35
34
34
35
33
35
40
43
45
48
53
60
66
72
80
83
84
89
91
87
83
75
60
32
40
54
63
76
87
99
108
108
104
96
87
77
68
62
59
56
58
63
75
82
82
73
59
50
47
47
50
56
71
73
62
53
43
36
37
37
40
43
43
42
45
51
52
53
61
68
66
63
72
90
119
136
148
155
158
160
159
146
126
93
62
40
37
42
41
40
37
36
37
40
40
41
42
43
41
41
41
42
41
40
44
48
59
68
78
82
85
92
93
89
85
80
65
37
44
54
67
81
92
101
107
107
107
105
100
92
85
82
80
76
71
67
70
72
71
64
56
53
51
51
49
53
66
68
60
55
50
47
48
51
53
55
56
57
58
59
58
58
69
73
66
57
58
72
104
124
140
153
162
170
170
157
131
97
64
37
36
41
43
45
41
40
42
46
46
47
47
46
42
42
43
43
42
41
45
47
58
66
76
80
84
91
93
89
85
84
73
41
46
54
65
78
89
99
107
110
111
110
107
102
97
91
86
85
82
76
71
70
70
67
66
66
65
68
65
65
74
74
68
66
65
66
66
68
69
69
70
73
73
73
69
69
81
83
72
57
52
64
96
123
150
171
185
194
197
185
153
115
76
38
38
46
50
52
48
48
51
55
55
54
50
47
43
44
47
50
51
52
54
57
61
68
77
82
86
92
94
90
85
87
76
46
46
56
64
77
88
99
109
113
116
116
113
108
103
96
90
90
89
85
76
70
72
75
80
85
82
84
81
80
84
84
82
82
81
83
86
85
82
80
79
77
78
78
73
76
92
96
83
66
57
68
98
129
160
182
195
208
214
205
180
141
99
50
46
54
59
61
59
58
63
67
67
66
62
58
56
57
60
61
62
62
64
66
71
77
86
92
97
100
100
95
89
89
76
53
44
57
68
81
90
96
101
105
112
116
118
114
113
112
108
107
104
98
88
78
77
84
96
103
100
101
100
99
99
98
100
101
100
104
104
101
98
94
87
81
79
79
79
84
106
112
99
81
70
81
114
140
163
181
194
209
218
208
192
159
118
63
53
61
67
70
69
68
71
77
79
78
76
73
69
70
73
76
77
76
79
81
83
88
98
104
108
107
104
99
94
88
78
59
44
59
74
86
92
93
99
106
112
118
121
123
123
120
121
123
119
112
102
90
86
90
104
115
119
122
118
109
110
116
115
118
122
118
115
111
106
101
95
89
89
94
94
105
124
131
117
95
87
99
129
151
170
183
199
215
221
215
197
168
131
72
65
75
83
83
80
79
79
82
87
88
88
88
83
82
82
86
88
90
94
98
99
107
112
114
112
110
107
101
97
92
76
62
47
65
81
91
96
95
100
105
111
116
121
124
126
125
128
132
131
127
117
108
103
104
112
122
125
129
124
124
129
131
124
120
119
116
113
111
111
113
111
107
108
110
112
119
134
138
122
102
98
111
136
157
174
188
203
219
226
221
201
173
141
90
82
87
90
89
87
86
86
89
96
97
97
98
95
93
91
92
95
99
104
109
111
117
120
121
117
113
110
104
101
93
78
66
55
73
88
96
100
98
101
105
109
114
121
127
131
132
135
140
141
139
132
125
120
117
119
124
126
130
130
134
136
134
128
123
121
120
117
117
118
121
124
123
126
130
130
130
138
136
118
104
108
123
144
158
175
191
204
219
228
224
204
179
152
110
100
97
94
92
94
95
95
97
103
106
105
105
105
103
101
100
99
104
112
118
120
125
126
126
125
119
116
111
105
95
80
69
61
79
93
100
102
100
103
106
109
113
120
128
136
140
143
146
147
145
143
138
133
127
123
123
124
128
134
133
127
123
126
127
126
126
125
123
124
126
128
132
139
145
141
132
132
124
106
101
115
132
148
159
175
191
202
215
226
223
207
185
162
126
111
98
93
95
99
101
101
102
106
107
107
107
110
109
107
103
102
104
113
121
127
131
131
132
131
127
124
119
111
97
81
71
67
82
95
102
104
101
103
105
107
111
116
128
141
149
152
154
154
152
150
147
143
135
130
126
124
126
134
133
126
122
125
127
126
128
129
131
134
136
139
142
147
150
146
131
122
110
99
104
122
139
152
161
176
192
201
212
223
221
212
192
170
140
120
100
95
101
107
110
109
106
106
108
108
109
111
111
109
107
105
109
119
127
135
140
141
140
139
136
133
127
116
99
82
72
74
83
95
102
104
104
104
104
104
107
115
128
144
154
157
157
156
155
153
150
148
142
137
134
130
130
130
134
135
133
132
130
129
133
134
140
147
151
153
151
145
141
140
126
113
100
97
111
130
144
157
165
178
193
202
212
223
223
216
197
178
154
132
107
99
108
120
123
121
114
112
113
113
112
112
112
111
110
111
117
127
133
141
148
149
148
146
144
141
133
118
101
82
73
79
84
94
102
105
105
105
103
101
104
114
127
142
152
156
156
155
154
153
152
153
150
149
148
143
141
136
138
138
139
141
140
140
143
146
149
152
153
153
149
140
132
131
121
110
100
106
123
139
150
162
172
183
195
206
214
225
228
222
205
188
171
149
120
107
111
124
129
129
125
124
125
124
121
120
119
119
119
123
129
135
138
144
152
153
150
146
146
142
132
115
97
81
72
82
85
93
101
106
106
105
103
100
103
111
123
138
149
153
155
156
156
154
154
157
159
161
161
157
154
152
144
137
139
147
152
155
157
158
155
150
146
145
143
138
131
126
121
113
107
117
136
150
158
168
179
189
200
210
219
229
233
229
213
199
185
164
132
113
112
117
125
130
131
136
138
137
132
131
130
130
131
137
141
142
141
147
156
155
149
144
143
138
127
109
93
79
72
82
83
88
97
105
107
105
102
101
101
109
119
131
140
146
150
152
153
153
157
161
166
170
171
170
166
162
158
153
150
150
150
150
149
146
143
140
142
144
140
132
124
123
122
117
119
127
148
157
160
171
182
196
207
215
223
230
236
229
218
201
196
173
144
115
100
104
108
120
132
138
141
144
143
144
143
143
145
148
149
148
147
149
154
153
144
139
137
130
120
104
89
77
72
80
77
81
92
102
106
106
103
101
101
107
115
126
136
142
146
149
150
154
157
162
165
168
171
171
171
168
168
165
161
156
150
142
137
136
137
142
146
148
141
128
118
125
123
116
120
133
153
158
158
169
180
194
206
215
224
230
234
227
218
200
193
174
150
122
103
97
101
113
126
132
137
143
145
146
148
151
151
148
147
148
150
152
153
148
137
131
128
123
115
100
88
77
75
78
74
78
88
100
107
106
104
102
102
105
112
122
130
137
141
144
146
151
156
161
164
166
168
170
170
169
168
164
159
154
151
149
149
147
145
143
142
139
133
126
120
125
124
115
118
133
149
152
154
168
179
193
204
215
223
229
231
223
217
200
190
177
157
129
105
95
98
108
121
125
127
132
137
143
147
151
150
146
144
146
149
152
149
140
130
124
121
115
109
98
88
80
77
78
77
80
89
100
106
106
103
103
104
106
111
118
125
132
135
138
140
145
152
159
163
164
164
164
163
160
161
160
158
154
152
152
153
150
147
143
140
137
132
127
124
120
121
114
114
128
140
146
153
166
177
191
201
211
220
223
223
215
214
202
191
182
166
136
106
92
92
103
117
122
123
128
134
137
139
141
143
143
143
144
146
146
140
131
124
121
117
109
104
97
88
82
80
80
79
83
91
99
105
104
103
103
104
104
108
114
121
127
131
133
136
141
147
154
159
160
161
159
156
153
158
161
160
156
152
149
149
148
145
141
139
136
130
125
121
113
116
114
115
130
141
149
158
168
177
189
198
206
213
214
210
203
203
196
186
180
167
140
110
94
91
99
113
120
123
128
133
134
134
135
138
141
143
143
143
140
131
122
118
117
111
104
98
94
87
83
81
84
79
80
88
97
103
105
102
101
102
103
105
110
118
123
126
131
134
139
146
152
156
158
158
157
155
152
155
159
159
156
153
153
153
150
145
140
136
130
124
118
115
110
113
117
125
146
155
160
164
169
176
184
192
199
202
201
197
191
192
185
176
174
162
145
120
105
97
98
109
116
121
126
131
133
134
135
136
138
139
141
141
138
129
120
115
112
106
100
95
92
86
84
81
88
80
78
84
94
101
103
101
99
100
101
104
108
114
118
121
127
131
136
140
147
150
152
153
153
152
149
153
156
158
155
151
150
149
144
141
138
135
131
122
115
112
109
111
120
134
155
163
164
162
161
164
171
178
182
183
181
180
179
178
175
167
165
154
144
127
111
102
98
105
113
119
125
129
129
131
132
132
132
133
135
136
135
128
120
113
106
100
94
92
89
85
83
82
94
86
79
83
92
99
101
101
100
101
102
103
106
111
114
116
122
126
130
135
141
144
146
146
148
147
147
149
151
151
148
146
145
145
143
138
135
131
125
118
114
113
108
110
121
135
155
160
158
152
147
150
154
161
165
165
164
164
162
162
159
153
150
140
132
121
117
106
100
104
110
116
121
124
125
126
128
129
130
131
131
131
129
125
118
111
102
93
89
88
88
85
85
83
97
90
82
84
91
100
103
102
101
102
103
102
104
108
111
113
118
124
130
132
135
137
137
137
139
142
145
145
145
144
141
140
140
141
141
135
132
129
123
117
114
113
107
111
117
133
147
150
146
135
129
130
137
144
148
151
154
152
151
150
148
142
132
121
113
118
113
111
103
105
112
115
118
118
120
121
123
124
125
125
125
126
126
121
115
106
96
88
85
85
86
86
84
82
96
91
84
86
94
102
103
101
101
101
102
101
104
108
110
111
117
123
126
127
129
132
133
133
135
138
142
143
143
142
139
138
139
139
139
134
131
128
122
116
114
113
107
108
115
129
140
138
127
115
108
112
121
129
134
138
140
140
140
137
135
128
117
103
98
103
111
113
111
112
116
117
116
114
115
116
117
120
121
120
120
120
120
116
110
102
94
88
86
86
87
86
85
83
93
90
85
86
93
102
102
101
100
100
102
101
103
107
109
109
115
121
124
123
125
126
127
129
131
134
140
141
141
140
138
138
139
139
139
134
131
127
120
115
114
114
108
104
109
121
128
123
106
94
89
95
106
118
124
129
131
131
132
127
125
118
104
89
85
95
107
115
118
120
122
120
117
112
113
115
116
117
117
116
115
113
113
110
104
97
91
87
87
89
89
86
84
81
90
87
83
84
91
98
99
97
98
99
100
101
103
105
107
107
112
118
123
122
122
123
124
125
129
132
138
141
142
140
138
139
140
140
140
134
130
124
117
114
115
116
111
101
102
108
115
110
87
74
67
75
89
103
113
119
122
122
121
117
114
105
92
80
80
89
104
115
122
124
126
124
121
117
118
119
118
117
116
113
111
109
106
105
100
94
88
87
89
92
92
87
83
78
87
85
81
81
87
94
95
94
96
97
98
99
101
103
104
105
110
115
120
120
119
119
119
120
126
131
137
141
142
141
140
141
140
138
138
131
126
120
115
115
118
120
116
103
100
101
101
93
69
56
46
53
69
86
100
112
115
114
112
108
102
91
82
76
77
85
100
113
120
123
126
125
125
123
124
124
121
118
114
110
107
104
101
101
97
92
88
88
92
94
95
88
81
75
87
86
81
79
83
90
92
92
94
95
94
94
97
100
101
104
109
115
118
117
115
114
116
118
124
130
137
140
142
142
142
141
139
136
132
125
120
116
115
119
125
126
119
107
99
95
91
80
60
47
40
44
58
76
92
106
111
108
105
100
93
82
76
74
75
81
95
109
118
124
124
124
127
127
129
129
126
121
115
110
104
100
97
97
95
92
90
92
95
97
94
86
78
73
90
88
83
80
82
87
90
91
92
92
90
92
94
97
99
103
108
114
115
112
110
110
114
118
125
130
135
139
141
141
141
142
137
132
126
120
116
116
119
126
130
130
122
112
97
88
81
71
63
55
46
50
61
73
87
99
104
101
95
88
80
71
66
65
66
72
88
105
118
126
125
122
125
128
131
133
132
127
120
114
106
100
95
95
93
91
94
98
100
99
92
83
76
74
92
91
86
81
82
87
89
91
92
91
90
91
93
95
98
102
108
112
113
108
105
106
111
117
124
129
134
137
140
140
140
139
134
127
123
117
115
117
123
130
134
133
127
117
95
81
70
65
69
67
63
64
71
79
87
96
98
94
87
78
70
63
60
58
58
65
83
103
120
129
128
122
124
128
132
134
135
132
125
118
108
101
95
93
91
91
97
102
102
99
91
82
76
79
95
92
86
79
82
87
88
90
92
93
92
91
91
94
98
103
109
112
112
108
105
105
110
116
122
125
127
133
137
138
140
138
131
123
119
117
116
120
126
132
136
139
135
120
101
81
66
67
73
72
68
69
72
77
81
85
86
83
76
71
63
57
55
53
55
63
82
103
122
131
128
121
122
124
128
133
137
135
131
123
114
107
99
91
92
98
101
105
105
97
87
76
74
79
100
96
88
80
82
87
89
91
90
91
92
91
91
94
98
103
109
114
114
110
106
106
111
115
121
124
125
131
136
138
139
136
129
122
117
117
119
123
129
134
139
145
140
126
108
88
74
72
76
76
74
71
72
72
74
77
77
74
69
64
59
55
52
52
55
65
84
105
122
130
128
123
124
123
125
130
134
136
135
129
120
112
103
94
94
100
103
107
105
97
84
77
75
79
105
100
89
80
81
86
88
90
90
91
91
91
92
94
98
103
109
114
115
111
108
108
110
115
120
123
124
129
135
136
134
131
125
119
118
120
124
128
131
135
140
145
144
133
116
98
83
77
77
78
76
71
68
67
68
71
72
69
65
61
58
54
53
54
59
70
92
111
126
133
133
130
127
124
124
128
131
136
139
135
125
116
106
97
96
102
105
108
104
95
82
76
75
78
110
105
89
80
81
84
85
87
89
91
91
91
92
94
97
102
107
112
114
111
108
109
112
116
121
124
126
130
134
134
131
126
121
116
118
121
126
129
132
133
138
143
144
138
124
109
96
83
77
75
76
70
67
67
67
69
73
72
69
64
61
58
58
59
65
77
99
117
131
138
138
135
132
128
127
127
129
134
138
136
127
117
108
98
96
103
106
108
103
91
78
73
73
76
112
108
93
84
84
84
83
84
86
89
91
92
93
95
98
101
106
110
111
109
108
110
114
119
125
128
130
133
135
132
127
123
119
117
115
118
123
128
130
131
135
139
140
139
132
122
108
93
80
76
74
70
69
69
69
71
75
75
75
69
66
62
60
60
67
80
101
119
131
136
136
134
134
130
129
127
126
130
133
133
125
119
109
97
95
102
105
105
100
89
76
71
69
73
114
111
99
90
89
88
85
83
85
88
91
92
93
96
99
102
105
109
108
106
107
110
115
120
126
130
131
133
134
131
125
121
118
116
115
117
120
124
125
125
127
131
134
135
135
129
117
103
90
82
76
73
73
73
74
77
81
82
80
75
71
67
64
63
70
84
102
115
124
127
127
128
132
132
128
125
124
126
129
129
123
119
108
96
93
98
102
102
96
87
74
70
66
70
114
113
104
91
88
86
83
82
85
88
91
92
93
96
99
101
104
105
104
103
104
108
113
118
123
128
128
130
132
129
123
119
115
113
114
115
116
118
118
117
119
122
126
128
131
129
120
112
103
95
83
78
76
77
78
80
84
84
83
77
74
71
69
68
74
88
102
112
116
118
118
119
125
127
126
124
125
126
128
126
121
117
107
94
89
93
96
96
92
84
74
70
64
67
110
113
104
89
83
80
78
81
84
90
91
91
93
95
98
100
100
102
101
101
102
106
110
115
120
125
127
129
131
129
123
118
113
111
110
111
112
113
114
113
116
118
122
123
128
127
120
117
113
104
92
85
81
80
80
82
84
84
83
78
76
74
72
72
77
92
102
110
112
112
113
112
116
119
125
125
127
128
127
123
118
115
106
92
87
90
90
91
89
83
73
68
61
63
98
104
97
89
82
81
80
83
86
85
89
91
94
95
97
101
102
100
101
102
104
107
110
114
119
122
124
128
130
126
121
117
114
113
114
112
111
111
109
109
110
114
117
120
119
123
125
124
123
117
105
99
88
82
79
79
80
82
81
78
77
76
74
74
82
93
103
106
106
106
106
106
110
115
119
123
127
128
127
124
117
111
105
93
85
84
85
86
85
82
73
65
61
58
73
76
75
74
76
80
81
81
82
81
84
89
95
98
101
102
102
101
102
104
107
109
111
114
119
123
126
127
127
123
117
114
114
114
116
114
111
109
106
105
107
111
117
123
126
131
135
137
138
133
121
111
98
89
85
83
83
84
84
82
82
82
81
82
88
98
105
105
102
99
100
102
105
111
113
118
120
122
122
121
115
109
103
89
82
81
81
82
82
79
70
63
58
57
63
63
64
66
74
81
83
82
81
78
81
89
96
101
102
102
103
102
104
106
109
110
110
113
117
121
124
125
125
120
116
114
114
115
116
114
111
107
104
102
107
112
117
124
130
135
140
142
144
140
133
121
106
97
92
88
88
89
90
88
87
86
85
86
94
102
107
105
97
94
94
97
102
106
108
110
113
115
118
119
115
108
99
88
80
79
78
78
80
77
69
61
57
56
63
63
65
68
74
80
82
82
82
82
83
90
96
100
101
102
103
104
104
107
109
109
108
109
112
115
118
121
124
121
118
115
114
113
113
110
107
104
102
102
107
111
117
125
130
133
135
137
136
133
128
117
105
98
94
90
89
91
93
91
89
87
87
91
100
107
109
105
95
90
89
93
96
100
102
104
107
110
115
119
114
107
99
88
81
79
78
79
79
77
69
62
59
58
63
62
63
65
69
74
79
81
81
82
85
89
95
99
101
102
103
104
105
106
107
107
106
106
107
108
112
116
121
121
119
115
112
109
108
106
103
102
102
103
107
110
114
119
123
123
121
121
119
118
109
103
97
94
89
85
84
87
86
87
87
84
85
91
100
106
106
101
92
86
84
86
89
93
98
99
102
107
114
118
113
106
98
88
82
80
77
79
80
77
69
64
61
61
59
59
60
62
65
70
78
80
79
80
84
88
93
97
101
102
103
103
105
107
107
106
105
105
105
105
109
113
117
118
117
114
108
104
106
106
105
105
106
107
108
108
108
109
110
106
103
101
97
98
98
97
97
96
91
86
84
86
84
87
87
83
80
84
92
97
99
96
89
83
83
84
86
90
93
95
99
104
112
116
111
104
95
86
81
79
78
79
80
76
69
64
63
63
56
55
57
60
62
67
75
77
77
78
84
87
92
96
100
101
102
103
104
107
108
107
106
105
106
107
111
112
115
116
116
112
105
99
102
104
105
105
103
102
100
98
94
88
87
82
77
75
73
78
87
92
96
95
92
89
86
83
83
86
86
76
70
73
80
84
86
85
83
82
85
87
87
89
91
94
97
103
109
113
107
100
92
84
80
79
77
79
79
74
69
65
66
65
54
54
54
57
57
61
70
74
76
80
85
88
92
95
98
99
101
104
103
106
108
108
106
106
108
109
113
113
115
116
116
111
102
95
96
99
100
97
93
87
82
79
71
64
60
55
52
51
51
59
69
75
81
82
80
78
75
71
74
76
73
61
53
56
63
67
71
73
75
80
87
89
88
88
91
94
98
102
107
110
104
97
90
83
79
79
77
78
78
73
69
66
68
66
54
52
53
52
53
60
68
72
74
79
84
85
88
94
98
100
101
103
104
104
106
107
107
106
110
114
114
116
119
123
122
114
101
92
91
94
94
88
79
68
59
53
46
39
34
33
32
32
35
40
46
50
54
55
56
57
55
52
51
54
49
40
37
40
44
47
51
58
66
73
82
88
90
91
92
94
97
100
103
105
101
94
88
80
77
79
76
78
78
73
68
67
67
69
53
51
53
52
52
58
65
71
74
79
84
85
88
93
97
100
102
103
104
105
106
107
107
107
111
114
116
119
122
125
122
113
101
93
92
92
89
78
64
50
41
36
27
22
19
19
20
20
21
24
28
30
35
38
38
36
33
30
31
32
29
24
21
22
25
30
35
43
51
59
69
79
85
88
91
92
94
97
101
102
99
92
85
77
76
78
76
77
76
71
68
68
69
71
53
53
54
53
53
56
64
69
74
78
84
85
88
92
96
100
102
103
105
105
107
107
107
106
108
112
113
118
123
126
121
111
100
93
94
91
85
72
55
40
32
29
24
21
18
19
19
18
19
21
21
21
23
28
29
26
23
22
19
21
19
17
16
16
18
22
24
30
37
46
59
70
81
87
89
91
93
96
100
103
98
90
84
77
77
79
78
78
76
72
69
70
72
73
54
54
56
55
54
56
63
68
74
79
83
86
88
91
95
98
102
104
105
106
107
107
106
105
106
107
109
115
120
124
119
109
98
91
91
90
85
75
61
48
41
38
34
28
24
24
24
23
23
25
19
17
16
18
19
18
16
16
16
16
15
15
15
16
18
22
26
32
39
46
56
67
77
84
87
89
92
96
101
103
97
89
82
77
75
77
77
77
75
73
69
70
72
73
54
53
54
55
54
56
62
67
72
78
82
85
88
91
93
97
101
105
105
106
107
107
106
106
106
106
108
112
119
123
118
108
96
89
89
90
90
87
79
70
63
60
51
47
40
35
32
31
32
35
33
32
29
25
24
25
22
20
18
18
17
17
21
27
31
33
37
43
49
54
60
65
71
77
81
85
90
95
99
100
94
86
77
74
73
75
75
73
70
68
66
68
69
69
52
52
53
54
53
55
60
65
72
78
79
82
86
90
91
95
99
105
104
106
107
107
107
107
107
107
108
112
117
120
117
106
95
89
89
93
96
98
95
91
85
79
70
64
55
48
43
39
40
41
42
43
41
37
37
36
33
29
29
29
28
27
34
41
45
46
48
55
61
66
68
68
69
72
79
84
89
93
96
97
92
84
72
72
73
74
74
69
65
64
66
67
67
66
53
52
52
52
52
52
58
64
72
79
80
80
83
89
91
93
97
103
102
104
106
106
107
108
108
106
107
109
115
117
115
107
99
94
92
99
104
106
106
106
100
95
84
77
67
58
52
47
46
44
45
46
47
47
47
46
44
43
39
39
39
40
47
51
53
56
62
69
77
81
80
74
73
75
80
84
88
90
94
94
89
82
71
73
73
73
72
67
63
63
67
68
68
65
53
52
49
50
50
49
55
62
72
81
83
81
85
90
93
94
96
102
102
103
105
106
106
107
107
105
104
108
113
116
115
110
104
100
101
108
114
115
117
119
116
111
104
95
83
74
68
62
57
53
50
50
52
54
54
53
52
52
50
50
52
57
63
64
66
71
78
85
91
93
89
81
77
76
81
84
87
88
90
90
87
80
72
73
72
71
68
64
61
63
67
67
66
63
56
54
54
52
49
49
54
62
69
76
80
83
89
93
94
92
95
101
101
101
103
105
107
107
106
105
105
106
109
115
116
113
109
106
109
115
121
123
124
123
120
119
114
107
99
90
84
82
77
71
63
59
58
59
60
59
59
58
59
60
64
67
71
73
76
80
87
94
101
101
96
87
81
78
80
83
87
89
89
89
83
76
72
76
73
71
70
63
60
65
68
70
67
64
57
56
56
55
53
53
56
60
65
72
77
82
91
98
96
92
92
98
100
100
103
105
106
106
106
104
105
107
111
116
118
116
112
110
114
119
124
125
123
122
120
118
116
112
108
105
100
97
94
89
82
77
73
72
71
69
69
69
69
71
71
74
76
83
87
90
91
96
102
105
100
91
82
77
83
86
90
92
91
87
80
73
71
76
76
73
71
65
61
65
68
71
68
64
59
59
59
58
57
57
58
58
64
70
77
83
93
101
96
88
90
95
97
99
102
104
106
106
105
104
104
105
110
116
120
119
117
116
119
124
128
128
124
121
118
117
116
114
113
112
109
107
106
103
104
99
93
88
83
80
80
80
83
84
84
85
89
94
98
98
95
96
99
103
102
93
83
79
83
87
92
94
93
86
77
70
72
77
77
73
69
63
62
66
69
72
69
65
60
61
62
60
60
58
56
59
65
72
78
84
93
99
95
86
87
93
95
97
101
104
105
105
105
104
102
103
108
115
120
122
122
122
124
129
132
131
127
123
120
118
117
114
114
113
111
109
111
112
117
114
108
101
96
91
91
91
91
94
94
95
99
104
105
102
96
95
96
101
101
94
87
83
83
87
92
94
92
85
76
69
71
77
78
73
66
61
60
64
69
72
69
64
61
62
64
60
60
57
55
60
69
74
81
83
91
96
93
87
87
91
93
96
100
104
106
106
104
104
102
103
107
114
120
124
125
126
129
134
137
135
131
127
123
121
118
114
111
111
108
108
111
113
115
114
112
108
102
98
96
97
97
99
100
101
104
107
106
102
97
96
99
103
103
97
91
88
85
88
91
93
89
81
73
68
72
76
78
73
66
59
59
61
68
70
68
62
62
63
64
62
60
55
52
60
72
77
83
83
86
90
92
88
88
90
92
95
100
104
106
106
104
103
102
102
105
113
120
125
127
129
133
138
141
139
135
131
126
123
118
114
111
109
106
108
109
109
109
110
110
107
105
102
102
103
103
103
103
102
101
101
99
96
95
98
103
107
107
101
95
90
86
87
89
89
85
78
73
72
77
76
75
69
61
56
58
62
65
68
66
60
65
65
64
62
60
52
48
61
79
86
86
83
82
84
87
88
88
89
91
93
99
104
107
107
105
103
101
101
104
112
120
127
131
133
137
141
145
144
141
136
130
125
121
116
112
109
107
108
109
106
106
107
107
107
106
106
106
105
104
104
103
99
97
95
94
93
95
100
108
113
114
110
102
96
91
88
88
86
81
75
74
75
78
77
76
73
63
54
55
57
60
65
64
59
66
64
64
63
59
49
45
62
86
97
91
85
81
78
81
86
89
89
89
92
98
103
107
109
108
105
101
101
104
113
122
130
135
138
141
145
148
148
146
141
134
129
121
116
109
104
103
105
104
100
99
100
101
100
100
100
100
100
100
100
100
100
97
95
95
95
98
106
114
119
122
121
113
107
99
94
92
87
80
73
73
75
75
76
81
83
73
58
50
48
58
64
63
58
65
65
63
59
55
43
40
66
97
109
94
84
81
84
85
84
86
90
89
92
97
101
106
109
108
105
101
99
104
112
123
133
138
142
143
144
146
148
149
146
140
135
128
119
114
108
102
102
102
96
95
93
92
93
93
92
92
90
90
92
93
94
96
99
99
97
100
113
121
127
132
129
123
117
109
103
96
88
80
75
74
76
79
73
88
95
86
68
45
39
51
62
63
57
66
65
58
53
48
35
36
71
107
117
98
86
82
87
88
86
86
89
90
93
96
101
105
108
107
104
102
99
103
110
122
133
138
143
143
144
145
148
150
149
147
142
135
126
120
113
105
102
101
95
91
90
89
89
90
90
90
89
91
90
89
89
90
93
95
95
103
116
126
134
139
135
130
122
115
109
100
92
84
77
75
77
80
74
91
105
100
77
45
33
42
56
62
60
66
63
55
47
39
27
32
75
116
126
105
91
85
90
91
87
86
88
91
93
96
99
102
105
105
105
103
100
102
109
120
131
137
142
143
143
144
148
151
153
154
152
143
134
126
119
110
104
100
96
93
91
91
89
89
89
89
88
89
88
86
84
86
90
95
98
106
120
132
140
144
138
131
124
118
110
102
94
84
75
73
74
80
78
96
115
114
87
46
27
32
48
57
60
66
61
55
41
29
21
32
78
122
134
116
100
89
90
90
86
85
88
92
93
95
97
99
102
105
105
105
101
103
108
117
127
132
137
140
141
142
145
151
155
157
156
149
141
134
127
116
108
102
98
93
92
90
89
88
86
85
86
90
87
86
86
88
93
100
106
118
132
143
152
153
144
134
125
121
113
105
98
86
77
73
74
79
86
105
123
124
95
52
26
26
40
50
57
63
58
50
33
22
20
35
79
125
140
131
113
96
89
84
82
85
90
93
93
94
96
97
101
103
105
106
102
105
108
114
122
125
130
134
136
140
144
151
156
159
160
155
149
144
137
128
118
110
106
103
101
99
97
95
94
92
93
93
91
92
94
97
102
109
116
131
145
156
161
159
149
137
126
122
114
106
97
86
75
71
72
80
99
118
131
130
102
60
30
23
33
42
51
60
53
44
29
19
21
39
79
123
142
143
128
107
91
79
79
85
90
92
93
94
95
96
98
101
105
107
105
108
109
112
116
118
122
127
131
137
145
151
157
162
163
162
159
156
151
143
133
126
123
116
114
110
107
103
100
99
98
99
99
104
110
114
118
124
131
142
156
163
166
161
150
137
126
118
110
101
92
81
70
69
72
83
113
129
135
132
105
66
33
22
28
35
46
51
44
36
26
17
21
42
81
122
146
152
143
127
104
87
84
88
88
91
92
94
96
98
97
100
103
106
106
110
110
109
110
111
114
120
126
133
141
147
155
159
163
164
165
162
159
155
149
142
140
134
131
128
123
118
115
112
112
113
114
119
127
131
133
138
145
154
164
168
166
159
145
133
122
111
103
95
86
79
72
75
81
94
126
135
137
132
108
71
38
23
25
30
38
42
34
28
21
15
19
44
84
124
150
157
155
143
121
100
93
91
88
90
91
95
98
98
97
99
102
104
105
109
108
106
104
104
109
116
121
129
136
141
148
154
158
161
164
163
161
158
155
151
150
141
139
137
132
128
125
123
124
125
126
130
138
141
141
144
151
158
165
166
161
151
137
125
114
103
95
87
82
78
76
82
90
107
137
139
138
136
111
76
44
25
24
26
32
36
23
17
13
13
23
45
83
125
152
160
167
158
142
113
100
87
86
89
93
97
99
98
97
98
101
103
106
107
105
102
102
104
106
112
119
125
129
134
140
144
149
153
157
159
160
160
158
155
154
149
144
140
138
135
132
132
133
134
136
141
146
151
151
151
152
158
161
161
154
143
132
118
106
94
86
79
77
77
80
89
101
120
142
144
143
137
117
79
46
27
22
25
29
30
19
13
10
11
20
43
84
126
152
161
168
167
159
133
115
93
85
89
96
99
96
94
97
100
103
103
105
104
103
102
103
105
107
111
115
119
122
128
132
136
141
146
150
154
155
155
154
153
152
147
143
140
138
135
132
133
135
138
139
144
148
148
146
148
151
156
159
156
146
133
122
110
100
92
84
77
76
77
85
101
115
133
148
146
144
137
119
81
46
27
21
22
24
23
16
12
11
12
19
44
88
130
153
158
165
170
172
152
136
110
93
87
94
98
94
93
98
103
104
104
103
102
103
102
103
103
103
106
108
110
115
122
125
129
133
139
142
146
147
147
147
147
147
143
141
140
138
134
133
134
137
140
140
144
146
143
139
141
147
154
154
148
133
119
106
96
90
85
80
75
75
83
96
116
134
147
152
146
144
138
123
86
48
27
19
20
25
20
16
14
12
12
20
46
90
131
154
158
162
169
174
163
153
132
110
92
92
92
95
97
101
103
101
99
100
102
103
104
102
101
99
102
104
105
110
116
119
122
128
131
135
138
139
139
139
139
139
139
137
134
133
132
131
133
135
138
139
141
142
136
130
131
137
146
142
135
121
106
94
86
82
80
78
79
85
96
111
130
145
155
153
148
145
139
126
89
48
25
18
21
26
17
16
17
12
12
22
47
89
130
155
160
166
173
175
169
166
150
130
107
94
89
95
100
101
99
97
95
98
102
105
104
103
101
101
103
104
104
107
110
111
115
119
125
128
131
132
131
131
130
129
130
128
127
127
128
128
130
131
136
136
138
138
132
124
123
127
128
124
117
107
98
89
83
80
78
80
86
99
112
127
141
151
159
153
149
149
141
126
87
47
23
17
21
26
15
15
15
12
13
22
46
87
129
154
161
169
177
177
175
174
166
150
127
106
91
92
94
95
97
98
98
101
104
105
104
102
103
104
104
104
103
103
105
106
108
113
117
120
124
125
124
124
122
121
123
121
120
122
124
125
127
129
133
133
134
133
127
120
117
117
113
108
102
96
91
85
81
78
79
85
96
112
130
143
151
155
156
152
152
152
143
126
84
46
23
17
20
24
10
12
13
13
14
22
44
86
127
151
159
169
176
176
177
177
174
167
150
127
106
92
84
88
95
99
101
103
106
105
103
102
103
105
105
105
103
100
101
103
106
109
112
115
118
119
120
119
117
117
117
116
116
117
118
120
123
125
128
129
129
125
119
113
110
108
106
101
94
92
89
86
83
82
86
94
112
131
148
158
159
159
153
151
154
154
145
124
78
44
22
18
21
24
9
12
11
13
15
20
43
85
126
148
161
168
174
174
177
176
178
179
171
149
123
97
79
82
94
97
99
101
104
105
105
104
106
108
109
108
104
99
99
102
104
107
110
113
116
117
117
117
116
115
113
112
113
113
114
115
118
120
124
125
124
119
112
107
103
101
103
99
93
91
92
90
89
88
97
109
128
147
161
166
164
158
155
154
157
155
145
121
73
39
19
18
22
24
12
13
13
10
13
20
42
82
123
149
160
166
174
176
175
178
183
182
180
168
146
119
97
84
83
86
92
99
103
102
103
103
103
110
111
110
105
99
100
103
104
106
110
112
114
114
115
115
114
113
113
112
111
112
113
114
114
114
116
117
118
116
109
101
98
101
99
98
92
90
94
94
97
106
118
131
146
158
166
167
165
162
156
155
159
157
142
110
67
34
20
18
21
21
13
14
12
10
12
18
39
80
122
149
162
167
174
174
175
180
183
182
182
175
164
147
123
101
83
76
81
87
95
95
97
99
103
112
109
107
103
100
101
101
101
104
106
107
110
110
111
112
113
112
111
110
111
113
114
113
112
112
112
111
111
112
109
102
98
100
97
98
95
92
93
99
112
125
137
148
161
168
168
167
164
161
159
155
156
152
134
100
56
27
19
19
20
19
15
16
14
12
12
15
36
75
119
148
162
170
173
175
176
183
186
183
180
180
179
172
154
125
96
77
76
78
89
95
96
97
97
101
104
104
102
101
102
101
101
102
104
106
107
109
110
111
111
111
111
111
111
112
113
112
112
111
111
110
109
110
109
103
99
102
99
100
98
97
101
111
127
139
153
163
171
172
166
163
161
161
163
155
154
148
126
88
44
20
18
19
19
17
