54
51
37
34
49
71
90
106
119
132
138
139
139
141
144
143
142
145
148
156
159
162
164
161
163
163
165
164
163
164
165
164
165
167
168
170
171
172
174
177
179
177
177
178
179
179
177
176
177
178
180
179
178
178
178
176
174
174
173
173
171
167
162
158
157
157
160
159
155
153
154
154
154
152
148
148
148
144
138
134
134
133
131
131
125
117
107
102
102
106
106
90
71
58
54
50
41
40
56
83
101
113
125
139
141
143
141
140
142
142
143
148
150
157
160
162
163
161
162
162
161
160
160
163
164
163
164
167
166
169
172
172
176
180
181
179
177
179
181
181
181
180
181
183
181
181
181
182
182
180
178
178
177
176
175
172
168
165
163
162
161
158
153
149
149
150
152
151
151
150
150
147
141
137
137
135
135
132
127
121
113
107
102
102
104
90
71
51
51
47
39
46
68
92
105
116
133
144
141
141
141
143
145
145
147
151
154
156
159
160
160
160
160
160
161
161
162
163
164
165
167
167
168
169
173
176
178
179
180
180
179
179
180
182
184
185
185
186
183
181
180
180
179
177
177
177
178
175
174
174
172
168
165
166
165
162
156
152
150
150
151
152
154
153
151
148
145
142
138
136
133
132
132
132
126
115
105
101
103
91
69
52
47
44
36
44
62
87
106
119
132
141
142
144
145
148
148
149
152
154
156
159
160
160
159
160
161
161
163
164
165
167
168
168
169
169
171
172
175
177
179
180
181
182
181
181
182
184
186
187
187
188
183
181
179
179
179
178
177
175
175
174
174
175
174
171
170
170
168
166
162
160
159
157
157
155
153
152
150
148
146
142
138
136
133
133
136
138
133
120
108
101
102
94
76
60
43
43
41
49
68
93
115
127
135
140
144
148
151
151
151
153
156
158
160
163
164
160
158
160
161
161
164
166
169
170
171
171
172
173
176
176
177
179
180
182
183
185
183
183
184
186
187
187
187
188
185
183
181
181
182
181
178
175
173
174
176
177
176
175
173
173
171
170
169
168
168
164
160
157
153
151
150
149
147
143
139
137
134
134
135
136
133
123
113
107
103
97
79
62
43
43
50
62
80
102
122
131
135
139
150
153
156
156
156
158
161
162
165
171
172
165
159
160
163
163
165
168
171
172
173
175
176
177
178
179
180
181
183
184
185
186
186
185
186
187
187
186
186
186
188
187
185
185
186
185
182
180
178
179
180
180
179
177
176
175
173
173
172
171
169
166
161
160
154
151
149
150
148
144
140
138
137
136
135
135
132
124
116
114
105
98
76
58
48
46
58
73
91
110
124
130
136
145
155
157
157
158
160
164
164
164
167
174
176
169
163
164
166
167
168
170
173
175
177
178
179
180
182
183
186
186
186
186
186
187
189
188
188
188
189
187
187
188
190
190
188
186
186
186
184
183
183
184
183
182
180
179
178
176
174
174
173
169
164
162
161
161
156
153
151
151
150
146
142
141
140
139
140
140
137
128
120
115
107
99
76
59
62
59
64
76
96
113
123
129
140
152
158
158
158
162
167
169
168
165
166
173
176
173
167
167
169
171
173
174
176
179
180
180
181
182
184
187
190
190
188
186
186
187
191
190
190
191
191
190
190
190
192
192
190
186
185
186
186
185
185
184
184
181
179
177
176
175
174
174
172
167
160
158
158
160
159
156
154
154
152
148
144
143
142
142
143
143
138
129
120
115
106
98
79
63
74
71
64
75
96
116
124
130
144
155
159
159
163
170
176
177
174
171
170
173
176
175
173
173
173
175
176
177
180
181
182
183
183
184
185
189
192
192
189
186
187
188
192
192
192
194
195
193
193
193
194
193
190
186
186
188
188
187
185
183
182
180
178
175
174
174
175
175
172
167
161
157
157
158
159
157
156
157
154
148
144
143
143
144
144
142
136
129
120
115
105
96
79
66
76
73
69
78
100
123
131
138
149
158
161
162
168
178
184
184
181
177
174
176
178
178
178
178
179
179
178
178
180
181
183
184
185
185
187
190
194
193
190
188
189
191
193
193
195
197
198
196
195
194
196
194
190
186
187
189
189
187
187
184
182
182
180
176
174
174
175
176
173
169
164
160
158
158
159
157
156
157
154
147
143
142
141
144
146
145
140
131
120
115
107
94
79
69
75
75
74
88
106
124
130
136
154
166
170
171
177
186
192
193
189
182
185
183
181
181
182
180
178
177
178
179
180
181
185
187
188
186
188
191
193
194
193
192
192
193
197
199
201
203
204
204
202
201
202
200
195
188
185
187
187
187
184
183
183
185
184
180
177
176
177
176
177
175
171
166
162
157
157
157
158
158
155
148
144
142
143
145
145
145
136
133
127
118
113
94
79
75
80
83
83
94
108
121
128
135
154
168
172
177
186
194
198
198
195
189
189
185
182
181
182
180
179
178
179
180
180
182
186
188
189
188
190
192
194
194
192
194
196
198
199
202
205
209
210
209
208
206
205
202
196
190
187
188
189
189
187
186
186
187
186
183
180
180
181
180
179
177
173
170
167
162
158
157
158
158
155
150
146
145
145
148
148
147
137
134
129
123
115
97
80
74
82
85
87
97
107
118
124
134
153
166
170
177
187
194
199
202
201
195
193
187
182
181
182
181
180
180
179
180
180
183
185
189
190
190
192
195
196
195
193
193
197
201
202
205
210
212
214
214
213
212
208
205
199
194
192
194
196
195
193
191
189
189
188
186
184
183
182
179
178
177
174
174
171
165
161
158
158
158
156
152
149
147
147
149
149
147
136
133
128
127
119
104
85
76
81
84
85
95
108
118
127
136
152
164
171
176
184
192
200
208
209
203
196
189
183
183
186
185
183
182
181
181
182
184
186
190
193
194
196
199
203
200
196
195
198
201
204
207
210
212
215
216
214
213
211
209
204
200
200
202
203
203
201
196
193
191
191
189
188
187
184
180
177
175
174
173
171
166
164
161
159
160
158
155
151
149
150
150
148
144
135
132
126
126
121
109
94
83
87
87
84
96
111
121
131
139
151
165
172
176
183
189
195
205
210
207
199
191
185
187
190
189
187
185
183
184
185
187
188
192
196
199
202
204
207
204
199
197
200
203
209
209
210
213
216
218
217
215
215
213
211
210
211
211
211
210
208
203
198
194
194
194
194
193
187
182
177
175
174
174
173
168
165
162
161
162
163
160
155
152
154
151
147
142
135
134
125
126
120
111
102
93
90
90
86
95
108
118
129
137
148
165
174
178
184
187
190
198
205
207
196
189
184
187
191
191
187
185
184
184
186
188
189
192
196
200
203
204
203
201
197
197
201
205
212
211
213
214
218
221
221
219
218
218
218
218
218
216
215
214
212
207
202
199
198
199
199
198
190
184
179
176
175
176
175
172
165
162
162
164
165
163
161
159
157
152
146
140
135
135
123
125
117
109
106
103
89
92
88
92
103
112
124
134
145
164
177
181
187
190
190
195
202
205
194
186
181
184
188
188
185
184
184
183
185
188
189
191
193
195
198
198
198
195
194
195
200
204
209
211
212
214
217
219
219
218
217
217
218
218
218
217
214
214
211
208
203
200
200
200
199
198
191
185
180
177
177
178
178
174
166
163
161
161
164
164
162
161
158
154
148
140
134
132
120
123
118
107
105
102
88
92
88
90
98
108
122
133
144
165
177
179
185
189
191
195
198
200
193
185
179
182
186
186
184
183
184
183
185
188
191
190
191
192
194
194
194
194
193
195
199
202
205
207
210
212
214
215
214
213
212
212
213
215
214
213
211
210
209
207
203
200
199
198
197
195
191
186
180
177
176
178
178
175
169
164
160
160
160
161
160
161
160
156
152
143
134
131
118
123
122
105
102
95
86
91
86
91
99
114
128
137
148
161
175
177
183
189
190
191
198
195
193
187
182
182
184
184
182
181
182
182
184
186
187
188
191
193
196
198
197
193
193
196
200
200
201
204
206
207
208
211
212
211
209
208
208
207
208
208
207
206
204
204
203
202
199
197
196
195
190
186
181
180
180
179
177
175
171
168
162
159
159
159
157
155
155
155
151
144
138
127
118
121
123
110
93
85
82
83
83
93
106
122
136
142
150
160
173
177
182
186
187
189
194
194
195
189
184
183
183
182
179
178
182
181
183
185
187
188
191
193
200
201
199
195
194
198
202
203
208
209
209
208
208
210
210
209
208
207
203
201
201
201
203
202
204
204
202
200
198
196
194
193
190
186
183
181
181
180
178
175
172
169
165
160
159
157
154
152
150
152
149
143
135
125
117
119
121
113
97
86
72
71
82
97
114
128
141
145
150
157
173
182
183
183
185
187
191
193
194
190
185
184
184
184
182
181
183
181
183
185
188
190
191
192
195
197
195
193
196
199
205
208
212
213
214
213
213
214
213
212
207
205
201
198
197
198
201
203
204
202
199
198
197
195
192
190
186
184
182
181
181
180
177
174
173
171
168
163
161
158
154
151
149
150
148
141
132
123
118
114
115
114
99
86
66
63
78
97
115
128
137
143
148
154
172
186
187
184
185
186
189
192
194
191
188
186
186
187
188
188
185
183
183
186
190
192
192
191
189
190
190
191
193
199
206
210
211
213
215
216
217
217
215
214
207
206
202
200
199
199
201
203
199
197
193
192
193
191
188
185
182
181
181
181
182
180
176
173
172
171
169
165
163
160
156
153
150
149
146
138
127
121
119
110
110
108
98
88
62
64
82
103
122
133
141
147
152
157
169
187
190
186
185
184
186
191
197
195
192
188
187
188
190
190
186
185
185
188
191
192
191
190
188
189
190
191
193
198
204
207
207
208
210
212
212
211
210
209
206
207
204
202
199
197
196
197
192
189
186
186
188
188
186
183
181
180
180
181
183
181
177
174
170
170
169
166
164
162
158
154
151
148
141
134
125
122
121
109
104
102
95
90
65
74
95
115
134
142
147
150
153
158
165
185
190
187
187
184
185
190
197
197
195
190
187
187
189
190
187
186
186
189
191
192
190
189
189
189
190
192
194
198
203
206
207
208
208
208
207
205
204
204
206
205
204
202
198
194
191
189
188
186
184
185
187
187
186
184
180
179
178
180
182
181
177
174
171
171
171
168
166
163
160
157
151
147
138
133
126
125
124
112
102
94
90
90
73
89
108
127
143
147
149
148
149
151
163
181
188
189
190
187
187
189
194
195
195
192
188
188
189
190
188
187
187
190
191
191
190
190
191
191
191
193
195
198
203
206
208
208
208
207
205
202
202
204
204
202
201
198
195
192
189
187
189
188
188
188
189
188
186
184
179
176
175
177
180
180
176
172
171
172
171
169
167
164
159
157
150
147
137
133
128
126
125
114
99
91
88
87
80
98
120
137
150
152
152
150
151
154
162
178
185
189
191
188
188
189
192
195
196
193
189
188
188
189
189
188
188
190
191
191
191
192
194
194
193
194
195
197
202
205
206
207
208
209
206
203
202
203
201
199
196
193
192
190
189
188
190
190
190
190
189
187
184
182
178
175
173
174
179
179
175
171
168
169
169
167
165
160
156
154
148
147
137
134
130
125
124
112
97
89
87
85
89
111
131
148
154
162
158
153
153
156
159
168
180
185
188
189
188
192
191
192
194
193
193
193
192
190
191
193
192
190
190
191
192
194
199
197
197
198
197
198
202
205
207
208
208
207
208
209
207
204
198
194
191
192
191
189
186
186
187
187
187
187
186
185
184
184
179
177
175
176
177
177
173
169
168
166
165
163
160
155
151
150
147
143
136
131
129
125
119
110
98
92
84
80
91
111
132
150
157
163
158
154
154
153
153
164
178
183
184
187
188
191
191
192
192
193
195
195
194
193
193
196
197
196
195
194
194
198
202
201
203
203
202
203
207
209
210
210
210
209
211
212
210
206
198
196
195
198
198
194
190
187
185
186
187
187
186
185
185
185
181
179
177
176
176
175
171
168
165
164
162
160
156
152
150
148
145
142
136
132
127
122
116
106
97
96
86
76
94
113
132
149
158
164
158
157
158
153
150
158
174
180
179
184
188
190
192
190
189
192
194
194
194
193
195
199
200
201
198
197
197
201
205
207
210
210
209
209
212
213
214
214
213
213
214
215
212
208
203
201
201
203
203
198
191
187
186
187
188
188
188
187
186
186
185
183
180
177
175
173
170
168
166
165
163
159
155
152
150
148
145
143
137
134
127
119
111
99
94
94
85
73
87
110
131
146
158
165
161
160
163
155
151
153
168
176
176
181
187
189
192
188
187
191
193
191
190
192
194
196
197
196
197
195
198
202
205
211
214
214
213
213
215
216
216
215
215
215
217
217
213
210
208
206
207
208
207
202
195
191
188
189
190
190
189
188
186
186
186
184
181
177
174
172
169
170
168
168
165
161
156
153
150
147
143
144
140
137
129
119
111
101
96
89
82
78
73
105
132
148
161
167
164
161
163
155
149
148
160
171
173
179
184
188
188
184
184
188
189
187
188
191
195
195
194
193
193
192
194
198
203
212
216
215
216
216
215
217
217
217
218
217
217
216
214
213
210
210
211
213
212
208
200
197
190
191
191
190
188
186
186
185
184
182
179
176
173
171
169
171
168
167
164
161
156
153
148
144
142
142
139
137
131
125
121
114
106
91
83
83
61
97
133
151
165
168
165
159
158
148
143
143
156
167
171
173
176
180
182
181
183
186
187
185
187
191
193
191
188
188
190
189
189
193
201
212
215
214
215
216
216
218
217
218
218
218
218
217
217
215
215
215
216
216
215
210
202
196
192
192
191
189
187
185
183
183
182
181
179
177
174
172
172
172
168
166
163
160
155
150
145
142
143
140
137
135
130
128
129
124
117
102
88
80
44
80
127
153
167
167
165
157
152
138
132
140
155
164
164
162
161
165
171
171
173
178
179
177
178
179
184
184
186
190
193
191
191
194
197
207
210
207
211
214
215
218
217
217
216
216
217
217
215
215
216
216
216
215
212
207
200
196
193
193
192
190
188
185
184
183
182
181
181
180
177
175
173
172
168
164
160
158
152
145
142
142
144
143
139
136
133
130
133
130
126
116
97
81
35
67
121
152
169
164
164
156
149
132
123
140
156
160
157
151
147
149
150
150
154
157
159
157
155
155
156
159
164
173
178
177
177
179
190
201
203
200
204
209
212
216
216
214
212
214
215
215
215
215
213
213
212
210
208
205
201
198
195
195
194
192
190
187
184
183
181
181
182
182
181
178
173
170
166
162
158
153
146
140
137
140
145
145
142
142
137
134
136
132
133
125
107
86
38
51
106
144
165
166
166
157
147
132
125
133
144
148
143
139
137
129
124
124
129
131
121
117
117
112
116
121
130
145
148
148
150
159
174
191
194
189
194
202
207
212
212
208
208
211
213
211
211
212
210
210
207
204
203
202
200
197
197
196
195
192
189
185
183
183
184
183
181
181
180
176
172
170
170
163
159
154
141
132
134
140
146
147
148
144
140
136
133
132
135
129
110
90
48
46
91
132
156
163
167
156
146
135
125
132
140
140
135
133
126
116
112
107
103
95
85
83
88
92
92
99
105
117
120
125
130
138
156
174
183
183
189
197
203
207
207
203
203
208
210
211
211
211
210
209
208
205
203
200
196
194
194
191
188
187
185
185
183
182
179
177
176
176
176
174
170
168
170
165
162
153
140
131
131
136
143
145
146
144
139
135
133
131
134
128
112
94
62
49
77
120
143
158
162
151
140
132
126
132
135
130
125
125
120
109
103
98
90
78
72
69
74
78
85
86
85
95
107
122
127
132
140
157
172
178
185
193
199
203
201
197
198
203
207
208
206
205
203
202
201
199
196
190
185
185
186
185
183
183
184
184
182
179
175
174
173
174
173
171
167
164
167
166
163
156
144
133
130
132
138
140
143
142
140
137
134
131
134
128
114
98
61
46
70
111
137
151
153
143
130
125
125
130
129
120
113
111
106
100
97
98
87
73
68
66
65
68
75
83
89
98
106
118
124
131
134
148
164
175
182
190
196
197
196
192
192
197
200
201
198
194
194
193
192
189
181
172
167
169
168
172
176
177
177
177
176
173
171
171
170
170
169
166
162
160
161
164
163
157
147
137
129
125
127
131
136
138
139
139
137
135
134
128
116
101
57
46
62
98
135
149
145
134
123
119
125
128
127
119
109
101
97
97
103
111
105
92
87
81
75
71
78
83
85
92
102
114
121
129
134
147
160
170
179
185
190
190
189
185
185
189
192
193
191
187
186
183
179
172
160
147
141
140
142
145
148
150
151
153
155
155
155
156
155
155
153
152
154
155
158
162
161
155
147
135
123
117
117
122
129
133
137
139
138
136
133
129
120
104
65
59
58
78
127
147
144
131
123
120
126
128
127
121
113
108
111
120
129
131
124
117
121
121
113
107
101
99
92
97
107
121
123
122
138
148
158
167
177
184
187
188
184
180
179
182
184
187
187
184
179
174
167
155
141
128
119
116
112
108
105
106
110
115
119
121
123
124
124
123
125
130
136
141
151
156
154
147
140
128
115
110
110
117
124
130
135
139
137
135
131
126
117
108
81
71
73
59
110
139
143
132
124
123
130
130
129
127
125
124
131
143
150
154
156
162
171
167
156
149
137
142
140
136
135
138
133
128
137
149
157
162
174
182
183
186
179
177
177
181
184
186
186
183
177
170
159
146
135
123
112
104
92
84
78
76
78
81
85
89
94
94
95
97
101
110
118
124
134
142
142
138
133
121
110
107
109
116
124
129
134
139
138
134
127
122
110
103
96
82
93
49
94
130
142
132
124
124
138
140
140
141
141
141
142
151
151
149
146
147
148
148
152
160
159
164
156
147
143
148
143
136
132
146
153
156
167
175
177
181
178
178
182
186
188
189
187
183
177
167
153
141
132
121
107
97
87
80
75
72
69
66
69
74
79
81
83
85
90
99
107
111
115
125
130
130
127
117
106
107
110
118
124
129
134
138
138
134
121
118
105
94
106
85
108
74
79
110
138
138
119
129
152
145
143
142
135
124
118
115
122
125
127
125
124
125
135
147
152
163
154
147
141
137
141
130
128
134
138
149
161
173
178
185
187
187
187
188
188
186
181
177
168
155
141
132
125
119
109
98
92
84
80
75
70
70
73
81
89
92
94
95
96
99
100
100
98
111
115
115
115
111
107
102
109
114
122
125
127
134
136
130
121
112
98
83
114
98
120
99
82
90
120
138
137
157
157
142
132
129
123
112
108
109
117
122
125
125
123
123
127
134
141
151
141
123
111
114
122
116
120
127
131
142
154
169
176
184
189
194
197
195
190
183
174
168
154
144
136
130
125
121
117
112
104
96
91
87
88
94
99
106
116
121
125
124
121
116
107
99
93
101
104
107
111
108
104
100
110
111
118
121
121
126
131
127
119
109
88
74
128
112
132
136
103
80
103
128
135
155
152
135
125
123
119
111
111
117
128
135
138
140
143
149
152
154
146
143
134
118
101
98
101
101
109
117
122
133
142
157
171
186
195
201
203
196
187
179
169
160
151
142
133
128
122
119
118
117
113
111
113
114
119
128
135
142
142
147
148
145
141
137
125
111
104
105
107
116
119
113
108
105
107
106
116
125
129
135
136
129
113
92
70
60
143
127
134
158
137
90
93
106
109
122
133
132
130
130
125
116
115
120
134
145
152
154
156
158
156
153
137
126
124
118
107
101
98
97
102
108
113
123
134
149
165
182
199
208
211
202
190
180
169
159
152
145
135
127
121
116
113
108
112
114
118
114
111
113
117
124
145
153
154
148
142
141
137
128
119
120
121
128
129
123
119
118
114
107
112
125
135
141
135
119
99
71
57
48
154
144
141
164
166
113
89
75
72
90
116
134
144
142
133
121
114
113
137
144
143
130
122
120
123
126
123
116
121
119
115
117
111
105
105
105
105
117
134
150
164
179
196
204
206
197
184
173
163
157
152
147
137
122
108
101
95
89
85
91
99
100
102
113
124
135
139
151
154
143
130
126
125
122
119
124
130
135
135
132
135
136
123
112
112
125
136
138
122
100
76
65
79
66
154
152
150
163
180
141
100
70
65
86
120
144
158
151
138
121
106
98
89
91
86
75
71
71
73
77
77
81
100
114
123
129
127
126
121
116
104
103
110
125
139
155
167
172
178
181
177
167
154
145
147
145
135
116
101
97
96
93
97
100
108
111
116
127
137
147
150
151
145
131
118
109
104
98
104
112
124
134
136
136
140
138
123
116
119
132
135
122
98
78
71
81
105
88
151
149
149
158
176
165
137
117
108
117
140
155
161
154
143
126
108
99
101
93
77
61
53
50
53
58
67
80
103
124
133
133
129
129
137
133
111
89
74
81
95
109
118
119
124
131
132
124
115
111
106
108
108
104
101
105
109
107
109
111
116
120
128
139
150
158
155
147
136
126
117
108
97
90
91
95
105
121
128
134
136
132
122
116
118
123
112
87
70
70
95
109
111
87
152
143
147
159
170
177
167
171
157
148
153
159
158
155
156
146
131
123
118
113
101
83
67
58
61
70
86
105
123
134
141
140
132
125
138
138
116
87
66
70
77
85
100
112
132
143
130
103
79
70
69
76
90
103
113
121
119
113
105
103
105
105
110
120
133
145
145
139
134
129
123
115
105
98
93
89
92
108
123
134
141
137
125
116
109
102
82
60
65
93
115
132
114
94
161
148
150
157
172
174
181
183
175
158
160
162
163
164
165
160
150
143
140
133
122
109
92
79
81
90
107
129
147
151
146
139
139
149
161
146
121
92
79
94
120
140
152
164
170
172
161
135
109
83
72
75
95
117
133
133
120
110
100
90
82
74
73
82
92
103
108
113
122
125
118
108
100
92
101
101
101
108
119
127
135
146
127
107
89
75
62
68
95
118
134
126
119
103
169
153
149
159
169
172
183
185
171
155
162
169
170
169
168
168
163
158
149
143
136
126
113
101
103
111
132
147
156
155
152
149
151
160
166
152
129
99
89
114
143
153
169
180
182
185
180
161
138
112
89
86
103
129
144
142
125
109
100
89
77
59
44
41
49
61
74
85
98
101
94
89
86
85
89
100
114
118
118
119
123
121
109
85
66
65
78
104
130
140
135
127
115
99
172
153
146
161
165
170
181
185
170
157
163
169
170
166
166
170
170
166
157
153
148
143
134
128
129
134
144
153
155
154
158
162
163
166
154
140
122
97
94
129
159
162
172
181
179
178
177
166
148
124
100
85
93
119
136
142
134
121
118
107
95
75
53
44
48
58
65
80
92
89
81
76
78
82
88
101
120
124
126
123
116
92
69
60
63
83
110
134
144
140
133
125
113
100
172
149
142
159
162
168
177
183
173
162
155
158
161
162
166
171
174
171
163
160
157
154
150
147
148
151
156
159
159
161
167
169
163
158
146
135
119
98
105
142
168
169
166
177
179
180
178
167
143
115
92
76
86
116
136
148
148
142
136
125
117
107
90
79
74
77
84
98
106
102
92
85
85
91
100
107
123
130
142
131
107
74
45
53
79
114
137
143
142
137
133
124
111
101
174
149
140
151
155
167
173
183
178
163
150
150
157
166
170
172
173
172
170
168
165
164
162
162
162
165
166
167
168
170
171
167
159
153
147
144
129
105
115
150
161
161
165
177
181
181
177
165
140
113
81
69
83
109
127
141
147
147
143
135
134
131
125
117
108
105
109
117
122
122
118
112
110
114
122
127
135
137
152
140
123
109
105
109
123
139
146
143
138
135
135
123
109
100
178
152
140
145
149
163
174
184
182
165
147
145
153
166
169
168
170
172
173
171
170
170
170
170
171
172
169
172
173
173
168
161
158
157
160
165
152
126
133
160
163
159
165
171
174
172
169
160
140
119
93
83
93
112
122
133
143
150
145
142
144
144
142
140
135
134
132
131
129
131
132
131
132
137
137
141
142
139
148
138
136
143
145
146
146
144
143
141
138
134
132
121
109
101
178
153
142
146
148
159
176
183
187
177
152
143
145
156
161
164
171
174
172
173
172
171
171
173
174
174
175
178
178
175
170
167
167
166
163
165
161
140
142
160
160
160
164
166
170
172
172
163
141
123
105
98
108
121
128
133
139
145
149
145
145
143
140
141
141
142
145
140
138
139
140
141
145
147
147
152
153
153
152
143
141
149
156
157
154
148
145
140
134
131
128
118
109
103
174
150
143
151
150
157
177
182
191
190
174
154
145
149
155
161
168
169
172
172
173
173
173
175
177
176
176
177
177
176
176
179
180
174
159
152
155
144
141
150
152
158
165
162
164
167
170
162
141
125
111
107
115
127
136
138
142
148
155
150
148
144
141
146
149
153
148
147
151
153
152
154
157
154
150
153
155
153
147
146
150
157
164
159
151
146
142
135
129
129
126
117
107
102
163
142
141
145
156
159
167
182
188
194
189
176
159
151
153
158
164
165
170
171
173
176
181
183
182
180
179
173
175
175
174
179
178
165
152
152
153
149
145
146
151
159
168
164
163
167
167
154
138
127
116
108
112
125
138
147
153
154
162
159
157
156
156
158
159
160
157
160
161
161
159
161
166
165
156
153
154
155
142
141
146
159
169
159
151
146
141
138
132
123
121
118
105
100
157
138
136
142
154
157
165
179
184
189
196
188
177
166
162
159
158
155
156
162
169
174
178
179
178
174
169
167
170
174
173
170
166
157
155
158
159
152
148
149
157
162
163
162
163
167
166
153
138
129
120
112
111
122
133
145
157
161
163
163
165
170
173
172
170
171
169
165
163
165
163
159
163
165
164
154
155
151
136
132
139
156
170
161
152
145
138
135
129
121
119
118
104
100
154
139
135
140
151
155
163
174
181
187
196
195
194
189
180
169
157
149
149
152
157
162
165
167
165
161
159
161
169
173
168
162
158
160
169
175
168
158
150
153
163
164
162
163
165
168
165
151
138
131
126
118
115
119
128
142
156
166
163
165
173
182
185
181
178
177
176
170
163
165
163
160
164
165
164
156
153
136
131
140
147
153
162
155
150
144
136
131
126
119
117
118
102
99
158
145
137
140
148
151
158
172
178
187
191
194
198
200
193
182
168
160
155
151
148
148
152
152
150
147
149
155
160
164
165
162
162
168
183
188
174
158
150
156
170
168
164
164
167
167
161
148
135
129
127
124
122
122
127
138
151
158
160
163
170
179
184
183
181
179
174
171
164
161
161
164
167
161
153
149
146
125
134
154
160
157
155
148
145
140
132
128
126
119
117
114
100
95
164
150
140
139
145
146
155
168
175
183
187
186
190
195
196
188
181
180
169
161
156
157
154
150
147
147
148
156
163
169
178
181
180
181
185
187
168
154
150
158
173
169
165
165
166
164
157
142
131
124
123
126
129
130
134
140
147
152
154
157
160
165
172
181
184
183
176
177
172
166
164
167
166
155
140
134
136
133
146
158
161
164
156
149
143
137
127
122
122
121
118
111
100
94
169
156
142
138
141
144
154
166
170
175
183
179
181
190
192
189
186
187
181
180
182
182
177
167
162
165
177
188
195
195
193
189
182
180
179
177
163
151
150
159
169
167
166
165
165
161
153
140
129
123
121
126
131
137
144
148
152
154
154
156
156
154
159
170
176
176
175
174
171
168
163
158
154
145
135
129
133
144
159
162
159
162
153
145
141
137
126
117
117
117
118
109
100
93
170
162
143
136
137
141
153
166
167
170
173
175
180
186
189
186
184
183
185
190
194
196
190
185
182
182
188
198
204
202
196
190
185
184
177
171
160
154
155
159
164
165
165
165
165
162
152
140
129
124
121
124
129
137
149
155
160
165
163
165
162
155
153
158
161
161
163
161
158
157
152
147
145
142
143
148
149
159
167
166
160
156
150
140
137
134
122
112
111
114
117
108
96
90
168
164
144
133
132
137
151
164
164
168
168
173
179
183
184
183
182
181
185
187
189
189
190
191
191
190
196
197
195
190
188
187
183
180
175
166
160
155
156
159
161
166
164
165
165
162
153
140
130
125
120
121
123
133
147
157
164
171
175
175
172
163
156
152
152
153
155
155
152
151
148
148
153
152
156
169
166
172
168
161
158
156
152
140
132
127
115
105
108
114
115
108
92
85
163
169
145
131
128
134
149
158
165
161
161
169
175
179
182
182
181
182
182
185
186
187
189
191
193
194
195
196
197
195
187
182
179
176
172
164
158
153
153
156
157
160
162
165
165
163
153
142
134
126
120
116
116
123
138
153
165
175
180
182
180
174
167
162
159
157
162
162
164
163
161
162
166
168
170
169
170
170
168
161
154
151
149
137
126
122
113
104
104
112
111
105
83
83
158
172
151
135
129
134
148
155
158
155
159
165
171
174
178
179
180
181
183
184
186
186
189
192
193
194
195
195
195
193
186
182
178
174
166
156
149
145
147
153
154
158
162
164
162
161
153
143
135
125
117
114
113
122
136
149
163
174
180
183
184
181
178
177
176
175
175
174
177
177
176
178
179
178
172
169
167
168
166
159
152
147
143
132
124
121
112
103
103
109
110
94
75
88
144
171
154
137
132
133
144
150
150
151
157
161
164
167
173
176
178
180
180
181
182
183
187
191
193
193
194
193
192
190
186
183
177
169
158
148
143
142
148
153
155
157
159
160
160
160
155
145
135
123
114
111
111
122
135
148
162
173
179
182
185
184
184
184
183
181
182
179
178
180
179
178
177
175
172
167
162
165
164
156
148
144
137
128
123
119
110
103
103
107
107
87
76
100
121
158
152
137
133
134
141
146
145
152
155
159
160
162
167
172
175
178
178
178
179
181
185
190
193
193
192
191
190
187
183
181
174
163
150
143
143
147
155
159
158
159
158
160
160
160
155
146
135
119
110
107
110
121
136
151
165
170
177
179
182
182
181
180
178
176
175
173
174
176
177
177
177
174
169
163
158
160
159
152
145
141
136
128
121
117
106
101
103
106
102
87
89
113
93
130
141
135
130
132
142
145
144
153
154
157
156
157
162
167
171
176
180
179
179
180
184
190
192
193
190
189
188
185
181
177
169
157
145
142
145
153
160
164
162
164
163
166
165
162
155
145
135
119
109
107
108
118
135
155
169
170
171
176
180
181
179
178
177
176
175
173
175
176
176
177
176
174
166
159
156
157
155
149
143
140
136
127
120
113
102
100
106
107
96
87
100
124
68
98
119
126
125
131
141
146
145
151
154
157
156
155
159
165
172
177
183
181
180
180
182
186
190
191
188
187
187
185
180
174
163
152
144
142
148
157
162
166
167
172
176
179
176
167
157
147
137
123
112
108
106
113
132
159
175
174
171
175
179
180
180
180
179
178
176
175
176
176
174
173
171
168
164
158
154
154
152
146
141
140
136
127
120
110
100
101
108
107
94
86
105
132
47
66
87
113
119
130
139
142
145
153
157
159
158
156
159
164
171
178
184
183
181
179
180
184
187
188
187
185
185
185
180
173
160
150
145
146
154
161
165
168
172
182
188
191
186
176
162
153
145
130
117
109
106
113
130
160
178
178
174
176
177
177
177
178
178
176
173
171
173
175
174
174
171
167
160
155
150
150
147
144
139
137
134
126
120
111
101
102
108
104
89
87
110
136
34
45
62
103
117
130
135
136
145
155
158
160
159
157
158
162
170
177
184
183
181
179
179
182
186
187
188
185
185
186
181
173
160
149
147
150
160
166
167
170
177
187
192
196
192
183
169
160
151
137
118
109
106
114
130
159
177
179
177
177
175
174
175
177
176
173
172
170
172
173
173
171
168
163
157
152
148
146
144
142
138
134
131
123
120
112
101
103
106
100
83
89
115
138
38
32
36
89
117
129
133
137
143
155
159
161
162
159
157
162
170
177
181
182
183
183
181
180
183
185
189
185
182
182
181
171
158
148
146
148
151
155
163
174
182
186
189
192
193
186
176
163
148
136
118
111
107
114
132
155
173
180
182
181
177
172
170
174
177
179
177
175
173
172
171
167
161
154
147
145
142
143
144
143
138
134
130
123
117
110
102
103
103
96
85
94
115
141
36
30
27
78
110
126
132
135
140
152
160
163
165
162
161
163
170
176
180
182
182
182
179
179
180
183
185
183
180
179
177
168
156
147
141
139
138
141
152
169
181
185
184
188
189
183
170
155
141
132
115
110
110
120
135
154
173
183
185
184
177
167
163
168
173
176
169
167
166
167
166
161
152
145
140
139
139
141
143
142
139
135
130
123
115
108
102
103
101
94
86
101
124
149
36
31
27
71
106
126
133
134
139
150
161
166
168
166
164
165
171
175
178
180
181
179
177
176
177
179
181
179
176
175
173
164
152
145
136
131
124
123
137
157
173
179
177
180
181
176
163
146
131
123
112
111
118
130
142
155
172
183
187
187
179
166
161
165
171
172
165
162
161
163
164
157
146
137
134
135
137
140
143
142
139
135
129
121
112
104
103
103
97
90
89
111
138
158
37
33
31
65
104
127
132
132
137
150
160
166
170
169
166
166
171
174
175
177
179
178
175
174
175
176
178
175
173
172
170
163
150
142
136
132
125
119
127
144
160
165
168
168
167
162
149
133
120
114
114
116
125
137
145
156
172
181
186
186
180
171
165
167
170
171
165
161
160
162
163
155
143
134
132
134
137
140
142
142
138
135
126
121
109
102
102
102
95
88
90
114
143
151
35
31
29
55
99
125
131
131
135
148
157
163
170
168
166
167
170
173
175
177
178
177
175
173
173
174
175
171
167
168
168
162
149
139
137
139
137
131
130
137
145
149
156
155
154
148
137
126
121
123
126
126
129
135
143
157
173
181
183
183
180
176
173
170
169
169
165
160
158
159
157
151
140
131
131
133
136
140
142
141
137
134
126
121
108
100
100
101
96
91
93
107
125
121
32
29
28
48
96
126
133
132
134
143
153
160
165
166
165
167
171
174
177
178
178
177
175
173
171
172
171
168
163
164
165
161
149
139
137
142
146
145
141
138
136
136
140
141
141
137
129
127
134
142
143
138
134
132
139
154
170
178
180
179
178
178
175
170
168
166
164
159
154
154
151
143
135
129
130
131
135
139
142
140
137
134
127
119
109
100
98
101
99
95
89
84
88
77
30
28
30
41
92
123
133
133
133
138
149
155
160
162
163
166
170
174
178
178
178
177
175
173
171
170
168
164
161
159
161
159
152
144
141
144
148
151
149
144
137
130
126
127
128
126
126
129
138
145
145
138
132
133
140
152
164
170
175
178
178
178
175
171
168
165
164
159
156
153
148
139
133
128
130
131
135
139
141
140
134
130
123
116
108
103
99
101
99
91
69
45
40
37
31
27
27
35
85
117
129
132
132
136
145
151
155
159
161
164
170
174
177
177
177
176
175
173
171
168
169
163
159
157
159
160
155
149
149
146
146
151
154
151
140
132
130
128
126
127
131
136
138
139
134
126
127
135
144
153
161
166
170
176
179
178
176
173
170
165
164
160
157
154
147
138
131
129
130
132
134
137
139
137
131
126
118
112
108
106
102
102
96
85
52
18
13
18
32
28
25
33
73
110
128
133
131
134
144
148
151
154
158
163
168
173
175
176
176
175
174
173
171
169
165
163
159
159
160
158
155
155
152
150
150
152
157
155
149
143
141
144
145
141
139
141
140
137
128
126
131
140
148
151
157
164
168
174
176
176
176
175
171
168
166
163
159
154
148
139
132
130
128
131
132
133
135
135
129
122
113
108
106
107
106
99
98
78
43
16
12
16
35
30
25
31
66
107
125
133
133
133
142
144
149
153
158
163
168
171
173
174
174
172
171
170
168
167
165
162
159
158
157
157
156
155
154
153
153
156
160
161
159
153
155
157
155
148
145
146
146
144
137
135
137
143
148
151
155
161
168
173
175
174
175
176
173
171
169
165
161
156
149
140
132
129
130
130
130
133
135
133
126
119
110
104
103
106
106
96
91
70
38
16
13
16
38
33
29
32
57
103
123
135
138
135
142
144
147
152
157
163
167
169
169
170
170
169
169
167
165
163
162
159
158
156
155
154
154
156
153
152
153
154
159
162
160
159
161
162
158
152
148
149
151
151
145
141
137
140
143
145
152
158
167
171
171
172
176
176
174
173
171
168
162
157
150
142
135
130
130
128
129
131
133
131
124
116
108
102
100
105
103
93
83
61
36
16
14
17
40
36
34
32
47
97
120
134
141
140
145
143
144
149
156
161
166
168
167
168
170
168
165
164
161
159
157
156
154
152
151
150
152
154
152
151
151
151
154
157
158
157
158
160
158
153
149
149
151
152
148
143
138
137
138
142
148
156
163
167
168
171
175
177
175
173
172
169
162
156
149
142
136
133
130
128
126
129
128
123
116
112
109
103
99
100
97
89
75
53
32
15
11
17
41
37
34
31
38
89
115
129
138
141
145
141
141
146
154
161
165
168
168
168
166
163
160
158
155
154
151
151
148
147
146
146
149
152
152
151
150
151
152
154
154
153
157
160
160
156
151
148
149
150
149
146
143
142
143
145
148
151
157
163
167
170
176
177
175
173
171
167
161
155
148
141
135
130
129
127
127
126
123
117
112
110
108
106
101
97
92
85
67
44
23
13
10
18
41
37
33
28
33
75
108
123
133
139
145
142
141
145
151
158
164
168
170
168
163
157
154
152
151
150
148
147
145
144
145
147
149
151
151
149
149
149
151
153
151
149
154
158
160
157
152
148
148
148
153
149
145
143
143
145
146
148
153
157
162
167
173
175
173
172
168
166
162
156
150
142
133
127
125
123
121
122
121
117
114
112
107
108
105
100
90
81
56
33
15
13
14
17
42
38
35
31
30
60
98
119
130
138
143
142
143
144
146
150
159
166
169
165
158
152
149
150
149
147
147
146
144
144
145
148
150
152
149
149
148
149
151
154
151
148
151
155
158
156
151
148
149
151
154
149
143
139
139
143
146
147
150
154
157
162
168
170
168
169
167
165
161
155
149
141
132
124
120
117
114
115
119
119
115
112
105
107
106
102
90
73
43
21
10
13
14
16
44
40
38
34
28
47
90
117
130
139
142
142
144
144
141
143
151
159
165
163
156
152
151
150
148
146
145
143
142
142
145
148
150
153
151
150
149
150
154
157
154
151
151
155
158
155
149
147
149
153
151
147
142
138
139
143
145
145
150
152
154
157
161
163
164
166
166
163
158
152
145
139
132
126
119
114
108
109
115
117
112
105
103
104
103
103
87
66
33
14
8
13
12
12
47
43
41
34
29
39
76
112
129
141
140
139
143
143
139
138
144
156
162
163
159
154
152
150
148
145
143
144
144
146
148
151
153
158
158
156
155
157
161
165
163
158
157
159
159
155
150
147
148
150
146
141
138
138
141
143
145
147
150
151
154
159
162
158
157
160
163
161
158
152
145
137
129
125
120
114
111
111
114
113
109
103
98
108
105
100
83
58
26
13
10
13
13
13
48
45
42
37
29
29
57
98
126
141
137
137
140
139
137
139
144
154
160
161
158
153
150
147
144
143
143
144
145
147
152
157
161
166
169
167
167
168
169
168
163
155
152
159
162
159
154
151
151
150
147
143
139
138
140
142
143
143
145
146
149
153
155
152
152
156
159
159
154
148
143
138
132
126
121
116
113
113
115
113
107
102
95
101
103
90
72
46
25
12
14
14
13
14
49
46
39
38
33
29
46
81
113
131
137
137
140
139
138
141
145
153
157
159
156
152
148
142
140
141
142
147
151
156
161
162
164
165
161
159
160
161
161
162
156
149
152
160
165
160
155
153
152
150
147
144
141
140
141
144
144
142
140
142
145
150
151
147
147
153
156
158
153
146
139
138
133
126
122
121
117
116
117
114
108
102
101
101
101
81
60
34
23
19
21
18
14
16
50
47
45
40
38
32
36
62
99
127
137
139
143
139
138
141
146
151
153
154
154
150
145
138
136
141
144
151
156
159
158
155
151
151
146
143
142
143
146
153
155
152
154
158
158
154
150
148
149
149
148
146
145
143
145
148
148
145
140
142
144
148
148
145
145
150
154
156
152
143
139
136
131
127
123
121
118
116
115
115
108
103
105
99
93
71
47
23
11
19
27
23
19
19
52
49
46
41
39
32
28
46
84
119
136
141
145
139
136
140
145
151
151
153
153
150
142
135
134
139
145
148
147
139
132
127
126
128
126
122
119
119
125
136
145
146
146
144
142
141
139
138
140
143
145
145
143
144
147
152
153
151
146
145
144
145
145
143
145
149
153
152
148
143
136
132
129
126
122
120
116
113
112
110
106
101
100
97
83
57
35
18
3
14
25
24
22
21
52
50
44
41
36
25
16
29
62
99
132
138
145
139
135
138
144
151
154
157
157
152
143
133
130
134
134
136
131
120
110
106
106
109
114
111
107
104
106
116
126
129
125
122
122
124
125
124
125
130
130
130
131
135
142
149
152
153
151
149
146
143
143
144
148
153
155
153
148
142
136
130
125
122
120
117
114
113
111
107
102
98
96
94
75
42
22
18
8
17
16
18
21
23
51
47
44
35
25
13
5
11
43
86
123
133
143
143
137
137
140
146
154
158
159
155
146
135
128
130
129
134
134
130
126
120
118
116
118
115
109
101
96
100
106
108
106
105
108
112
113
111
111
114
111
111
113
118
127
137
142
144
146
147
145
142
143
146
151
156
156
153
147
141
135
130
124
118
117
113
113
114
113
106
99
95
91
81
69
39
16
15
11
16
9
13
17
21
48
44
33
21
16
14
8
4
31
77
114
125
143
145
140
137
135
139
146
152
156
153
146
137
131
132
139
145
150
152
155
153
147
142
142
137
129
115
103
100
102
103
98
100
105
108
107
105
103
103
101
99
100
106
114
121
127
129
134
140
142
140
141
146
151
155
154
151
144
137
134
132
125
116
112
110
111
115
114
106
95
92
87
71
72
48
23
15
12
11
11
12
14
19
36
27
18
13
8
11
16
5
15
57
95
123
140
145
141
135
133
136
140
148
152
150
145
138
136
140
148
154
164
168
164
161
159
157
157
156
148
134
120
116
115
116
111
109
112
116
114
109
108
111
109
108
108
108
112
117
119
120
127
131
134
136
138
143
147
148
148
147
141
132
131
131
126
117
111
109
110
111
108
100
92
87
83
63
85
80
51
17
12
10
11
14
18
20
20
14
10
10
11
13
19
11
12
38
84
120
141
140
141
138
133
130
136
142
147
148
146
142
142
147
150
153
158
159
155
153
151
150
157
159
157
149
141
136
135
134
129
127
131
137
134
128
127
129
130
130
129
128
128
130
131
132
133
131
129
132
137
142
145
147
146
144
138
131
127
127
122
116
112
111
109
107
102
95
86
81
81
67
95
112
88
39
11
10
13
16
18
20
8
6
10
15
19
20
24
21
15
35
83
123
142
133
137
135
130
130
136
140
143
145
145
143
145
152
155
153
152
151
149
147
145
144
147
151
154
154
153
153
154
152
143
142
148
155
152
146
144
145
145
146
146
144
143
144
145
145
142
135
131
132
136
139
143
147
149
145
138
131
125
122
118
114
114
111
107
103
97
88
81
76
77
76
109
146
127
66
11
11
16
16
17
18
7
9
15
19
22
19
22
21
21
46
93
136
139
133
134
126
124
130
136
140
143
143
142
142
146
152
158
154
151
151
149
147
145
142
139
141
142
142
146
150
153
151
146
146
151
156
153
149
146
145
145
146
146
146
146
147
149
149
146
142
138
135
134
137
142
148
148
143
135
129
124
120
116
114
115
111
106
102
94
85
79
77
78
89
123
169
153
88
17
17
18
15
14
15
12
15
18
18
18
19
20
19
21
54
108
153
140
135
134
125
122
125
131
138
142
141
142
144
148
153
158
152
152
153
151
149
145
141
138
136
131
128
128
131
132
132
137
139
141
140
137
138
138
135
136
137
138
139
141
144
147
148
146
146
143
139
136
139
143
146
143
135
127
123
121
117
115
116
116
110
105
102
94
83
79
81
86
101
135
186
175
107
26
20
17
14
12
13
14
15
15
14
13
19
23
20
14
52
120
169
149
136
131
129
126
122
127
134
140
142
143
145
147
151
153
149
149
151
150
145
141
138
138
135
128
120
116
115
113
111
117
118
120
118
118
123
126
125
129
130
133
135
139
144
147
148
144
145
144
142
142
145
147
146
141
134
125
121
118
117
115
115
116
109
103
99
90
82
81
86
93
104
144
199
194
125
35
16
14
11
10
11
13
13
11
13
12
16
22
20
9
49
124
179
169
144
130
129
126
126
125
129
135
141
146
144
146
151
151
149
150
151
148
144
141
139
139
138
132
124
119
116
112
108
105
105
106
108
110
116
123
126
127
130
133
136
139
142
145
147
141
143
143
145
146
147
146
146
143
137
128
122
119
116
114
115
114
109
102
93
85
82
86
91
97
107
153
204
204
138
50
15
12
13
13
13
12
13
12
18
16
16
22
22
13
55
121
181
188
155
134
127
120
128
123
124
130
142
148
145
146
152
153
151
153
154
150
145
145
146
145
144
141
135
129
125
120
115
111
108
108
112
114
118
125
131
130
134
136
138
138
139
141
142
140
141
145
147
147
144
144
145
141
136
128
122
118
115
115
116
113
109
101
88
81
83
90
95
98
112
162
205
203
146
65
20
11
15
17
15
8
10
13
14
17
19
18
18
23
50
117
183
208
184
145
125
118
124
129
122
132
139
145
147
147
150
154
151
150
153
154
152
151
151
153
151
149
148
146
141
138
135
129
126
126
124
123
127
133
136
138
139
140
140
138
135
136
139
140
141
145
145
144
145
145
141
135
131
126
119
113
113
117
117
113
104
97
90
85
88
94
96
98
116
169
203
201
150
76
20
12
17
15
14
7
9
12
14
17
20
20
19
21
47
108
175
216
209
173
133
115
120
126
128
131
141
144
143
149
149
151
149
149
152
154
155
155
156
156
154
153
153
156
155
154
152
150
146
144
141
138
139
141
142
141
142
143
143
140
137
138
139
140
140
140
140
143
148
148
141
131
126
121
115
112
115
117
115
107
97
89
88
90
96
99
96
102
121
172
207
202
155
82
23
15
17
15
15
6
6
10
14
17
22
21
18
18
42
99
172
224
226
201
158
126
117
114
122
128
139
141
141
146
142
149
149
151
152
156
158
162
162
163
158
156
158
163
164
162
161
158
154
153
151
147
146
147
145
146
148
149
149
146
144
143
143
142
139
136
136
141
150
149
139
128
122
116
113
113
115
114
110
99
89
84
88
96
102
102
98
104
127
177
216
209
166
90
25
17
15
13
15
5
6
8
15
19
21
21
17
16
36
93
166
221
228
223
193
155
126
107
109
123
134
137
144
140
142
148
151
154
155
157
162
164
164
165
161
158
160
164
164
165
163
159
158
157
157
155
153
151
148
149
152
153
153
152
150
149
148
145
140
135
135
139
145
142
131
126
120
113
112
112
113
110
102
94
90
88
92
98
103
104
104
112
138
185
223
213
176
104
33
17
12
14
13
6
6
10
14
17
21
21
19
14
24
81
152
210
226
237
223
189
154
118
104
105
122
132
140
140
150
148
152
155
155
157
161
164
164
163
161
159
162
165
167
166
166
163
163
163
163
159
155
153
149
149
153
155
154
152
153
152
150
145
140
137
138
138
138
131
124
121
116
112
109
109
107
102
95
92
92
94
98
102
103
105
108
122
156
199
228
212
179
118
52
18
12
17
14
8
9
13
13
14
20
23
24
17
15
63
135
197
222
236
240
223
194
154
115
85
106
120
126
134
146
149
153
155
155
156
160
164
166
164
162
161
164
165
166
165
165
163
164
168
167
162
157
153
149
149
152
153
151
151
152
152
150
144
139
138
140
138
131
125
121
115
112
109
107
105
103
98
92
90
93
97
102
106
105
106
110
131
174
216
232
210
178
131
70
24
11
18
15
9
10
13
12
12
18
19
25
24
14
46
113
182
219
230
239
240
231
199
152
103
107
110
115
123
135
147
150
153
154
156
160
162
163
164
162
161
163
165
165
164
163
165
167
171
171
166
161
156
153
150
151
150
146
147
150
152
150
142
138
137
137
133
126
121
116
111
108
106
103
102
100
97
92
92
96
100
105
108
107
109
116
145
191
225
229
209
181
143
86
31
11
17
16
10
12
12
12
14
18
14
24
30
22
35
91
167
223
231
229
239
250
231
193
151
127
108
114
117
132
143
147
151
155
157
158
158
158
157
155
156
162
166
167
168
168
165
168
174
174
167
161
158
156
149
151
148
144
143
149
152
151
141
137
134
130
125
121
117
111
110
106
103
100
99
99
97
92
96
101
105
107
110
108
113
124
165
205
227
222
207
183
155
101
39
13
17
18
10
10
10
8
13
17
14
16
23
28
34
76
149
216
235
221
235
243
238
228
206
164
128
115
119
126
136
146
151
155
156
156
159
156
151
149
153
158
162
166
169
169
164
167
170
170
167
162
159
157
152
150
148
145
143
145
147
146
138
135
129
126
122
115
109
105
106
101
99
100
100
98
93
93
97
106
108
110
111
113
118
145
182
215
228
220
202
186
163
117
53
11
18
20
13
13
10
9
11
14
12
13
20
22
29
64
134
203
232
228
234
238
241
244
238
210
172
142
128
121
123
135
144
151
153
154
157
154
149
147
148
154
160
163
165
163
162
164
166
166
163
158
155
154
152
150
148
146
144
146
146
144
136
131
125
122
117
109
103
100
98
97
98
100
100
97
96
96
101
110
113
114
111
115
127
158
193
218
224
218
202
190
169
127
69
21
17
20
13
13
10
10
11
13
14
14
16
16
28
53
112
180
224
232
236
240
240
246
248
243
219
185
154
127
117
124
131
139
144
147
152
152
148
145
145
149
151
155
157
158
155
155
157
160
158
153
151
152
150
148
147
146
145
146
146
143
135
127
121
119
114
104
99
97
97
101
103
102
99
98
98
101
107
115
118
118
115
120
136
168
208
221
221
215
203
192
175
138
84
31
15
18
10
12
9
10
11
13
15
18
17
14
25
43
94
160
213
232
232
240
242
243
241
250
247
223
197
167
146
136
126
132
141
147
149
148
144
143
145
148
148
148
151
154
151
149
151
155
153
148
145
147
145
142
141
141
141
143
141
139
132
124
117
114
111
104
102
103
106
109
109
105
100
100
103
106
111
114
116
119
120
127
144
177
217
223
220
212
202
192
175
142
94
41
15
19
10
10
9
9
9
10
14
18
19
17
25
32
72
135
196
226
230
241
239
243
243
251
251
241
232
215
187
158
132
128
135
140
141
143
143
141
142
143
143
145
148
151
151
148
148
151
149
142
138
139
138
136
137
139
138
138
135
130
123
117
111
111
109
106
108
111
114
114
111
105
101
102
107
112
112
112
114
121
124
133
156
193
223
225
220
212
201
194
178
147
107
53
14
21
12
12
9
10
8
7
11
17
20
22
24
24
51
111
178
222
231
240
233
242
247
251
247
244
245
242
224
196
165
142
131
126
128
137
142
135
132
131
133
139
146
149
146
143
143
145
143
138
134
135
134
134
137
139
136
131
126
120
114
110
109
109
111
112
115
120
119
116
111
105
101
103
108
112
114
114
118
124
124
135
166
208
230
228
220
210
200
195
183
159
118
64
12
20
12
12
12
13
9
7
11
14
18
22
19
20
38
92
159
215
231
234
236
242
247
248
248
249
251
248
241
225
207
177
145
124
116
121
132
126
121
118
119
127
137
144
138
135
134
136
136
132
131
132
133
133
135
135
129
123
117
112
109
111
113
116
118
120
123
124
120
116
111
108
105
105
108
111
116
119
123
127
126
141
176
219
236
228
219
211
201
195
187
169
130
75
12
18
11
10
11
14
12
9
11
11
14
20
24
21
27
68
131
200
232
238
241
241
245
243
245
252
251
247
244
245
243
221
190
159
133
121
116
117
119
117
114
116
125
133
133
129
128
129
129
127
126
127
131
130
131
129
121
114
110
108
109
113
119
122
124
125
126
125
118
115
112
111
110
109
110
113
115
120
125
129
130
151
187
226
238
227
217
212
203
195
188
175
140
85
16
19
9
9
12
14
15
13
9
10
14
19
20
21
21
47
106
178
218
236
243
246
245
243
246
250
251
249
245
250
249
244
232
213
186
157
131
126
124
121
119
121
123
128
127
127
125
124
126
122
119
123
124
122
120
118
117
115
114
114
119
120
124
126
126
126
123
120
116
114
112
111
110
111
113
114
118
123
126
128
138
166
200
225
232
223
216
210
200
195
191
177
143
92
30
14
9
8
11
13
15
12
8
7
12
16
16
18
20
39
82
153
207
229
239
244
246
246
247
250
251
249
251
252
250
250
249
243
230
210
181
159
141
129
126
127
126
128
125
129
126
125
125
123
121
124
125
125
125
126
125
124
123
123
122
122
123
124
124
124
121
118
115
114
113
113
114
113
113
112
118
122
125
132
150
181
211
229
228
220
213
210
201
193
187
176
148
101
41
15
9
8
10
13
15
12
6
5
9
14
14
17
22
33
59
123
190
221
235
240
248
250
249
251
252
250
253
253
251
251
250
249
249
241
229
206
181
159
144
135
132
137
139
140
138
137
139
141
140
141
141
142
142
143
142
139
136
134
129
127
126
125
123
123
121
117
116
115
113
115
115
115
114
113
121
125
127
136
161
196
222
230
225
219
213
211
206
195
187
177
152
112
57
17
