41
53
66
60
50
46
70
110
159
189
205
207
207
210
211
210
212
212
214
215
216
216
216
216
215
213
213
213
214
215
215
215
215
214
212
211
210
209
208
206
203
201
199
197
195
196
197
196
194
194
196
196
194
193
191
189
187
186
185
184
181
179
179
179
178
177
172
167
164
162
159
157
155
151
151
149
147
142
135
131
130
129
133
135
129
127
126
116
99
87
77
73
71
64
37
50
60
52
48
53
84
127
174
197
206
208
207
210
211
211
212
210
212
214
216
215
215
214
213
213
213
213
214
215
216
216
215
215
214
213
213
212
211
209
206
203
201
199
197
198
200
200
200
200
199
199
198
196
194
193
191
189
185
184
182
178
178
177
176
176
172
166
163
162
159
157
154
151
151
149
147
142
135
131
131
130
131
133
128
128
127
115
98
83
74
69
65
63
38
50
59
48
45
63
100
146
184
201
208
206
207
209
208
207
211
212
214
215
215
215
215
214
213
212
214
214
214
214
215
217
217
217
214
214
214
213
211
209
207
206
203
200
198
199
199
198
198
199
199
198
197
194
193
192
190
189
186
184
181
179
176
174
174
174
170
167
164
161
159
156
151
148
146
146
145
143
141
139
137
134
131
130
126
127
123
114
100
82
71
64
62
65
44
57
59
49
48
73
117
162
191
200
208
207
207
207
207
208
211
213
214
215
215
214
214
214
213
213
214
215
215
215
216
217
218
217
214
214
213
211
209
207
207
206
203
200
198
198
198
197
197
198
197
197
196
194
192
191
190
190
187
185
183
180
176
174
172
172
168
164
160
159
158
155
150
146
145
145
145
143
141
140
138
135
132
130
126
125
120
109
97
81
70
62
62
67
49
63
55
50
54
83
134
177
196
199
206
209
208
205
207
209
211
214
215
216
216
214
214
214
214
215
215
216
216
217
217
218
218
217
214
213
212
209
208
207
207
206
202
200
198
198
198
197
197
197
195
196
196
194
192
190
191
192
190
186
184
180
177
174
171
169
166
162
159
158
156
153
149
145
144
145
145
144
143
142
139
136
132
132
125
123
116
105
92
78
67
61
61
67
54
64
52
54
62
95
145
183
198
200
207
213
210
206
207
210
211
215
216
217
217
215
214
214
216
217
217
217
217
218
218
219
218
217
216
215
212
209
208
207
207
207
203
200
199
199
198
197
197
197
195
196
196
194
194
193
193
194
191
190
185
181
178
174
170
167
162
158
156
155
154
152
148
144
145
146
146
146
145
144
141
137
132
132
126
122
113
103
90
75
63
58
58
64
58
64
51
58
74
109
158
192
204
204
208
215
212
208
209
211
212
215
216
217
217
216
215
215
216
216
217
218
218
218
219
219
218
217
217
216
213
212
211
208
208
206
203
202
200
199
200
199
197
197
196
195
195
194
195
194
194
192
192
188
184
180
177
174
170
166
162
158
155
155
154
152
148
145
146
148
148
148
148
145
142
138
132
130
124
122
115
104
89
73
59
54
54
59
64
63
48
58
83
124
172
200
206
205
207
214
213
210
210
212
213
217
218
218
219
218
217
217
217
216
218
218
219
218
219
220
219
218
217
216
215
213
212
209
207
204
203
202
202
200
199
199
198
198
196
195
194
193
194
193
192
191
189
186
181
178
175
172
168
166
161
158
155
155
155
153
149
146
146
149
148
149
149
146
143
138
131
128
123
121
115
104
88
69
55
50
49
54
66
62
45
59
94
139
180
204
207
204
205
209
213
212
211
213
216
218
220
221
221
220
218
219
218
217
218
219
219
219
220
221
220
219
218
217
216
213
212
210
207
204
203
203
202
200
199
200
199
198
195
194
193
192
192
191
190
188
186
182
178
173
170
168
166
164
160
157
155
155
155
153
149
147
146
148
149
149
149
149
143
137
131
128
122
119
113
102
85
66
52
46
47
53
66
60
44
62
103
150
184
203
208
206
202
206
212
213
212
214
218
220
221
221
221
220
220
219
219
218
219
220
220
219
220
221
221
220
220
218
216
215
212
210
207
204
203
204
203
202
200
200
200
199
194
194
194
192
190
189
188
187
184
180
176
171
168
165
163
163
159
156
154
154
154
152
148
146
145
146
149
149
149
149
143
137
131
128
121
117
110
98
82
65
51
44
46
55
62
61
42
69
112
161
192
201
204
205
202
203
210
215
212
214
220
221
223
223
223
222
221
220
219
219
218
219
220
221
221
221
221
223
221
220
219
216
214
211
209
207
204
204
204
202
201
200
199
198
197
195
193
191
188
189
188
186
184
180
176
172
167
164
160
159
154
152
152
151
152
150
146
145
146
147
147
148
149
147
142
135
128
122
118
112
109
96
80
65
52
45
47
54
60
62
49
72
117
166
194
200
203
206
206
206
211
215
213
215
221
220
223
225
225
223
222
221
220
220
219
220
221
221
221
221
223
223
222
222
220
217
215
211
207
206
204
204
204
202
201
200
198
197
196
195
193
191
189
189
188
186
184
180
175
171
166
163
160
158
155
154
152
151
150
149
145
144
145
147
149
150
150
147
140
133
126
121
117
110
107
95
79
63
48
43
43
47
57
63
57
79
123
174
196
197
200
206
207
208
211
214
213
216
221
222
224
225
225
224
223
222
221
219
219
220
220
220
220
222
223
223
224
224
221
219
215
213
209
208
206
206
206
205
204
202
199
197
195
194
192
190
188
189
187
184
180
176
171
166
165
162
159
157
156
154
152
150
149
147
145
144
144
148
150
151
150
144
136
129
124
120
118
109
105
94
79
62
46
41
38
38
55
61
57
82
125
177
196
198
201
207
207
208
211
213
214
218
222
224
227
228
228
228
225
222
220
219
219
219
219
219
219
219
220
222
222
224
223
221
217
215
213
210
209
208
208
207
206
205
202
199
196
194
192
190
188
188
186
181
176
172
166
164
164
163
159
156
156
154
153
149
147
146
145
144
145
148
149
149
145
138
131
124
122
121
119
108
103
92
81
65
49
40
33
31
55
60
53
81
125
178
196
204
208
210
206
210
212
214
217
220
224
226
228
230
230
229
227
224
220
219
219
219
219
218
218
219
220
221
222
224
223
221
219
216
214
213
210
210
210
208
207
205
202
200
198
196
194
192
189
188
185
180
175
171
167
165
166
165
161
158
156
154
152
149
147
145
145
145
145
147
145
143
140
133
126
120
122
121
120
107
98
89
81
69
54
39
29
28
55
58
55
85
132
181
196
208
211
210
206
212
214
215
218
220
224
226
230
231
232
230
228
225
221
220
220
220
220
220
219
220
220
221
224
224
224
222
220
218
215
213
210
210
210
208
207
205
203
200
198
196
194
191
188
187
183
178
173
170
167
166
167
166
161
158
156
154
151
148
147
145
145
145
144
143
141
139
135
130
125
121
121
120
118
104
94
85
80
71
59
39
25
24
54
59
62
93
139
186
196
206
209
208
207
213
215
215
218
221
222
226
230
230
231
229
228
225
222
221
221
221
222
221
221
221
221
223
224
224
223
222
220
218
215
212
210
210
210
208
207
206
203
201
198
195
193
192
187
185
181
175
170
168
166
166
167
165
160
156
155
153
150
146
146
145
145
144
143
141
138
137
133
130
126
124
120
118
113
101
92
82
79
72
61
41
24
21
51
59
66
97
143
191
197
205
208
208
207
213
214
214
217
220
221
226
229
229
229
228
227
225
224
224
222
222
222
223
223
223
223
223
224
224
223
221
220
218
215
212
210
210
210
207
206
205
203
201
198
195
193
192
187
185
180
174
168
166
165
166
167
165
160
156
155
152
148
145
145
144
144
143
141
138
137
136
135
131
128
126
120
116
111
100
91
82
78
72
61
42
25
19
51
61
71
106
146
192
200
203
205
203
203
210
212
213
216
220
222
225
228
229
228
227
228
226
224
222
224
222
223
224
224
224
224
225
224
224
223
221
220
218
216
213
210
210
208
207
206
206
202
199
196
195
191
190
186
183
178
173
170
168
168
166
164
161
159
155
154
151
148
146
144
143
143
144
139
137
134
133
135
135
130
125
118
114
107
97
90
83
75
67
57
43
29
20
51
63
77
108
148
192
198
198
202
201
204
210
212
213
216
219
221
224
226
228
227
227
227
225
223
223
223
223
221
223
223
223
223
223
224
224
223
221
219
217
214
213
211
210
208
206
204
202
200
197
194
192
190
189
185
181
175
170
168
167
168
167
160
156
155
154
154
150
147
145
143
142
142
141
139
137
134
132
131
131
127
123
116
112
105
98
95
88
75
62
48
45
37
24
52
67
82
110
151
192
194
196
201
200
203
207
209
210
214
219
221
224
225
227
227
227
226
224
221
221
221
221
221
221
221
222
222
223
224
225
224
222
220
218
215
212
211
210
207
204
201
200
196
194
193
190
188
186
184
180
174
170
170
169
170
168
159
152
152
153
152
150
147
144
143
141
139
139
139
137
133
129
127
125
122
117
113
108
101
98
100
94
77
57
42
46
43
28
57
71
83
110
152
192
195
197
202
203
204
207
208
209
214
218
220
224
225
227
229
227
227
224
220
221
220
220
220
220
220
220
221
222
224
225
224
222
220
217
214
214
212
209
205
202
200
197
195
193
190
188
185
184
182
180
175
172
172
171
172
169
159
150
150
152
151
148
145
143
142
140
139
139
138
138
134
128
123
120
116
113
110
106
99
96
98
92
74
55
44
46
40
28
61
75
84
110
153
192
200
200
206
207
210
211
210
210
214
217
219
223
228
230
229
227
227
224
220
220
219
219
219
219
219
219
219
221
221
223
223
221
218
216
213
212
210
208
204
201
197
194
191
190
189
187
186
185
183
180
174
171
169
167
168
165
158
151
150
151
148
146
144
143
142
140
139
138
138
138
134
129
123
118
115
113
110
108
100
93
89
82
68
54
51
47
37
26
64
77
86
111
153
191
204
204
205
207
210
211
210
211
215
218
221
224
228
230
229
227
226
224
220
221
219
218
218
218
218
219
218
219
220
221
221
219
217
214
212
211
208
205
201
198
195
190
188
187
187
187
188
188
186
181
173
169
163
161
161
161
157
154
152
150
145
143
141
141
141
139
138
137
134
136
133
128
122
118
115
114
110
107
101
92
84
76
66
58
55
49
37
27
66
81
88
112
152
188
205
203
200
203
206
208
210
211
216
219
222
226
227
228
226
225
225
223
220
220
219
217
217
217
217
218
218
219
219
220
218
217
215
213
210
206
204
202
199
196
192
188
186
186
186
187
189
189
186
180
172
167
162
160
160
159
157
156
153
147
142
140
139
140
140
139
137
136
132
132
130
125
121
117
115
113
109
106
100
92
83
73
66
62
56
52
40
30
71
86
88
112
150
185
204
201
195
199
205
208
211
213
217
220
221
226
226
226
224
223
224
222
220
220
219
217
216
216
217
217
218
218
217
218
216
215
212
210
207
204
202
199
197
195
191
188
186
186
187
188
188
187
184
179
173
169
163
162
161
158
156
156
152
144
141
139
138
138
140
139
137
136
133
132
129
124
119
117
115
113
110
106
99
91
82
71
62
57
56
54
43
32
73
87
88
112
146
182
199
199
195
198
206
210
214
215
216
218
222
224
227
226
226
226
225
223
220
219
218
217
217
217
217
218
219
220
219
216
215
215
212
209
204
199
198
197
196
194
190
187
186
187
187
187
185
185
183
178
173
170
164
163
161
158
157
155
150
146
142
139
139
141
139
139
137
132
131
127
124
123
120
116
115
113
109
106
100
90
75
64
58
55
55
53
46
34
76
91
93
114
149
183
200
200
197
200
208
210
214
215
216
218
222
224
227
228
228
228
226
223
221
220
218
217
217
217
217
218
219
220
219
216
216
215
212
208
205
200
197
196
195
193
188
187
186
186
188
186
186
185
182
179
173
171
164
163
161
159
156
155
150
146
145
142
142
142
141
139
137
133
129
125
122
121
117
116
115
114
109
106
99
86
71
59
54
51
51
50
46
37
80
93
94
114
150
184
201
202
201
206
208
208
210
212
214
216
219
222
226
227
228
228
225
224
223
221
220
219
218
218
218
219
220
221
220
218
217
217
213
210
205
202
198
197
195
192
189
187
186
185
186
186
185
184
181
177
172
169
166
164
162
159
156
153
150
147
146
144
144
143
141
138
136
131
126
122
119
118
116
115
115
114
110
108
100
86
71
60
54
49
45
45
44
39
83
94
92
111
149
181
199
201
204
210
208
206
207
210
214
217
220
222
225
225
226
225
223
221
221
221
221
220
219
219
219
219
221
223
221
220
219
219
215
212
209
205
201
199
197
194
191
188
187
188
189
188
187
185
182
178
172
169
166
165
161
158
156
153
150
146
147
144
143
143
140
136
132
127
122
118
117
116
114
114
115
114
109
106
98
86
75
67
57
49
42
41
42
39
85
95
90
107
149
178
196
199
204
210
211
207
207
211
217
220
223
227
225
226
225
223
221
221
221
220
221
220
219
219
219
220
221
223
223
221
221
220
217
214
211
209
205
202
198
195
192
190
190
191
191
191
188
186
182
178
172
168
167
165
162
159
156
153
148
146
146
143
141
141
139
134
128
120
116
115
115
115
114
114
115
114
109
106
100
92
84
77
65
52
42
37
37
38
86
93
88
104
149
176
193
194
198
203
199
195
195
199
203
206
209
215
220
222
223
221
221
224
224
223
222
221
220
220
220
220
221
224
222
221
222
221
218
215
213
211
207
203
199
196
194
191
191
192
193
191
189
185
182
177
171
169
168
166
162
160
156
152
148
146
145
141
139
138
134
130
124
116
112
112
113
114
113
115
116
114
108
102
99
94
91
84
69
55
45
36
33
37
86
92
85
99
147
171
182
179
180
181
178
174
175
179
179
180
186
195
197
203
210
213
217
220
222
222
222
221
220
220
220
220
221
222
222
220
220
220
218
215
213
211
207
204
200
197
195
193
192
193
195
193
189
186
182
177
173
170
167
165
163
161
157
151
147
145
144
140
136
132
128
124
119
115
112
112
114
115
114
116
116
114
114
111
109
108
104
95
83
70
53
40
36
41
85
92
84
97
141
162
168
158
154
152
143
142
142
144
143
141
148
159
168
178
192
200
205
212
216
218
220
219
219
219
218
218
219
219
221
219
220
219
217
214
212
210
208
204
202
199
197
195
193
193
190
187
183
179
174
172
168
165
168
166
163
161
157
151
146
145
143
138
134
129
123
119
117
114
114
115
116
116
115
116
117
115
114
112
111
110
105
96
86
76
65
50
45
47
81
97
97
111
136
143
137
136
132
125
106
103
101
106
114
113
112
119
129
138
150
164
180
193
201
207
209
214
218
217
217
216
215
214
216
217
218
218
215
214
212
208
205
206
202
196
194
192
188
187
186
184
180
175
171
168
165
163
162
161
160
158
152
147
143
142
140
138
133
128
123
116
114
117
117
117
117
118
120
119
119
119
116
116
115
113
108
100
91
85
69
56
50
58
78
94
102
112
129
133
128
129
124
114
95
88
83
89
102
105
104
107
114
120
129
138
155
170
185
196
202
207
213
214
213
214
214
211
215
216
217
215
211
208
206
201
200
199
194
187
182
179
176
174
174
173
169
166
162
160
157
154
152
149
148
147
144
139
137
137
136
136
134
130
124
118
116
118
116
116
117
119
121
121
121
121
120
118
117
114
111
106
97
91
74
61
55
61
71
86
95
106
122
126
126
128
121
110
95
84
72
76
92
101
104
107
113
115
117
126
140
158
174
187
192
200
206
208
209
211
212
212
214
214
214
210
205
203
198
192
187
184
175
167
160
156
151
149
148
148
146
141
140
139
137
134
132
131
130
130
130
129
129
130
131
133
135
132
128
120
116
119
115
115
116
118
119
122
122
121
121
120
120
119
117
111
104
96
78
64
57
62
60
75
82
94
116
130
137
139
129
116
102
91
76
74
84
94
102
110
119
118
118
125
140
156
170
180
185
193
201
204
206
208
209
209
211
210
209
206
201
197
189
180
170
162
152
142
133
127
120
116
112
113
111
108
106
108
107
103
105
105
106
109
112
115
118
120
125
129
132
131
127
119
115
115
115
114
114
115
116
118
119
119
120
119
120
121
121
115
107
99
83
68
59
61
44
61
73
86
113
134
147
148
137
127
122
117
108
99
98
101
108
120
127
129
132
137
147
158
170
180
182
190
197
200
200
202
204
203
205
204
203
200
196
192
180
168
153
140
128
119
111
102
94
86
80
80
76
72
70
72
72
71
71
75
79
85
90
96
103
108
114
119
124
123
118
110
107
108
110
111
112
112
113
116
118
118
117
118
119
121
120
116
109
101
88
74
64
62
35
52
67
80
106
132
149
152
145
141
141
145
142
132
124
118
121
130
134
141
145
146
149
156
167
177
184
190
196
197
197
198
198
197
200
199
196
194
191
186
174
159
138
123
111
103
95
85
75
66
59
57
54
47
45
45
46
46
48
53
59
65
71
80
89
93
99
107
111
110
105
100
97
99
102
104
107
108
110
114
117
118
117
119
119
118
117
114
107
101
89
76
66
60
35
52
66
79
104
129
148
156
151
148
155
160
160
154
146
140
138
143
147
154
157
155
158
165
172
179
185
191
194
194
193
193
193
192
193
193
191
188
185
180
169
154
133
115
104
99
89
81
72
61
56
53
49
44
42
40
41
43
46
50
55
58
65
72
77
81
86
94
99
98
93
89
88
91
96
101
105
107
109
113
115
116
119
119
120
118
115
108
100
96
85
73
58
48
40
57
68
83
107
129
149
158
153
148
149
153
151
147
146
143
140
142
150
155
156
157
165
174
177
177
184
189
192
191
190
190
190
189
190
190
188
183
178
175
166
153
132
115
105
101
91
83
74
66
64
59
55
53
51
48
51
54
57
58
59
60
65
71
74
75
79
87
93
91
87
82
81
85
95
101
107
108
109
112
114
115
117
120
121
119
114
104
94
88
82
68
50
34
54
63
69
77
105
134
149
155
153
145
143
138
137
140
137
132
133
135
136
141
144
151
160
174
176
175
184
187
188
190
190
186
185
182
186
187
185
177
171
171
164
151
137
124
108
97
90
86
80
76
73
69
66
63
64
63
67
71
71
72
71
71
73
81
83
79
79
81
85
86
82
76
78
82
92
96
102
106
111
114
117
116
116
116
117
117
112
103
89
77
67
56
39
26
60
66
65
75
101
126
141
150
151
145
135
132
134
133
125
118
121
124
125
121
121
127
138
155
162
168
179
183
183
187
191
189
187
184
188
186
180
171
166
165
157
144
129
117
104
94
92
93
92
90
85
75
70
72
78
83
92
101
98
96
93
90
91
96
96
91
86
84
82
85
82
78
76
79
88
93
96
98
101
106
111
113
116
116
116
112
100
87
74
65
55
45
31
22
64
64
62
81
109
129
139
148
151
149
148
145
148
146
138
127
123
120
108
93
87
87
94
115
130
148
163
169
171
180
192
192
190
189
189
183
172
163
157
153
145
133
116
104
95
93
93
97
97
92
83
70
65
76
93
106
113
118
117
112
108
106
106
107
105
100
94
90
90
92
91
84
82
82
87
90
93
94
98
106
110
112
111
110
108
96
78
64
57
57
52
43
32
24
70
67
74
107
137
148
147
146
146
142
140
135
135
141
136
120
100
87
80
69
72
72
72
90
96
111
131
145
155
172
190
193
193
196
193
182
169
157
148
138
126
114
105
95
94
100
100
94
89
84
73
72
74
89
108
125
128
127
123
116
112
111
110
111
109
104
100
99
102
102
97
88
83
84
87
88
89
92
100
105
105
100
96
89
82
73
63
57
58
62
60
54
44
36
85
90
108
145
170
171
162
149
138
128
118
113
118
131
129
108
82
67
63
56
65
67
66
80
78
85
106
126
145
169
189
192
192
198
192
179
163
149
135
121
107
93
91
87
95
108
101
84
76
79
86
99
106
112
115
126
124
117
110
106
103
103
101
100
101
100
101
100
103
101
95
86
82
83
87
87
86
88
92
94
91
86
76
67
62
63
67
72
75
74
76
71
59
45
89
108
137
169
181
176
168
153
135
117
103
103
118
138
136
113
92
82
71
59
58
59
61
78
80
81
92
109
130
154
172
172
172
175
175
161
143
128
114
103
91
81
79
81
92
103
96
79
76
87
107
125
126
119
108
110
100
89
82
81
83
85
85
86
87
86
89
90
91
93
94
93
92
92
90
87
83
79
73
68
66
66
66
67
73
78
84
89
91
89
85
81
67
47
80
114
148
175
179
172
169
158
142
122
109
113
130
150
150
129
107
95
75
66
65
70
72
87
89
85
86
92
103
124
141
143
144
145
151
136
117
100
87
81
77
73
74
81
86
89
90
87
90
101
113
123
119
111
96
93
78
66
57
59
66
71
72
75
76
74
71
76
82
89
94
97
96
92
83
78
70
64
55
51
54
60
77
87
99
103
101
101
101
100
91
83
70
52
72
118
155
183
182
175
175
169
155
139
121
120
134
153
154
133
102
83
73
67
70
80
81
92
96
92
89
84
86
105
123
132
138
139
138
122
99
79
67
66
68
67
70
77
74
71
84
93
98
104
109
116
110
105
85
75
57
48
45
49
56
61
64
67
67
62
59
70
81
88
92
91
85
78
63
56
53
54
59
64
74
84
93
103
113
114
111
111
110
106
96
87
77
63
68
121
164
182
186
185
194
185
174
153
137
129
134
143
153
138
98
85
73
75
84
92
92
101
114
110
107
92
89
103
132
155
171
176
168
147
122
95
77
69
63
63
64
62
66
67
76
90
96
99
113
128
129
114
91
68
54
43
41
50
60
59
58
62
63
62
63
77
82
81
79
71
60
58
50
52
56
67
81
93
102
110
111
110
110
109
111
116
114
106
98
93
87
80
64
124
172
183
190
186
191
192
186
172
155
138
136
142
153
146
119
116
104
97
96
100
101
114
130
128
116
99
90
103
142
176
199
204
196
176
148
116
90
72
61
57
57
52
61
75
83
89
92
104
124
145
146
123
95
73
60
47
53
57
66
65
57
57
62
71
86
99
99
83
65
53
53
61
70
78
84
88
94
99
104
109
110
113
115
114
112
113
111
105
100
98
96
94
52
118
167
177
190
187
188
189
186
180
169
156
152
152
155
148
135
143
134
123
116
116
115
126
141
140
124
101
83
95
141
185
210
211
203
187
161
129
97
74
57
50
49
54
67
79
91
97
102
110
127
149
152
129
102
81
69
58
63
66
72
70
62
58
63
75
95
102
98
81
64
57
64
78
94
102
106
105
106
106
107
109
111
113
116
115
111
108
106
104
95
94
93
94
38
98
153
173
189
190
190
187
185
186
175
166
164
161
157
148
138
144
145
139
137
134
129
133
144
143
134
107
86
99
149
193
213
211
200
186
163
132
99
69
47
43
48
61
74
81
94
107
114
117
131
146
148
140
121
99
85
76
76
79
84
82
81
77
76
80
82
83
80
76
78
81
88
98
109
112
111
109
109
112
110
110
114
113
113
112
107
105
104
102
95
91
88
87
26
73
126
167
185
189
192
189
189
190
180
173
171
167
166
163
152
150
151
147
146
144
139
138
146
145
127
102
90
109
159
197
212
209
201
187
165
137
104
70
47
47
58
66
73
83
97
105
111
120
134
144
147
147
135
117
104
96
90
90
94
95
94
91
86
88
85
82
81
87
98
105
111
113
117
116
112
110
113
114
114
115
115
112
111
110
104
101
99
97
95
93
90
87
21
50
91
150
179
188
192
193
190
183
177
174
177
178
179
179
172
166
160
155
148
146
142
142
146
144
131
113
109
134
180
207
216
210
200
188
168
140
109
75
54
56
69
76
79
89
101
103
108
117
129
140
145
142
134
124
116
110
103
100
99
99
99
92
89
101
107
96
91
102
115
122
122
120
120
119
117
116
117
115
115
118
114
113
113
111
104
99
96
92
90
90
90
87
17
33
59
117
162
186
190
193
187
178
169
171
176
179
179
178
175
172
166
160
152
152
151
152
156
154
150
136
136
159
196
212
213
206
199
189
168
138
110
80
59
61
79
90
90
94
103
106
110
115
123
138
143
137
132
129
125
121
118
113
108
105
103
99
100
114
115
101
96
108
123
128
124
117
121
123
123
121
122
119
117
118
114
113
113
111
106
102
97
91
90
91
91
88
13
23
36
81
138
176
181
186
183
180
177
172
172
174
175
174
173
170
166
163
161
165
167
168
172
171
169
157
157
175
205
217
213
203
195
188
168
138
112
88
70
71
84
96
95
97
105
105
109
116
123
134
138
135
133
129
128
123
122
121
116
107
107
107
109
119
116
104
103
116
129
129
124
118
123
127
126
124
125
125
121
118
118
113
110
110
110
108
102
92
92
92
91
87
16
20
25
58
118
159
170
181
184
179
178
175
169
168
170
172
172
172
169
172
173
174
178
183
182
178
178
175
179
188
207
212
205
195
192
187
164
138
114
92
77
75
87
95
97
98
106
111
110
115
122
130
137
137
133
130
129
130
132
128
121
115
112
115
119
123
118
109
109
124
135
131
124
121
131
133
133
129
126
126
124
120
115
112
110
110
114
114
106
98
95
94
92
88
20
20
22
56
120
163
170
172
173
172
169
170
170
172
176
178
177
175
174
174
174
175
180
184
184
180
182
182
186
194
208
210
203
194
193
187
163
136
114
95
80
79
89
95
96
101
110
114
115
118
123
129
136
139
136
132
131
133
133
130
123
118
115
116
118
119
115
115
121
130
134
130
128
129
136
137
134
132
130
128
124
120
115
113
110
110
114
114
107
100
98
94
91
85
18
16
23
57
128
180
184
174
167
163
158
162
164
168
171
173
171
169
165
165
166
170
176
181
182
180
188
189
195
199
209
209
202
194
195
186
160
132
114
98
87
85
92
96
98
103
113
117
117
120
122
128
136
142
141
136
134
136
133
128
121
114
112
113
114
115
116
123
128
131
131
131
133
134
139
137
134
132
132
129
125
121
115
113
110
109
111
111
105
101
98
93
88
83
13
13
23
56
132
193
201
190
182
175
167
166
164
162
162
159
157
154
155
155
160
166
174
180
182
184
193
195
199
202
210
209
203
197
193
180
153
127
112
103
97
94
100
103
103
106
113
118
118
119
119
126
135
142
143
141
139
139
138
133
126
120
116
116
116
116
123
130
134
131
130
137
142
143
142
138
133
132
131
128
125
122
117
113
109
107
107
106
102
99
95
91
86
83
12
12
20
50
127
189
203
202
203
202
194
189
181
172
167
163
159
155
157
156
159
166
172
178
183
186
194
196
201
205
213
210
203
195
189
172
145
122
112
109
107
106
112
115
114
112
114
118
119
117
120
126
135
139
144
148
150
148
145
142
137
133
130
129
128
127
132
141
144
137
134
140
147
151
142
137
133
133
131
127
123
121
117
112
108
105
105
102
100
98
94
88
84
84
16
15
20
46
120
182
198
201
211
213
214
211
205
197
192
188
184
181
175
174
173
175
178
182
186
189
196
198
203
207
216
211
201
191
183
166
141
121
112
112
113
113
120
122
122
120
119
122
122
119
121
126
130
133
137
145
150
150
144
141
136
132
132
136
140
141
142
145
144
138
137
141
143
142
135
132
132
133
132
127
123
120
115
110
104
101
101
100
98
97
90
85
81
82
16
17
23
43
114
179
197
202
210
210
217
219
218
216
211
208
206
205
199
198
195
195
196
198
199
198
200
202
206
208
215
210
198
188
177
160
139
123
113
112
114
116
119
120
123
127
130
132
132
131
128
131
131
131
132
136
139
139
138
135
132
131
132
138
143
146
144
141
138
136
138
139
136
134
133
132
131
132
131
128
124
121
112
105
100
98
99
99
97
93
88
83
79
80
16
19
24
36
104
175
201
209
215
213
213
218
220
219
216
212
211
210
214
212
211
210
212
212
208
204
204
206
207
207
213
207
197
188
174
157
137
124
114
111
112
114
115
113
121
134
142
143
143
144
144
145
146
143
140
138
136
135
138
139
138
139
140
142
143
143
139
136
135
138
139
139
140
142
140
138
134
131
130
127
122
117
112
105
99
98
99
99
96
93
87
83
80
82
13
17
27
39
99
177
200
203
211
212
213
216
219
218
215
213
214
214
214
217
215
213
212
211
207
201
202
202
204
207
209
205
194
184
170
150
135
124
116
114
110
112
113
117
122
134
144
148
154
158
161
162
160
154
149
145
145
148
153
154
154
151
148
147
145
143
143
143
144
144
141
142
144
144
143
138
132
128
127
124
119
116
110
103
98
94
96
98
96
91
86
80
79
78
11
12
18
30
92
173
199
204
210
209
211
217
220
218
217
217
217
217
217
218
217
216
214
213
210
205
202
203
206
209
211
206
194
184
171
152
138
127
121
117
112
112
116
120
126
137
146
151
160
165
169
169
167
163
162
159
160
164
172
171
169
164
160
157
155
153
158
155
153
149
146
144
143
141
135
132
127
126
124
121
116
113
107
101
97
93
94
97
95
90
84
77
77
77
10
9
13
20
80
161
191
201
209
205
207
214
219
218
217
219
219
218
218
217
216
214
211
211
208
205
203
206
210
213
212
207
195
185
171
154
139
130
125
120
114
113
113
119
126
136
144
151
161
166
172
172
169
167
169
169
171
174
177
178
177
172
169
167
165
164
166
160
154
148
143
140
137
132
129
127
125
124
123
119
114
111
105
100
94
92
92
94
92
86
82
76
76
75
12
11
14
16
66
147
183
197
207
204
206
209
214
217
218
220
220
219
220
218
216
212
211
210
206
205
203
207
213
214
213
206
194
185
170
154
139
130
125
119
115
111
108
116
123
132
141
147
158
163
168
168
167
167
170
172
173
176
177
178
178
177
175
174
173
172
167
160
153
147
142
138
135
131
127
125
124
122
121
118
114
110
103
98
92
90
90
92
91
85
81
75
74
73
18
14
16
15
56
134
174
192
204
205
206
206
209
216
219
219
218
219
219
215
213
209
207
206
202
202
202
206
211
211
207
201
190
182
170
155
137
127
119
114
111
107
104
110
118
129
138
146
156
160
166
166
166
168
174
176
177
180
179
180
179
177
173
173
172
171
165
159
152
146
141
138
137
133
128
126
123
121
118
116
113
108
101
96
90
88
89
91
90
85
81
75
72
72
38
33
29
31
66
131
170
191
203
206
205
204
208
213
216
216
216
216
214
209
208
205
201
200
197
199
203
206
208
206
203
196
188
180
171
157
137
124
114
106
105
103
100
102
107
122
135
145
156
160
165
166
165
167
174
177
180
184
183
181
179
174
171
170
170
168
163
156
150
144
138
135
133
131
128
126
123
118
116
115
111
106
99
93
89
86
87
90
90
84
80
74
71
70
96
93
90
96
114
150
173
189
199
202
200
205
209
211
212
212
212
210
212
206
209
203
198
198
194
202
206
207
208
205
201
194
187
180
174
159
138
124
111
103
104
102
101
98
98
114
129
141
153
160
163
163
163
165
169
171
175
178
179
180
179
176
173
171
170
169
161
155
148
142
136
132
130
127
124
123
118
115
115
114
110
104
97
90
86
85
86
89
89
83
80
75
71
69
157
156
161
167
166
174
179
190
196
197
198
208
214
211
209
211
211
208
207
202
206
200
193
192
191
201
207
208
209
205
201
194
186
180
175
163
141
126
112
103
106
105
105
98
94
108
125
138
152
160
162
163
163
163
166
166
166
169
173
175
177
176
173
171
168
166
159
152
144
138
131
127
124
120
118
116
114
112
112
112
107
102
95
89
85
85
86
89
87
83
78
75
72
69
189
192
197
194
199
189
189
193
196
196
205
210
215
212
203
205
207
204
201
198
199
194
195
194
192
208
211
215
214
208
205
200
190
182
174
158
140
127
112
108
116
116
111
102
94
104
123
137
150
158
162
167
167
167
162
161
167
168
169
170
171
172
170
166
163
161
154
147
142
135
129
126
122
119
115
113
112
110
110
110
107
99
94
87
83
84
85
86
86
83
78
78
72
69
200
206
204
199
201
198
192
188
194
204
204
209
214
208
198
200
203
200
195
190
192
192
197
198
194
207
215
220
222
216
212
205
193
182
169
151
135
126
116
115
122
123
118
107
94
100
118
135
150
157
163
166
165
163
159
159
165
166
166
167
167
168
166
163
159
155
148
142
136
131
126
123
121
119
117
114
112
110
109
109
104
98
92
86
83
83
84
85
83
80
77
77
73
71
194
200
207
205
200
198
187
183
189
196
199
205
212
209
196
196
199
192
188
184
187
189
194
192
190
201
212
219
223
217
213
207
194
181
166
146
131
126
118
115
119
124
123
115
100
96
108
127
148
159
163
164
161
159
154
155
161
163
161
163
163
164
161
158
152
148
142
135
130
126
121
121
121
119
117
114
111
110
108
108
103
96
90
85
83
83
83
83
81
76
76
76
73
74
194
199
201
203
195
197
188
185
188
189
194
199
208
206
193
194
194
187
182
181
186
188
188
185
184
194
205
213
217
213
208
205
193
177
160
139
127
122
113
105
107
117
122
119
104
94
100
120
146
160
164
162
158
155
152
152
158
160
159
159
159
159
157
152
146
143
136
131
126
121
118
118
119
117
114
110
109
108
107
106
101
95
89
85
84
84
83
82
79
76
74
74
74
72
196
198
198
197
193
198
191
187
190
192
195
196
201
198
188
187
188
182
175
175
184
189
189
184
181
188
192
199
205
202
198
195
182
165
148
128
118
110
96
84
86
102
118
117
102
89
93
116
143
156
163
160
156
154
150
151
157
158
156
156
155
153
152
148
143
140
132
127
122
119
116
116
115
113
109
106
106
106
106
104
100
94
88
85
84
84
82
82
78
75
72
74
73
71
198
200
201
199
190
180
169
173
187
196
196
194
196
194
189
184
179
173
171
173
182
191
194
189
183
179
178
184
189
190
185
183
171
153
135
114
101
87
68
54
56
78
105
109
98
85
88
110
138
153
160
158
154
154
151
151
156
156
152
151
149
147
146
143
139
136
127
123
120
117
114
113
113
110
106
104
102
105
104
103
99
93
87
84
83
84
83
81
78
74
71
72
73
70
183
181
172
163
147
121
116
139
172
193
196
194
193
195
192
183
174
169
172
177
186
195
198
193
186
177
176
176
180
178
172
169
158
142
122
98
80
61
42
33
38
63
93
102
97
89
91
111
136
149
154
151
149
152
152
150
154
152
149
148
145
144
143
140
136
134
123
119
116
114
113
113
113
110
107
104
102
104
103
102
97
91
86
83
83
84
84
82
78
74
71
71
72
70
138
124
112
92
78
61
68
100
147
183
197
194
191
192
192
181
172
172
175
182
192
201
201
197
191
184
178
173
172
166
157
151
142
127
109
82
62
43
32
29
36
64
90
99
97
94
102
119
137
143
147
145
145
150
151
150
152
150
147
145
143
142
142
139
135
133
119
115
113
112
111
111
112
111
109
105
104
103
103
100
95
90
85
82
83
85
86
83
80
74
72
70
72
71
79
66
51
41
30
28
42
75
129
175
194
191
191
189
184
178
173
173
178
188
197
201
200
194
189
189
186
178
170
158
147
140
130
112
93
74
52
40
36
40
56
74
90
94
94
100
115
130
138
146
142
142
143
147
148
147
147
149
145
143
141
140
139
139
136
133
117
112
110
110
109
110
112
112
112
110
107
104
102
98
93
89
84
83
84
86
85
83
78
76
71
73
71
65
40
35
26
27
22
17
29
65
120
165
195
192
190
187
182
175
175
179
185
193
200
202
199
194
192
193
193
182
169
154
138
129
117
101
84
70
56
52
52
59
74
90
96
100
100
107
124
136
139
142
140
140
142
145
147
147
147
149
145
144
141
137
136
136
133
131
118
113
111
111
108
108
109
109
109
108
104
101
99
96
90
85
83
82
84
85
84
82
78
76
72
73
71
64
29
27
21
27
26
18
21
48
103
153
189
191
189
186
178
173
176
183
189
193
197
196
196
193
192
194
194
182
171
157
143
135
125
113
99
89
80
78
81
89
97
107
111
114
115
120
131
138
137
137
139
139
142
145
147
148
149
150
146
145
143
139
136
134
131
129
121
116
114
113
109
107
107
106
107
107
104
98
94
92
88
83
82
82
83
84
83
80
74
72
71
70
67
63
23
20
20
22
23
19
16
31
84
145
181
187
188
184
177
170
175
184
189
188
187
187
192
194
192
191
195
186
178
171
163
156
149
140
134
125
116
111
112
112
116
120
124
128
128
130
133
135
134
135
139
139
141
145
147
148
147
148
146
146
145
141
137
133
130
127
124
119
116
114
110
107
106
106
104
106
102
95
90
89
86
81
81
81
82
84
81
76
71
68
67
64
61
59
20
18
18
17
16
17
13
20
70
135
171
185
185
182
176
167
172
178
182
182
180
183
191
194
193
192
190
186
182
180
178
175
171
167
162
155
146
140
137
134
133
132
133
134
132
131
132
134
134
136
137
138
140
145
147
147
146
145
145
146
145
142
139
134
129
127
124
119
116
113
109
105
103
102
101
101
98
90
86
86
83
80
80
80
82
83
81
75
69
65
62
58
57
56
18
16
18
18
16
16
13
16
60
120
162
181
184
180
173
165
170
174
175
177
179
182
186
190
192
192
189
186
182
182
181
182
180
179
175
169
162
156
152
149
144
142
141
136
133
132
132
133
133
133
133
135
139
143
147
148
147
146
145
146
145
142
138
134
129
126
124
118
114
111
106
100
99
97
96
95
91
87
84
84
83
82
82
80
82
82
81
75
68
64
59
56
55
55
14
10
11
13
10
13
12
13
48
101
148
174
183
179
174
166
171
172
172
175
175
178
182
185
187
189
190
189
184
180
182
182
180
179
177
171
166
161
154
149
146
145
145
141
136
134
133
132
130
129
130
133
137
142
148
151
152
151
149
149
146
142
138
133
127
124
121
115
111
107
101
96
94
90
90
88
86
85
85
84
84
84
83
81
80
80
79
75
68
64
58
55
54
54
10
7
10
10
8
14
12
7
34
84
134
168
181
180
176
170
172
172
173
173
172
174
179
183
183
183
183
184
182
179
183
184
182
181
179
174
167
161
155
149
147
147
144
143
143
140
133
130
129
127
128
131
135
141
149
153
155
154
154
153
149
143
138
132
125
122
116
110
107
103
98
93
88
85
86
83
82
84
85
84
84
85
85
82
79
77
77
73
66
61
55
53
53
52
9
8
10
10
11
10
11
7
23
66
120
164
179
182
180
174
174
168
170
168
170
176
178
181
185
187
183
184
184
185
184
185
186
189
185
181
169
163
157
151
150
146
145
143
143
138
129
123
122
121
123
126
131
139
146
151
153
154
155
155
151
144
138
129
122
116
111
108
104
101
97
90
87
85
83
83
83
82
83
85
85
85
84
81
78
74
72
70
64
59
54
52
53
52
9
8
7
7
10
10
11
6
15
51
104
154
174
179
180
172
168
164
161
164
168
173
178
184
189
191
188
189
189
190
187
184
183
183
184
181
171
164
158
149
146
146
142
138
134
131
125
120
118
115
117
119
126
134
143
149
153
155
153
153
151
144
136
128
119
114
109
107
103
100
97
90
87
86
85
84
83
81
82
83
84
84
81
79
74
71
68
66
60
57
53
51
52
51
8
7
6
7
10
8
9
6
10
35
89
142
169
177
180
169
162
157
151
159
165
169
176
185
191
195
196
196
196
195
190
185
182
183
180
181
171
166
161
151
145
143
136
130
127
123
117
114
110
107
110
113
120
129
137
144
146
149
149
150
147
142
135
127
119
113
108
107
104
100
95
92
88
87
86
85
83
80
81
82
83
83
81
77
72
67
65
60
57
56
52
48
49
49
7
5
5
7
7
4
8
7
8
27
76
133
163
172
176
168
159
152
145
153
159
165
174
180
187
193
194
195
198
197
192
187
188
191
191
191
180
169
165
155
148
143
137
133
131
126
117
111
108
106
105
107
114
126
136
142
144
142
142
143
143
139
133
125
117
113
108
107
102
98
94
92
89
87
87
86
84
81
81
83
83
83
81
74
69
67
63
59
55
56
49
45
44
48
5
4
4
4
4
1
6
8
7
18
62
119
155
166
177
173
161
151
146
150
156
166
171
174
176
179
180
185
191
195
194
193
195
197
199
197
181
167
161
155
149
145
140
134
129
121
112
106
103
101
98
100
106
119
130
137
138
137
136
138
139
137
129
122
115
112
107
104
100
94
92
91
89
87
87
86
84
82
82
83
82
82
78
72
68
65
61
55
52
53
46
43
41
44
4
3
3
3
3
1
6
11
5
11
46
102
144
165
179
179
167
155
143
142
150
160
162
157
152
148
153
159
166
173
175
179
180
183
183
178
169
161
156
150
147
142
138
129
121
115
110
108
107
104
103
104
107
114
120
126
128
128
130
132
135
134
128
117
111
107
105
103
98
93
90
90
89
87
85
84
83
81
81
81
79
79
73
68
65
61
57
51
47
47
43
41
39
43
3
3
3
3
4
2
8
11
4
7
31
79
128
160
178
179
169
159
151
147
157
169
168
164
156
144
144
144
144
146
151
159
164
166
153
145
143
147
139
129
129
125
124
117
111
108
105
106
106
103
104
107
110
110
111
114
118
123
125
129
135
136
128
116
107
102
102
102
98
92
88
87
86
84
83
82
79
77
76
75
73
72
68
64
59
56
52
48
44
42
41
40
41
43
3
3
5
3
5
2
6
11
4
5
18
62
116
155
172
173
166
159
154
151
162
176
177
178
172
155
140
134
124
118
125
138
145
148
131
118
117
122
110
97
98
98
98
94
92
89
85
84
85
84
88
94
102
102
100
101
109
118
121
127
134
138
131
117
106
100
99
100
98
90
84
82
80
79
82
81
77
74
72
71
70
66
62
58
55
52
48
45
42
40
39
42
43
44
3
3
3
5
4
1
3
5
3
3
12
42
102
144
167
169
168
161
156
162
172
183
188
189
180
170
150
134
114
104
108
123
140
151
144
133
125
120
109
99
93
90
86
80
71
62
56
54
54
54
62
73
87
95
99
101
105
113
118
126
133
141
138
123
110
100
99
100
96
87
81
78
78
78
79
78
76
72
68
67
65
61
56
52
48
46
44
44
42
38
40
43
44
40
3
3
2
4
3
2
3
4
3
5
5
25
85
136
160
166
168
164
162
167
178
187
193
194
189
181
166
150
124
108
107
122
142
157
159
154
152
145
131
118
107
98
92
82
68
56
48
43
43
43
54
68
84
95
99
100
102
108
115
125
134
142
136
122
110
101
98
96
92
85
79
78
78
77
77
76
73
69
65
64
63
57
52
47
43
42
40
42
42
40
42
45
45
37
2
1
2
2
2
3
4
2
3
7
5
12
64
123
155
167
173
167
168
172
181
191
195
196
193
189
181
165
141
121
112
121
140
155
165
168
173
171
158
148
135
123
106
94
78
65
59
55
56
61
70
84
97
102
103
100
100
103
112
122
133
139
135
120
109
100
95
92
86
81
79
79
78
77
75
73
71
66
63
61
58
53
48
43
40
38
38
39
42
41
44
46
43
33
1
1
2
2
2
2
2
2
3
7
7
10
48
105
147
167
172
171
172
175
183
190
193
192
191
189
185
176
161
142
129
127
136
145
145
149
157
161
156
151
143
131
121
110
100
93
89
86
92
99
103
111
115
113
109
106
103
104
111
121
131
138
132
117
105
95
89
86
81
77
77
78
78
77
73
71
70
66
61
60
57
51
47
42
39
37
37
38
41
40
46
47
41
28
1
1
3
2
1
0
1
3
4
7
5
9
33
82
134
165
169
173
176
179
186
192
194
192
190
189
185
182
174
162
148
140
137
138
135
136
142
148
148
145
140
133
130
123
119
119
116
113
114
119
118
121
120
115
113
112
112
112
114
124
132
137
130
115
102
92
85
81
77
74
77
78
78
78
73
71
68
65
61
60
56
50
45
41
38
36
35
37
41
41
46
44
34
23
1
1
2
2
0
0
2
5
6
8
6
8
17
58
120
163
169
172
177
180
188
194
196
196
194
192
186
185
180
174
163
154
147
147
142
139
143
150
150
148
143
137
134
134
134
135
133
127
123
123
117
119
118
117
116
117
118
120
124
132
139
141
132
116
101
88
83
79
74
74
77
79
80
79
75
71
68
65
61
58
53
47
41
38
35
33
33
36
42
44
43
36
26
16
1
1
2
1
1
1
4
5
6
10
12
9
9
40
99
154
167
171
176
180
188
193
195
197
196
191
187
186
183
179
173
168
164
164
160
155
159
165
164
161
154
149
141
138
137
139
137
131
125
121
116
119
119
121
122
121
120
122
132
141
145
144
132
114
99
86
79
76
73
74
77
78
79
79
74
70
66
62
58
53
47
40
36
32
33
33
32
38
42
43
38
27
15
9
2
1
2
1
2
4
6
3
5
11
12
9
9
30
77
134
161
172
176
179
187
191
194
197
195
188
185
184
183
182
180
177
177
177
173
169
171
173
169
165
159
151
144
140
134
132
131
129
124
119
117
120
123
126
124
121
119
124
135
145
149
146
132
113
97
85
76
74
71
72
74
75
77
77
73
67
62
59
53
48
40
32
30
30
32
33
33
36
40
40
34
21
9
7
1
1
2
2
3
7
10
6
5
13
17
11
8
25
50
101
146
167
179
183
186
193
191
196
196
191
187
182
178
177
177
177
177
178
176
174
170
169
166
160
150
144
137
133
128
126
126
124
123
122
121
124
127
126
122
117
118
123
131
140
142
140
129
114
96
82
73
70
70
72
73
76
78
75
70
66
60
55
48
41
33
31
28
31
35
36
34
35
36
36
25
14
5
2
1
1
3
3
4
8
13
9
7
13
16
17
9
21
36
73
129
160
177
185
188
193
193
200
200
196
188
184
177
173
170
169
166
166
167
163
160
158
155
148
140
135
131
125
123
120
120
119
122
125
127
129
129
125
121
117
118
122
129
136
139
135
126
111
94
82
73
71
70
73
74
78
78
73
67
61
57
52
45
39
32
30
30
32
34
34
34
36
35
31
21
11
4
2
1
2
3
4
5
9
12
11
9
11
14
20
13
16
21
40
99
142
170
187
192
192
194
201
201
198
190
185
175
166
160
155
150
146
144
141
136
135
132
129
125
121
119
117
115
113
112
113
119
125
128
131
129
126
123
122
122
123
127
131
134
130
120
108
93
82
73
72
72
74
76
79
75
69
61
56
51
46
42
38
32
31
35
35
35
33
31
34
32
24
15
7
2
2
1
2
3
4
5
7
8
8
8
9
12
18
21
19
18
23
68
114
153
182
190
188
189
197
197
197
189
187
178
167
158
152
144
137
128
123
119
116
116
115
113
111
110
111
111
112
111
113
119
125
128
132
133
130
131
130
127
123
125
127
128
125
117
106
91
81
73
74
75
76
76
76
71
63
54
51
45
42
38
35
33
33
36
36
37
33
30
34
32
20
9
4
2
3
2
2
3
4
5
4
3
7
10
11
12
14
23
22
23
22
45
85
130
168
185
188
189
194
194
197
193
192
186
176
170
162
152
142
130
123
116
113
112
112
110
110
110
110
112
113
116
118
123
130
131
137
138
138
139
137
130
121
124
122
121
118
114
104
90
79
73
74
76
76
73
71
65
57
49
45
40
36
34
34
36
35
35
35
36
36
37
39
33
18
7
2
2
4
2
3
3
4
7
5
4
9
15
18
15
11
19
19
24
25
30
59
108
150
177
189
191
193
193
198
195
194
190
185
179
173
164
155
140
134
129
124
122
122
122
121
120
118
120
121
123
126
132
136
139
145
146
146
145
141
132
124
121
119
116
114
110
103
90
79
72
71
71
71
68
63
56
48
43
41
38
35
34
36
37
37
35
36
38
45
53
48
30
14
5
2
2
5
3
3
5
4
8
8
8
13
20
22
17
12
16
17
22
27
26
44
81
123
159
184
190
189
191
199
196
194
191
186
184
180
174
167
160
155
149
146
146
145
144
142
137
135
135
135
135
137
140
145
148
154
157
155
150
141
130
124
118
116
113
111
108
101
89
79
69
64
63
62
60
55
48
41
38
39
38
37
38
40
40
39
37
42
50
63
71
55
27
9
3
1
2
6
3
3
5
4
8
10
10
15
21
22
20
15
14
17
21
27
27
37
53
96
140
175
185
186
189
200
199
196
192
188
187
186
183
177
174
170
165
162
161
159
156
154
153
151
150
150
149
148
149
151
157
163
166
162
151
138
126
121
117
114
111
110
105
97
87
78
69
61
55
56
54
49
42
37
35
37
40
40
41
44
42
41
40
51
64
79
82
57
23
7
3
1
1
6
4
4
5
7
7
9
12
11
12
16
21
21
20
18
22
28
31
30
35
68
120
163
178
180
188
199
199
198
196
192
190
188
188
187
185
179
177
176
172
171
170
165
165
163
161
160
157
155
156
160
166
173
173
162
149
135
127
124
117
111
106
101
94
88
81
75
66
56
50
49
48
45
42
43
43
42
39
36
39
45
43
40
52
74
90
95
81
40
8
6
3
2
3
5
4
4
5
7
8
10
13
13
14
16
21
22
20
19
23
29
31
29
23
44
90
140
172
183
186
188
195
193
189
188
192
195
195
192
187
181
179
178
176
178
179
174
170
168
166
165
163
162
163
166
167
171
169
161
148
134
126
122
117
110
106
100
92
81
71
63
54
53
51
47
43
42
42
42
41
41
41
38
37
41
46
51
77
104
114
97
65
27
5
4
4
3
3
5
5
5
7
8
9
12
15
16
15
19
21
23
23
21
23
28
30
28
21
30
65
114
156
178
185
186
197
196
195
192
191
193
192
188
184
176
174
174
175
180
182
178
172
168
165
163
163
163
164
165
168
169
165
156
145
133
124
118
114
109
104
98
87
74
60
51
42
49
51
46
40
40
41
41
44
42
39
38
39
43
57
71
102
124
124
88
43
13
5
5
4
3
4
5
6
6
8
9
10
13
16
18
17
19
22
23
23
24
23
26
28
30
22
23
42
82
127
162
182
189
195
197
197
190
188
190
191
188
185
178
175
176
179
182
184
180
178
172
165
162
162
163
163
164
162
161
156
149
137
129
120
114
107
100
94
88
78
67
56
46
41
48
52
47
44
44
44
42
42
37
34
40
52
68
90
106
127
131
115
70
27
8
7
5
4
3
4
5
5
6
8
10
10
13
17
19
17
18
22
21
22
26
25
22
26
32
26
19
25
56
104
151
176
182
189
190
188
184
185
191
194
190
190
181
176
177
179
184
187
184
180
173
165
162
161
161
160
158
154
150
146
137
128
120
114
106
99
89
78
71
65
60
57
52
50
51
53
53
52
49
45
41
38
39
39
54
77
101
125
136
138
119
88
51
17
5
8
5
7
4
5
5
6
7
10
12
12
14
18
20
18
18
21
20
23
26
26
23
26
32
31
24
25
46
94
145
172
172
180
183
184
183
184
189
191
189
185
177
171
170
173
180
185
183
176
170
161
156
156
156
154
152
146
140
136
129
119
113
107
99
90
80
68
61
58
57
60
60
58
53
50
50
48
41
37
36
39
51
63
82
105
126
145
146
131
100
64
34
10
5
8
8
9
6
6
5
7
9
12
15
16
16
20
20
19
20
21
20
23
25
27
27
28
30
29
25
23
39
86
145
177
178
175
178
180
181
181
183
184
183
175
168
165
168
171
178
182
180
172
165
158
153
152
152
149
145
140
132
127
121
112
107
99
88
79
72
64
60
57
57
58
57
54
46
42
43
39
34
34
40
51
74
93
114
130
141
148
141
120
87
53
25
8
5
10
10
11
8
6
5
8
10
13
16
17
18
21
22
21
20
21
21
23
25
28
30
29
27
24
21
16
31
85
157
197
198
185
180
175
173
174
175
176
172
166
161
162
167
171
177
179
175
168
160
153
149
147
146
143
138
133
124
118
113
104
99
90
76
70
64
62
61
58
55
52
47
43
39
38
37
35
33
42
54
79
103
122
139
146
143
139
123
100
71
39
15
5
6
12
12
11
8
6
5
9
12
15
18
20
20
21
22
21
19
21
22
24
25
26
31
32
29
21
18
14
27
78
161
213
218
199
184
172
170
170
168
167
166
165
162
164
169
173
177
176
171
165
155
148
144
140
136
129
122
116
113
109
100
92
84
75
65
63
60
56
55
52
48
44
41
36
35
31
30
33
44
64
82
106
125
140
147
149
146
137
122
91
54
16
7
8
6
12
11
10
8
7
6
11
12
16
19
20
21
23
25
22
21
19
20
24
26
27
32
32
28
22
21
15
25
72
158
219
235
219
206
192
181
168
161
161
161
157
155
159
165
168
166
165
163
154
144
138
137
132
123
118
114
106
100
94
86
79
74
68
61
54
52
47
43
40
40
40
42
33
30
29
34
48
67
92
112
134
141
146
150
148
144
130
107
77
39
7
3
10
12
14
9
10
8
7
7
12
13
16
19
21
22
24
24
23
22
20
21
24
26
28
31
31
27
23
24
22
29
68
151
216
243
239
231
216
197
178
165
156
151
150
144
147
157
161
159
152
148
141
130
125
124
117
106
102
103
99
93
84
75
67
61
57
52
46
44
40
37
36
37
40
43
39
35
36
49
72
93
114
133
146
148
149
149
148
143
120
87
57
25
8
5
9
11
12
9
10
8
7
7
