91
92
99
114
134
146
161
184
206
225
236
237
240
241
242
242
243
243
242
242
243
243
242
241
237
234
229
227
228
226
222
222
222
216
211
207
204
204
202
199
198
199
198
197
196
194
193
192
192
192
196
201
205
204
201
198
196
198
198
199
199
201
204
205
208
215
218
214
212
214
211
207
209
207
205
204
202
195
176
145
115
97
100
102
102
98
93
96
111
156
213
241
246
244
95
95
106
123
143
156
176
201
221
235
240
242
244
246
246
245
245
246
244
245
245
244
243
241
236
232
226
224
227
226
221
222
223
216
207
206
205
205
201
197
196
199
199
197
196
195
194
194
193
192
195
199
200
200
200
199
197
197
195
195
195
197
201
201
205
213
219
215
214
215
210
205
206
204
201
204
204
199
188
166
133
105
89
90
99
101
98
97
98
128
184
227
240
238
91
97
105
125
150
172
197
218
232
244
244
246
248
249
249
249
248
248
246
245
243
241
243
241
233
229
221
223
224
225
223
222
219
216
206
205
203
202
198
194
193
196
196
196
195
193
192
193
192
192
196
197
196
196
197
198
197
193
191
190
190
194
197
199
204
210
215
215
216
213
207
204
202
200
202
206
204
207
199
182
157
114
83
78
93
99
101
97
95
104
153
211
236
237
87
93
105
128
160
192
219
233
239
246
248
249
250
250
250
250
249
249
246
245
242
241
241
240
234
230
223
224
224
224
221
219
216
211
206
204
201
198
195
192
192
194
193
192
191
190
190
191
191
192
193
194
194
193
193
195
195
193
190
190
190
193
196
199
203
206
211
212
213
211
204
200
199
198
201
207
205
208
206
196
175
132
90
76
84
93
100
97
90
94
136
196
231
240
94
93
100
129
171
211
238
244
246
249
250
251
251
250
250
250
250
249
245
244
242
239
240
240
235
232
225
224
223
222
217
214
209
204
204
201
197
192
189
189
191
191
189
189
189
188
188
189
190
190
193
194
194
192
191
194
195
195
194
194
193
193
195
197
199
199
204
204
206
206
200
196
195
195
197
205
204
206
206
204
189
153
106
79
75
84
96
94
91
92
121
178
225
245
101
90
96
134
181
222
245
248
249
251
252
252
252
251
251
252
250
248
246
244
241
238
239
239
236
229
223
221
219
217
211
207
202
197
198
197
192
186
184
187
189
189
187
186
187
186
186
185
186
187
190
191
190
187
186
187
189
190
192
193
193
190
190
192
194
194
196
195
199
201
196
193
192
193
195
204
204
205
205
206
198
172
130
92
75
78
89
90
91
92
109
159
213
244
94
75
98
141
189
226
245
248
250
252
253
252
253
251
252
252
251
249
247
243
239
238
237
238
232
224
216
213
211
209
204
199
195
191
190
191
188
183
181
183
186
186
185
184
184
184
184
184
184
185
187
188
188
187
184
182
181
180
184
187
186
184
183
185
188
189
189
189
192
196
194
193
193
194
194
199
200
202
205
207
203
187
153
108
80
77
86
88
89
84
92
134
194
238
78
66
96
143
191
227
245
249
253
250
252
254
254
254
254
253
251
250
246
241
240
238
236
235
229
217
206
204
203
202
197
192
189
185
184
185
184
180
178
180
182
183
183
183
183
183
183
184
184
185
185
187
188
189
186
183
178
175
180
183
184
181
180
182
184
185
185
185
189
193
191
191
192
193
196
197
196
201
206
208
204
193
167
122
89
80
88
92
90
76
77
113
177
232
71
73
96
148
196
232
247
250
253
251
254
254
254
254
254
253
251
251
245
241
239
238
235
233
226
213
202
201
201
199
193
187
182
179
179
180
180
178
177
178
180
180
182
181
179
180
180
182
183
184
183
183
184
187
186
184
180
178
181
183
184
184
183
183
183
182
185
186
189
189
186
185
188
189
195
198
200
205
209
209
206
198
175
135
100
85
88
95
93
75
71
97
158
222
73
81
104
158
208
241
250
248
252
253
254
254
254
254
253
252
251
250
245
241
240
239
234
232
225
211
202
201
202
201
192
185
179
175
176
176
177
177
177
178
179
179
179
178
176
176
176
178
180
182
183
182
182
183
186
187
187
186
180
181
184
185
186
185
183
182
187
190
192
188
183
181
184
185
186
194
201
205
207
207
206
203
182
145
110
87
84
91
94
77
69
86
142
211
84
98
124
177
225
246
249
249
252
252
251
252
252
252
251
251
249
248
246
243
240
237
231
226
221
212
208
210
211
205
191
181
178
174
174
173
175
177
180
182
181
180
181
175
172
173
173
172
175
179
181
182
182
182
181
180
180
180
177
172
169
173
177
176
175
177
180
183
187
186
182
181
182
185
185
191
196
196
199
204
205
203
183
152
113
89
83
78
91
80
72
84
123
202
99
110
141
193
235
248
247
248
252
253
250
251
251
251
250
250
248
247
244
241
239
235
227
223
218
211
210
211
210
201
185
175
174
172
172
173
174
176
179
180
180
179
176
172
169
171
173
173
174
176
179
178
176
174
174
173
173
173
169
166
166
169
170
169
167
168
170
173
176
174
172
176
180
183
184
189
192
192
195
201
202
198
184
157
119
95
85
75
89
84
81
85
119
195
107
117
146
198
238
246
243
245
250
250
247
249
251
250
250
249
248
246
242
237
235
233
225
219
214
207
200
202
202
193
178
171
171
170
170
172
174
175
175
175
175
174
171
169
168
171
175
177
178
178
180
178
175
175
175
175
174
173
172
173
174
176
176
174
173
172
176
176
173
165
162
167
172
174
181
185
188
189
193
197
197
194
180
158
122
102
90
75
90
93
86
83
116
190
109
113
139
192
233
244
244
247
250
246
245
248
250
249
249
248
247
244
240
234
231
229
223
217
211
203
195
195
196
188
175
168
168
166
169
169
170
171
170
169
168
169
167
168
169
172
177
182
183
183
181
179
178
180
182
183
181
178
180
182
184
183
182
180
178
176
176
176
172
166
163
166
169
171
176
179
184
188
190
191
191
191
184
163
126
106
94
74
86
91
84
78
113
185
109
110
137
186
226
240
242
246
247
244
241
245
247
247
247
247
245
242
236
230
227
225
220
216
211
203
202
198
194
185
172
166
165
163
165
165
165
165
164
163
164
165
166
169
172
175
179
183
184
184
181
180
180
182
185
187
185
183
182
183
183
181
180
178
176
173
169
169
170
172
171
170
169
170
172
174
179
185
186
184
185
190
190
167
127
105
93
76
81
85
78
73
107
175
101
112
139
179
214
231
240
241
244
243
241
245
246
246
245
245
242
238
233
229
226
223
217
215
212
205
198
192
186
177
166
163
165
165
162
161
162
163
163
162
164
167
170
173
177
178
179
180
180
180
177
175
173
174
177
179
179
178
178
178
179
179
178
179
177
176
174
172
173
175
175
173
171
173
175
173
176
181
182
181
185
192
192
167
128
101
89
79
77
77
72
70
102
164
98
112
139
171
202
225
237
239
241
241
240
243
244
243
242
242
238
233
227
225
223
221
218
216
209
197
181
179
177
172
165
164
167
167
162
162
163
165
165
165
168
171
173
175
176
177
176
174
174
174
169
166
164
164
166
168
170
171
173
173
175
176
177
178
178
178
180
177
175
175
175
176
177
179
178
174
173
178
182
185
187
190
190
166
133
101
86
81
69
65
66
65
92
149
108
111
133
160
190
218
232
232
231
233
238
241
241
239
239
238
234
226
223
219
218
218
219
217
203
185
172
174
177
176
169
167
168
165
165
164
166
168
168
168
170
173
173
172
171
170
169
168
169
170
169
168
166
166
168
170
172
173
173
174
176
178
178
177
177
178
178
178
177
176
175
177
177
176
177
173
171
175
182
187
186
184
179
159
134
102
86
84
67
60
63
60
79
131
118
113
123
158
187
211
225
227
232
229
231
235
238
237
235
233
225
219
213
208
210
215
214
211
199
181
173
176
182
181
171
167
168
165
166
166
167
167
166
168
170
169
167
164
163
165
167
169
173
177
176
176
176
174
175
180
184
182
184
185
187
189
188
185
181
178
179
180
180
178
175
174
176
177
177
176
174
174
178
182
183
181
176
158
132
105
86
73
80
62
55
73
87
119
112
115
132
162
185
203
215
220
226
226
223
230
234
232
230
226
218
209
205
204
207
210
212
213
202
183
174
174
178
178
170
169
173
173
172
170
169
168
165
167
169
169
167
165
165
167
169
170
173
177
177
177
178
178
178
180
181
178
178
178
180
183
184
183
180
178
182
184
184
182
179
178
178
179
179
177
175
175
177
180
182
183
177
160
135
111
92
75
78
60
53
72
96
125
102
115
141
166
181
194
204
213
222
223
218
226
230
228
223
218
210
202
204
205
209
211
214
218
210
194
183
181
183
182
175
173
177
177
176
172
170
168
166
167
169
170
168
168
169
170
170
169
170
173
173
172
173
175
175
176
177
175
171
170
172
176
181
183
182
181
183
185
187
186
183
182
182
182
180
178
175
174
174
174
177
181
177
162
140
116
95
75
76
62
50
68
102
131
106
115
135
157
171
184
198
210
219
221
216
224
228
226
222
216
210
204
202
203
206
206
208
211
206
196
189
187
189
190
186
182
182
182
178
173
170
170
169
169
170
169
168
171
173
173
171
167
166
167
166
163
165
168
171
172
173
173
169
168
168
173
179
183
183
183
181
183
185
186
185
185
184
184
181
178
175
174
172
171
173
176
177
166
147
121
96
78
80
70
55
66
97
129
111
114
127
146
163
178
194
208
215
217
213
218
224
226
223
216
210
206
203
201
202
201
200
199
198
196
193
192
193
195
193
187
184
182
181
174
172
173
173
172
170
167
168
171
175
175
172
169
168
168
164
161
163
167
170
172
174
174
171
169
168
172
178
181
182
181
180
181
182
183
185
185
184
183
181
178
176
176
175
172
172
173
177
170
152
125
100
87
86
75
61
67
92
126
106
113
129
145
162
176
190
200
207
211
209
214
218
220
219
215
210
206
203
200
199
197
196
194
195
197
199
197
195
194
193
188
184
182
180
174
173
177
178
174
170
167
170
174
177
176
172
170
170
171
165
163
164
169
170
171
172
171
169
168
167
170
176
180
181
181
181
181
181
182
183
183
182
182
181
179
177
178
178
175
173
173
173
167
150
125
105
94
87
74
60
68
95
131
101
112
134
147
161
171
181
190
197
207
209
212
213
212
214
215
212
208
209
207
205
204
205
205
205
208
205
202
196
192
192
190
188
187
176
172
173
178
178
173
170
169
171
174
176
173
168
166
168
171
166
164
163
165
165
166
168
167
166
165
165
168
172
176
179
181
180
181
181
180
179
179
180
181
181
180
179
179
179
177
175
172
169
163
148
126
108
98
90
79
63
71
100
134
96
107
131
142
154
163
170
181
192
208
211
213
211
206
209
217
217
213
208
208
206
205
208
212
212
212
216
210
200
192
190
188
186
184
176
172
174
178
176
170
167
167
169
171
171
167
162
162
165
169
167
164
162
161
160
163
166
166
166
164
164
165
168
172
175
177
179
180
180
178
175
176
178
181
182
182
181
179
179
177
175
172
168
164
151
131
112
101
96
91
75
78
102
129
90
110
120
140
151
150
156
175
194
207
212
216
213
210
210
219
219
213
211
207
203
204
209
213
214
213
217
210
201
193
186
183
181
177
177
176
176
177
177
169
163
162
160
159
162
164
160
161
163
166
164
166
161
159
158
160
163
161
163
162
162
161
163
166
169
170
176
180
180
178
176
175
177
181
185
186
183
181
182
181
177
174
174
170
167
146
120
106
108
107
93
87
92
120
83
99
113
132
142
141
150
171
192
205
209
214
212
211
210
219
219
219
220
215
210
212
217
219
217
212
211
207
198
188
182
180
177
173
176
177
179
178
174
168
161
157
150
147
149
150
149
152
156
162
161
163
159
158
158
159
162
159
159
157
155
152
150
150
152
154
163
170
175
176
176
175
177
180
185
186
185
184
186
187
183
180
181
181
175
161
137
114
106
113
112
95
91
111
81
88
109
129
141
145
156
174
190
199
203
208
209
211
210
216
220
223
225
220
217
216
221
224
220
215
213
212
203
191
187
187
186
184
183
181
180
174
166
160
153
143
134
128
131
133
135
141
147
155
157
158
155
155
157
157
159
156
153
150
145
138
132
127
127
128
138
149
159
165
170
173
175
177
181
183
182
184
189
191
189
187
186
186
176
170
150
119
99
113
121
102
99
111
84
87
114
133
148
158
170
180
188
194
200
204
207
212
210
216
221
227
230
230
227
225
226
228
229
228
227
226
215
201
197
196
193
190
187
182
173
159
141
132
126
117
110
105
109
115
122
131
141
151
153
153
150
151
153
154
154
151
147
142
134
124
113
104
98
95
103
114
125
135
147
157
162
165
166
170
173
177
184
190
192
194
191
186
174
173
159
123
99
109
117
108
110
117
93
106
128
142
156
172
184
190
196
204
207
207
206
210
210
215
220
228
233
233
231
228
227
230
234
235
233
230
218
206
200
198
190
183
172
162
149
129
106
95
95
93
89
85
90
99
109
121
134
145
149
148
143
144
145
146
147
144
140
133
124
113
103
90
79
73
72
77
84
94
110
124
131
134
140
146
154
162
171
180
188
194
194
184
178
179
170
135
107
103
111
112
114
115
105
126
137
148
163
181
195
201
206
214
213
209
204
207
207
213
219
228
233
233
230
229
232
237
237
236
226
214
201
189
180
173
161
148
134
120
107
96
85
81
84
86
84
81
87
93
103
117
129
139
143
140
134
134
136
137
139
138
132
127
118
109
101
91
79
71
62
62
60
65
76
86
93
97
106
117
130
141
151
161
171
180
182
177
180
182
176
141
111
95
103
110
111
110
113
130
142
153
168
184
198
204
207
212
213
207
204
207
210
216
222
231
239
239
238
238
240
240
237
232
214
192
173
161
147
135
122
106
92
82
73
73
76
79
83
86
86
86
94
101
108
120
128
133
137
134
128
128
129
131
134
134
130
125
116
106
100
93
82
72
63
60
54
52
55
59
65
72
84
97
111
123
132
139
147
155
160
168
176
183
178
144
108
90
94
105
110
109
124
135
153
164
174
185
198
205
209
212
211
208
206
213
216
223
229
237
237
240
240
239
235
231
222
213
188
158
136
124
111
101
90
75
66
65
64
64
67
70
75
81
83
87
99
107
115
125
130
133
134
131
126
126
128
130
133
135
131
126
115
103
95
88
76
66
59
56
50
46
45
46
54
64
75
88
104
115
122
125
130
136
146
165
175
185
177
146
107
94
91
102
111
108
155
147
157
171
184
194
205
212
216
218
217
220
222
219
226
232
237
236
240
238
238
235
225
212
196
181
154
133
114
105
96
84
71
60
51
49
49
52
60
68
74
77
82
89
98
107
118
125
126
126
132
130
127
129
131
134
137
133
129
124
116
104
93
86
78
65
57
51
48
45
48
53
58
67
75
87
101
106
113
117
115
123
136
156
178
183
175
151
114
91
92
103
120
115
167
161
160
177
194
204
211
215
216
219
220
223
227
225
233
237
239
235
237
235
232
221
199
176
156
146
125
112
102
94
81
69
59
50
46
46
50
57
65
72
78
82
85
88
94
103
114
118
118
119
126
127
129
133
135
135
137
132
125
117
108
101
94
91
82
70
60
56
55
55
56
61
67
75
79
86
95
98
102
106
105
111
124
150
173
181
177
154
112
92
86
101
114
111
170
164
161
183
203
213
218
219
221
224
225
228
231
230
237
240
240
236
232
222
202
177
154
135
119
109
104
96
89
83
73
65
62
57
58
58
62
69
75
77
83
88
91
90
92
100
110
114
113
114
119
125
131
137
139
138
138
131
117
108
99
94
89
86
78
68
58
56
61
62
59
60
62
65
73
79
87
91
97
101
99
98
107
132
153
163
170
158
111
91
78
97
108
104
170
166
163
184
204
213
220
223
226
230
230
230
234
234
239
240
241
238
233
213
177
143
127
122
114
105
98
91
88
85
81
82
83
79
75
72
72
75
78
77
80
85
87
87
86
92
100
105
106
106
119
126
134
141
142
139
134
124
108
99
90
84
76
71
67
62
56
53
59
61
57
60
63
64
67
73
81
85
93
102
100
91
93
112
130
143
154
150
104
75
73
88
99
96
169
169
165
184
202
212
221
226
229
233
232
231
237
239
242
241
240
234
220
193
155
126
113
112
113
111
105
100
97
94
92
92
89
83
77
73
69
68
67
66
69
75
76
77
78
80
89
96
100
103
112
124
137
147
150
147
139
125
103
91
81
73
65
60
61
59
59
53
54
54
50
55
60
61
64
72
75
76
85
98
101
91
90
102
118
125
129
135
108
85
84
91
104
109
159
161
162
181
201
214
227
233
235
236
237
235
239
241
243
241
237
227
202
167
133
116
110
112
119
122
115
109
102
96
87
83
79
73
69
64
58
56
55
56
58
63
64
68
68
70
77
86
95
101
107
121
136
148
153
151
142
127
103
87
74
67
60
57
58
57
55
49
49
44
39
40
42
43
52
63
66
66
75
90
99
95
93
100
110
109
105
109
112
106
103
112
132
153
142
146
157
178
201
218
231
237
237
238
237
236
241
239
241
239
231
212
179
139
110
105
109
121
132
130
117
106
94
85
74
70
68
64
58
55
51
50
51
52
54
56
56
57
57
57
63
74
85
95
104
114
123
126
126
126
121
110
93
80
69
64
60
57
56
50
46
45
45
39
35
35
35
38
44
57
57
55
62
74
90
97
92
98
108
107
102
87
90
92
99
120
143
171
127
134
157
178
202
219
230
235
235
235
232
235
241
238
239
238
222
194
159
125
101
100
111
132
144
136
119
103
87
76
66
60
55
49
47
45
46
47
50
52
53
52
53
52
51
52
57
65
79
92
92
97
96
93
90
95
97
90
78
70
65
63
60
56
53
46
47
46
44
36
33
35
38
44
50
60
54
47
48
55
77
94
99
102
107
111
112
83
79
81
103
136
151
171
108
120
148
174
202
219
231
236
236
236
238
239
242
239
238
232
206
170
131
102
96
106
127
149
159
141
112
79
65
62
55
50
42
37
40
38
39
44
48
51
51
51
53
51
54
51
53
62
65
70
71
79
97
109
115
126
134
131
112
90
73
66
57
54
53
50
49
53
46
38
37
36
38
47
56
65
61
50
48
53
70
93
97
104
115
125
126
86
76
87
116
144
151
146
91
94
124
148
171
186
198
208
218
226
221
222
232
235
235
225
202
173
139
121
121
128
142
154
150
121
88
64
54
50
43
42
40
37
37
37
40
47
52
55
51
49
47
49
56
54
52
59
66
75
80
94
116
135
142
149
148
138
118
95
72
59
55
60
57
48
54
59
54
46
45
43
40
45
59
72
71
63
61
63
71
88
102
111
119
128
127
93
86
99
120
143
149
140
95
84
98
120
139
148
155
161
169
177
178
176
186
197
204
200
192
179
174
161
151
136
125
121
108
79
62
53
58
61
54
48
43
40
37
39
44
50
56
57
52
46
46
49
56
58
59
64
68
73
72
88
111
129
140
151
152
144
127
105
75
53
50
60
62
52
54
61
61
56
59
59
55
55
68
80
83
79
83
82
83
89
105
119
123
129
127
107
105
118
135
146
147
129
120
100
103
126
147
156
158
154
150
149
149
141
145
152
159
155
153
148
142
138
130
108
90
87
84
71
51
49
57
67
62
51
40
36
39
42
46
51
57
58
54
48
47
50
56
60
65
67
65
60
60
81
109
130
144
157
160
154
138
116
82
54
49
61
66
57
52
58
58
59
65
68
68
69
76
86
89
90
99
103
99
98
107
120
124
131
129
118
124
142
151
148
139
114
143
125
133
159
184
197
202
198
186
178
173
165
163
163
160
142
124
111
108
121
128
116
95
81
71
63
60
61
66
72
68
54
44
38
42
46
50
54
58
60
58
54
54
58
61
66
72
72
64
52
53
80
112
136
150
160
162
159
151
131
92
55
48
64
68
57
56
57
57
61
68
70
70
73
76
87
91
96
107
113
110
108
108
116
124
138
132
120
134
159
158
143
130
108
152
143
158
185
208
220
227
230
223
216
210
205
204
204
196
166
134
112
113
133
142
132
107
88
79
82
94
104
102
88
72
59
54
50
53
55
58
60
62
62
61
60
65
62
60
70
81
80
68
52
58
84
116
138
152
161
165
166
165
153
113
62
43
58
66
58
55
54
54
58
64
66
68
72
75
86
94
100
108
113
114
116
111
115
127
140
132
120
144
169
159
141
128
113
148
148
166
191
209
215
222
232
233
230
226
222
222
223
215
184
152
132
129
136
127
110
94
94
103
122
141
148
132
104
82
72
70
69
67
67
66
65
64
62
62
63
66
58
56
75
91
87
74
59
64
87
116
138
152
161
164
166
171
167
135
85
55
56
64
63
55
54
53
56
60
63
67
69
75
84
92
98
107
113
117
121
119
119
128
130
127
133
163
173
156
139
130
118
140
142
162
188
204
206
213
227
233
234
232
228
229
229
223
194
168
154
146
142
119
104
103
113
121
136
144
144
123
103
95
86
80
72
75
71
67
65
63
61
63
66
66
59
61
86
101
93
83
75
77
94
115
135
149
159
164
169
168
167
147
111
81
67
65
66
68
66
63
60
61
66
70
71
77
81
86
94
106
115
121
124
125
126
127
115
122
150
183
172
152
138
129
114
133
138
151
169
181
194
214
230
235
233
230
230
234
234
224
205
188
177
171
166
149
140
148
142
124
115
114
110
99
89
82
77
76
72
73
70
65
61
63
63
66
70
69
67
81
101
105
95
86
86
88
102
119
134
147
155
160
164
163
162
155
134
105
86
78
74
75
75
71
69
73
76
76
78
80
83
86
93
100
112
127
129
123
116
116
118
141
174
190
173
155
145
132
116
137
134
141
147
155
182
214
232
234
231
231
231
235
234
221
203
193
189
190
182
171
171
180
174
144
116
109
105
94
81
73
68
67
66
68
68
65
64
66
68
70
73
74
83
100
109
103
92
88
89
98
108
123
137
148
151
155
160
167
168
164
143
119
104
97
91
76
76
76
79
83
83
84
86
92
95
95
99
103
111
121
124
116
113
123
141
166
185
185
169
156
155
140
118
152
143
137
143
156
187
217
231
233
231
232
232
236
236
226
214
208
206
200
189
184
191
203
203
170
128
118
111
94
78
71
68
68
69
69
70
67
67
70
74
76
78
77
92
104
103
95
91
95
100
106
112
125
140
148
150
153
158
165
170
167
149
128
118
113
107
97
87
83
86
87
87
89
92
97
102
102
105
107
109
115
117
119
130
147
165
179
189
181
165
156
156
144
121
167
161
151
168
185
205
222
231
233
233
232
233
236
236
233
227
218
211
197
193
195
204
214
216
186
146
125
108
89
79
78
79
76
77
77
76
71
69
73
78
81
83
89
96
97
92
92
99
106
109
111
114
125
139
148
151
154
156
162
168
168
153
135
126
124
121
116
103
96
94
90
88
89
90
92
98
100
103
106
108
114
120
137
152
166
178
182
186
176
167
152
149
143
124
181
195
194
208
217
223
230
233
233
229
231
233
235
235
234
231
221
207
196
205
211
212
217
212
186
160
127
106
89
84
84
85
83
84
84
81
77
75
78
84
86
88
92
97
95
93
100
110
114
113
117
118
127
137
146
153
157
153
160
167
170
160
143
132
130
130
129
122
119
115
107
101
98
94
94
98
95
97
104
113
131
145
155
160
166
180
187
185
173
167
146
139
139
123
173
199
224
229
229
228
231
231
231
229
229
233
237
235
233
234
227
214
212
221
218
209
207
201
185
176
151
122
106
93
83
83
82
83
82
80
77
78
82
85
88
91
92
100
105
108
114
117
115
115
121
122
131
143
153
160
163
157
164
168
174
170
153
136
131
132
131
129
130
134
139
142
138
132
128
132
133
138
139
139
146
153
162
165
166
172
179
180
169
161
141
132
134
119
155
191
219
226
223
222
225
227
229
230
228
231
236
236
236
237
235
228
230
230
218
205
204
202
197
193
174
144
130
112
94
92
90
87
82
82
82
85
89
90
92
98
110
117
118
118
122
120
116
117
122
126
143
162
172
176
174
165
171
172
177
176
163
147
138
135
137
133
128
130
138
145
145
143
143
140
138
141
141
142
150
155
160
166
168
163
166
170
166
155
137
127
129
118
146
187
214
224
224
221
224
227
227
224
225
227
232
235
236
237
236
233
232
226
216
210
212
212
203
194
180
154
148
136
119
118
113
101
97
98
100
103
105
104
107
114
123
123
116
113
118
121
120
122
126
133
157
183
192
190
183
172
170
169
172
173
166
154
145
139
140
140
135
131
135
139
145
153
154
149
148
152
150
147
149
148
154
158
164
162
165
165
164
157
137
125
126
120
132
164
206
223
224
217
217
220
221
218
221
223
229
230
232
236
234
234
233
225
218
212
216
212
206
203
184
161
148
142
136
136
130
121
116
114
115
119
119
118
120
123
124
119
109
109
122
121
124
129
136
146
172
198
205
197
181
174
168
165
167
172
170
161
150
142
142
144
138
136
137
139
146
155
155
150
147
150
151
148
150
152
153
153
155
159
156
156
162
159
132
126
128
128
127
157
208
223
224
217
216
218
217
215
213
215
223
228
231
232
229
230
226
225
223
216
214
209
208
204
188
164
149
145
142
144
142
136
131
128
127
127
126
125
124
125
124
121
120
122
128
128
128
131
144
151
176
206
215
198
177
169
167
164
166
171
171
168
160
148
142
140
137
135
135
138
142
150
153
149
144
148
153
153
154
152
151
149
150
155
152
151
159
160
135
134
136
131
157
175
213
226
225
218
214
214
214
212
210
213
221
227
229
226
219
218
215
215
214
212
211
209
211
199
177
165
163
159
150
144
142
139
140
138
134
131
131
131
129
127
125
123
127
130
128
129
126
132
152
159
170
196
207
189
172
167
164
162
163
165
167
172
167
152
142
137
139
138
137
138
141
148
151
149
146
149
153
156
157
155
154
147
144
148
147
149
156
155
142
143
146
131
203
222
223
231
227
217
213
211
213
210
210
214
224
229
227
220
211
209
206
200
199
207
211
208
212
194
181
177
177
166
150
144
143
145
143
141
137
135
136
138
136
131
127
125
126
125
119
121
121
139
170
176
171
182
192
180
168
162
158
155
156
155
156
166
166
154
140
131
136
135
133
137
137
143
147
152
152
153
154
156
159
157
154
150
144
142
143
150
156
153
145
146
149
122
205
226
232
234
228
219
212
210
212
210
209
213
223
229
227
218
209
207
201
193
196
209
210
204
208
197
190
184
176
161
149
149
149
148
142
143
140
137
138
140
137
131
128
128
124
115
108
113
127
164
201
200
182
181
188
174
160
150
152
149
149
148
148
156
163
159
146
132
131
130
133
140
139
140
144
153
156
155
155
157
162
160
150
149
147
142
142
148
155
159
144
144
143
109
196
229
235
236
229
220
212
209
210
209
207
210
221
226
225
215
206
204
196
188
196
210
210
202
205
196
185
179
170
157
148
148
145
141
139
141
141
138
138
139
135
130
128
128
121
108
102
117
151
198
229
221
196
186
185
168
151
144
145
144
144
143
144
150
158
162
155
138
128
125
132
141
140
139
142
150
153
154
156
160
162
158
150
146
145
144
145
146
151
160
145
143
132
96
195
232
234
236
233
224
212
206
208
207
207
210
219
223
221
213
203
200
191
187
198
207
209
202
199
187
180
174
167
155
149
146
142
141
139
142
143
141
139
139
136
132
127
123
116
105
106
133
182
220
231
227
204
182
168
153
142
139
137
138
136
135
137
140
145
151
151
140
126
122
128
136
136
135
138
147
151
153
156
159
160
155
148
142
141
143
146
145
147
157
153
147
123
85
190
227
232
236
235
228
214
205
207
206
205
208
218
222
219
213
203
199
188
191
204
206
204
200
192
178
170
165
163
157
153
148
140
139
139
142
143
140
138
136
133
130
129
118
111
103
112
149
203
226
217
220
204
169
145
133
125
127
129
131
127
125
129
129
130
135
141
140
129
123
127
130
133
134
136
146
151
153
154
155
156
152
141
139
143
143
143
145
147
156
160
151
117
78
180
218
224
233
236
233
219
209
206
204
204
212
216
216
216
210
202
198
187
189
198
205
204
196
183
168
163
161
158
156
156
152
145
140
140
144
142
137
136
130
127
130
128
110
115
102
115
164
207
205
181
177
176
156
133
117
116
116
120
123
126
120
116
122
123
119
124
133
131
128
127
125
130
132
136
146
153
154
151
153
156
152
144
140
142
144
145
146
150
157
166
159
123
74
165
198
216
227
233
230
219
208
205
202
203
211
217
215
211
205
197
190
182
187
196
202
200
191
175
163
156
155
154
154
154
152
147
144
140
143
140
135
133
129
125
125
119
107
111
98
112
158
187
172
131
108
111
119
119
117
120
118
118
118
119
113
112
116
110
100
105
122
126
125
126
126
129
131
137
145
150
153
153
154
157
154
144
139
140
141
142
144
148
157
169
165
126
72
138
174
206
225
234
231
219
205
201
200
204
211
217
213
205
201
196
186
181
189
197
199
196
183
169
159
155
153
153
152
151
148
144
141
138
138
135
131
129
127
122
117
108
105
114
101
104
133
148
129
91
57
53
65
83
108
127
120
106
104
103
100
101
106
99
86
90
116
127
126
128
128
129
132
138
142
146
152
153
154
157
154
145
139
138
138
139
142
147
154
164
165
129
72
136
166
186
215
229
228
219
206
200
198
206
210
215
209
198
200
197
184
186
195
200
198
190
177
164
159
156
154
151
150
147
142
137
135
136
133
130
127
124
122
117
109
102
106
121
111
101
108
112
101
77
50
38
36
52
89
119
119
101
96
91
86
90
98
93
86
92
119
134
133
133
130
128
131
135
139
144
149
150
152
156
154
148
142
140
139
138
141
145
152
162
164
127
72
164
167
177
207
226
226
220
211
203
198
205
208
212
205
195
198
196
181
187
196
199
194
185
170
160
157
155
152
149
147
143
137
133
131
133
130
126
122
119
117
111
104
105
109
122
117
106
99
95
87
76
62
57
53
60
78
103
118
109
101
91
84
89
98
96
94
102
124
140
142
139
131
124
127
131
138
144
147
146
149
155
153
150
145
143
141
140
141
145
152
160
157
119
70
197
188
179
209
229
229
219
209
205
201
203
207
212
205
195
196
193
178
183
192
196
191
179
165
155
154
153
150
147
144
139
133
130
129
128
126
121
116
112
109
106
104
109
116
122
118
109
100
93
86
81
81
85
81
82
80
90
106
110
101
92
89
98
105
104
104
113
127
143
147
145
135
125
124
127
136
142
145
145
148
155
153
151
147
145
141
139
142
146
154
157
144
106
65
211
198
190
211
227
228
219
208
206
205
201
207
212
204
194
195
192
180
180
188
193
188
174
161
154
152
150
147
144
141
135
128
124
125
124
123
117
111
108
104
104
109
112
119
122
121
114
105
99
94
91
94
97
92
89
83
85
95
102
96
93
97
108
115
114
118
124
129
143
149
148
143
132
128
126
132
138
144
146
150
155
155
153
147
145
140
137
140
145
153
148
126
91
61
216
209
216
221
226
229
223
213
208
202
199
206
210
201
192
193
192
185
180
186
191
186
170
158
153
151
146
143
141
138
131
124
121
122
121
121
115
109
107
103
106
116
116
119
120
125
124
116
108
106
105
99
100
95
93
86
88
96
96
95
98
105
115
118
119
127
132
132
143
148
149
148
140
133
125
128
133
143
148
151
156
156
156
149
145
139
134
137
143
151
131
105
76
57
206
198
192
196
208
224
227
222
214
205
195
203
206
199
192
191
191
190
180
176
184
182
161
151
155
150
145
142
138
134
128
123
121
116
120
118
115
108
104
106
112
117
120
118
119
123
123
119
113
110
106
104
101
97
93
93
96
100
99
101
108
114
115
117
123
130
137
141
143
145
149
150
146
137
128
129
131
138
145
149
151
157
155
151
146
135
134
137
142
140
112
76
63
59
204
191
186
197
212
225
227
221
212
201
196
200
202
196
189
191
191
186
175
170
176
172
152
147
155
154
147
145
140
135
127
122
122
118
119
117
113
108
103
106
112
116
116
116
117
119
122
122
118
114
111
109
105
101
98
97
99
102
102
103
109
116
117
118
125
131
140
142
143
143
145
146
143
137
133
131
130
134
140
144
150
155
156
151
143
134
136
141
142
126
87
59
58
59
211
196
187
206
221
227
228
222
213
202
193
197
201
195
186
189
193
189
178
172
174
167
146
144
155
159
152
150
145
140
130
122
121
119
117
116
112
106
103
106
109
113
114
115
116
116
119
122
121
117
112
110
108
104
101
100
102
104
102
103
109
117
119
121
126
130
137
139
140
140
140
142
141
139
137
134
129
129
135
142
148
152
152
149
140
133
135
142
141
113
71
52
60
63
216
201
196
215
224
226
226
222
214
205
192
193
197
195
186
188
193
191
182
173
171
159
140
138
153
158
154
154
150
145
135
124
120
117
116
113
109
103
101
103
107
110
110
112
113
113
114
117
117
116
112
111
108
106
104
102
102
103
100
102
110
118
121
124
127
129
131
133
135
136
137
136
137
138
138
135
129
126
134
142
147
150
146
145
138
132
131
139
141
106
69
57
63
62
205
203
211
220
220
220
224
224
218
210
196
190
191
193
188
189
191
187
179
169
164
153
136
137
151
159
151
151
148
145
134
124
118
114
114
111
105
101
99
102
106
108
108
110
111
111
110
110
111
112
111
110
109
108
106
104
103
102
101
103
112
119
122
124
126
127
127
129
133
136
136
133
133
134
137
135
129
127
133
141
144
146
140
141
136
132
132
139
140
102
68
62
61
58
195
201
218
213
204
210
221
224
218
209
201
195
194
195
188
187
189
187
178
168
159
150
137
138
151
159
148
147
145
142
133
122
118
115
112
109
103
99
99
102
105
106
107
109
110
108
105
105
106
108
107
107
107
109
110
109
107
106
104
105
111
116
118
120
122
124
124
125
130
136
136
132
130
131
135
134
130
130
134
140
142
143
141
139
134
131
135
143
137
96
67
64
59
57
199
198
199
185
177
195
215
220
216
206
202
200
198
193
186
185
188
190
180
167
158
148
137
138
149
154
147
147
145
144
133
122
118
116
111
107
101
98
99
102
103
102
104
108
110
107
107
108
110
110
108
108
110
113
116
116
114
112
109
111
115
120
121
122
124
125
125
124
127
133
135
130
126
125
130
130
128
128
133
137
139
142
142
140
135
129
134
144
131
87
66
63
59
57
217
202
178
157
154
185
215
222
220
211
201
201
194
186
183
186
189
189
185
171
160
150
139
142
151
155
147
149
149
148
135
121
117
114
110
104
99
96
97
99
98
96
99
105
108
106
110
116
120
119
120
120
121
123
125
124
121
119
116
118
124
129
130
131
132
133
129
126
126
132
132
125
121
120
124
124
123
125
130
133
137
141
142
140
137
125
131
142
127
84
67
63
62
61
227
226
206
189
184
201
218
223
220
215
202
191
188
184
188
186
187
191
188
177
163
150
144
144
150
160
150
155
154
146
130
118
115
112
108
100
97
96
93
93
93
89
94
99
105
109
114
122
130
134
134
133
131
130
130
130
129
128
126
125
130
132
134
138
139
141
139
133
131
131
127
121
118
114
116
119
118
120
126
129
132
139
142
143
133
126
133
141
124
85
66
65
65
64
232
234
230
223
223
226
228
225
220
214
198
188
186
186
190
187
188
191
189
179
164
150
144
145
153
160
153
157
153
143
126
115
114
112
107
100
96
94
92
91
88
86
91
97
105
115
123
129
131
131
131
129
126
123
120
120
122
125
124
121
122
119
120
129
133
134
139
140
139
135
127
120
114
110
110
114
114
117
123
127
132
139
142
143
135
131
136
138
118
82
65
64
63
63
233
237
235
240
242
236
230
227
221
214
203
191
189
191
193
186
184
190
190
182
163
151
145
146
156
158
156
158
152
141
122
111
113
115
106
101
95
93
93
89
87
89
89
99
113
122
127
127
126
124
115
110
103
99
99
101
104
107
107
105
104
99
99
108
112
112
118
126
133
131
126
121
113
106
107
110
113
117
122
126
133
140
142
141
136
135
137
134
111
78
67
66
62
62
233
235
236
241
244
238
230
227
220
209
204
191
188
191
191
183
180
187
193
184
164
155
147
144
155
156
158
159
152
140
123
111
113
114
108
104
96
90
88
84
83
88
103
111
117
117
110
102
92
85
89
85
80
78
79
82
86
88
85
85
86
81
81
87
92
95
97
105
112
116
121
120
114
106
106
110
114
118
122
126
134
141
142
140
135
134
136
130
105
77
71
70
64
61
235
235
238
240
241
240
234
227
217
207
199
186
180
183
182
178
176
184
194
186
166
158
149
142
153
158
162
162
155
145
127
113
111
110
105
102
93
86
85
85
90
97
104
101
93
83
77
77
72
66
59
60
61
61
60
61
65
69
68
69
70
65
61
65
72
78
83
87
90
96
106
111
109
107
105
108
114
120
121
125
134
140
141
139
136
134
136
127
99
75
73
72
66
62
237
238
232
235
240
242
236
228
218
210
201
188
178
178
174
174
172
178
191
184
171
161
150
141
151
161
168
168
162
152
134
117
111
106
103
99
91
84
86
90
96
100
100
91
75
61
55
55
52
48
44
47
50
53
54
52
54
55
51
51
55
50
42
40
40
43
51
59
63
72
86
96
101
104
103
106
112
118
119
125
134
139
140
139
138
136
136
125
95
74
73
72
66
62
237
239
234
238
243
243
236
228
219
209
203
191
179
176
172
174
170
175
184
183
179
169
154
145
150
160
171
171
167
156
138
119
111
106
107
101
91
84
83
88
91
88
79
69
57
52
49
42
35
33
35
35
37
41
44
43
40
38
37
37
40
34
27
23
17
13
18
31
40
49
65
82
93
99
101
103
108
116
117
124
134
138
138
135
136
135
133
118
90
76
73
71
68
65
237
239
236
241
244
242
234
228
219
209
195
186
175
172
171
177
174
177
179
184
187
177
160
150
151
159
169
170
166
156
137
118
111
106
109
102
93
87
87
94
94
86
68
48
30
29
32
29
26
28
31
32
34
35
35
33
31
29
31
30
31
26
22
22
16
9
12
25
30
34
53
74
87
95
99
100
105
113
115
122
132
135
135
132
133
132
129
111
86
79
74
71
69
67
237
239
237
243
242
239
236
229
220
210
192
175
170
164
165
169
175
172
172
182
191
181
163
151
149
161
167
169
166
153
136
120
111
108
110
108
97
86
87
95
95
91
74
49
29
21
25
28
23
28
28
26
33
31
27
28
31
24
28
28
19
16
25
37
29
24
25
35
39
44
60
83
95
96
99
95
102
111
116
123
129
133
135
133
135
135
122
100
85
81
74
71
74
75
238
243
243
242
238
236
238
231
221
209
187
170
160
152
155
164
169
164
167
177
186
180
168
155
146
154
165
169
169
156
138
121
113
111
113
110
97
86
87
95
98
96
86
62
44
34
36
33
32
50
53
40
36
28
26
32
37
30
33
30
24
26
44
59
47
39
41
54
65
74
87
101
103
100
95
90
98
107
112
121
126
129
131
135
138
132
113
93
83
82
76
73
75
74
238
244
239
237
240
237
238
230
216
204
189
173
155
145
147
160
163
162
163
174
183
182
173
157
144
149
166
173
174
160
139
121
113
110
114
108
96
85
87
95
100
103
101
83
69
60
62
58
61
96
111
90
73
60
55
56
59
49
42
51
60
68
80
88
71
65
59
76
91
100
110
116
111
104
91
87
94
103
111
119
123
128
131
137
141
127
105
89
87
85
78
76
75
74
237
243
234
236
244
239
238
230
218
205
196
179
157
147
146
158
162
168
163
173
183
187
180
159
144
150
166
173
175
161
139
121
112
108
109
104
94
87
89
97
103
107
103
90
82
75
79
74
77
115
132
119
113
110
107
106
110
102
97
108
119
112
102
93
71
70
76
95
111
118
124
125
117
108
93
89
93
102
111
119
122
127
135
140
140
123
102
92
90
86
80
77
74
73
236
239
238
236
239
236
237
232
222
208
197
180
160
150
144
151
158
172
168
174
182
191
185
162
148
150
163
171
172
158
138
124
113
108
106
102
95
93
96
101
105
108
108
101
96
91
92
84
78
104
111
111
119
124
119
112
116
111
110
113
109
96
86
85
75
82
96
114
128
130
132
134
126
114
102
95
96
103
113
119
122
126
138
141
135
117
99
95
92
86
81
77
74
72
236
238
239
231
226
235
238
233
224
210
197
178
162
152
141
141
154
173
174
175
180
190
187
167
152
147
162
168
169
157
141
129
117
108
104
102
97
96
101
106
106
108
111
108
106
102
99
89
79
85
85
89
100
108
101
92
100
97
95
94
85
81
84
92
95
105
116
128
134
131
132
135
130
121
111
104
101
106
115
119
119
126
140
141
130
111
98
97
92
87
80
78
74
72
239
242
232
209
194
225
238
234
226
214
200
178
166
153
138
133
149
168
175
176
181
191
186
170
157
145
157
164
165
156
143
133
120
109
104
102
97
97
103
107
106
105
109
108
110
111
107
101
95
90
82
80
84
90
86
79
88
86
86
91
88
95
102
108
112
119
125
131
130
128
128
131
128
124
116
108
104
108
117
120
120
127
142
138
121
102
99
99
94
89
81
79
74
71
242
248
217
177
151
201
230
233
224
213
204
180
169
153
135
127
144
161
174
178
185
192
185
171
161
146
149
157
161
154
144
135
122
110
105
102
97
96
103
108
108
106
104
103
106
111
109
108
112
106
99
89
84
90
88
82
92
87
92
102
100
110
116
114
117
121
123
127
127
128
130
129
127
125
117
108
105
109
118
121
121
129
143
135
112
95
99
102
94
88
81
80
74
72
246
230
185
136
118
155
216
231
228
216
209
187
176
151
141
132
137
149
164
181
193
191
185
181
172
149
147
151
152
151
149
137
120
110
105
104
100
99
104
108
108
108
101
100
98
98
100
105
112
120
116
108
99
102
99
101
110
102
104
108
103
113
124
120
123
126
122
118
120
127
131
129
126
127
119
113
107
109
119
121
122
130
138
124
103
96
99
101
98
87
83
77
75
73
237
204
147
111
96
114
191
233
231
219
210
189
179
158
148
135
133
136
153
176
193
192
187
186
177
155
143
146
147
147
146
138
122
112
107
106
102
101
105
107
106
105
101
101
99
96
95
96
104
110
115
113
110
115
114
117
124
115
110
113
109
117
123
117
120
127
119
117
118
125
131
130
129
128
121
115
107
110
120
123
126
130
137
116
96
96
103
102
96
88
82
77
74
74
207
165
114
98
92
88
161
221
227
223
217
195
181
164
157
145
134
128
137
166
188
189
185
186
180
159
141
143
144
144
145
140
125
113
108
106
103
103
106
107
106
104
105
105
103
97
91
89
92
95
100
103
104
109
109
113
117
107
105
111
113
121
121
106
104
109
113
113
115
122
127
129
129
127
122
116
111
112
118
123
127
130
131
111
92
95
104
102
96
89
83
77
75
75
165
130
105
100
95
69
120
200
230
230
215
200
187
169
161
152
140
129
126
152
177
185
181
180
176
162
141
138
136
141
144
140
124
112
107
104
101
103
104
106
107
107
107
107
106
100
94
89
85
84
87
89
90
93
92
95
99
93
90
94
94
100
100
92
96
103
109
111
114
118
123
127
127
126
122
118
116
115
117
122
128
131
128
113
95
93
99
102
98
89
84
80
76
76
126
106
105
101
91
65
85
168
223
227
208
203
193
173
160
152
142
129
124
140
163
181
182
176
171
164
141
131
126
135
143
140
126
113
107
102
101
101
101
103
107
109
105
105
102
99
95
91
87
83
80
79
78
79
78
79
83
82
79
80
79
81
85
89
98
105
108
113
116
119
122
126
130
129
127
121
119
118
118
122
128
131
131
117
96
91
97
102
100
92
84
80
77
78
100
100
100
97
93
85
73
122
193
224
212
208
195
174
159
154
145
132
128
132
150
174
181
175
171
166
145
127
117
126
138
141
133
122
112
104
102
103
101
103
108
111
109
107
102
97
96
94
90
85
81
78
75
74
71
71
72
73
74
76
78
82
88
94
100
103
112
117
120
122
125
130
133
133
132
124
119
119
120
123
128
134
142
120
97
91
98
101
99
93
86
81
79
78
96
105
101
96
91
95
70
79
148
209
216
207
191
174
159
153
147
137
134
131
139
161
174
176
174
167
151
129
112
115
128
140
140
131
117
106
103
105
104
106
111
111
114
112
107
102
99
97
95
93
91
88
86
81
79
80
80
80
80
80
83
87
91
99
106
110
116
120
124
127
130
134
137
138
133
128
122
122
122
120
129
145
155
130
104
97
101
101
99
94
87
83
80
79
98
102
102
99
88
91
71
58
104
160
205
201
192
177
158
147
143
140
140
131
131
149
167
176
177
168
155
132
109
105
118
136
141
133
118
106
102
106
106
108
111
110
113
114
112
107
103
102
102
101
102
100
96
92
92
97
97
96
97
95
99
102
102
105
110
116
121
122
126
130
134
137
139
139
133
131
127
126
123
119
133
158
164
143
117
106
104
103
101
96
88
85
81
79
83
91
99
99
94
82
74
61
68
108
163
202
195
178
159
148
141
138
136
135
136
142
156
172
173
164
152
134
115
102
102
122
136
130
122
108
100
105
108
107
108
110
113
116
116
112
107
106
107
108
109
107
103
100
100
102
105
106
108
109
112
115
116
118
120
123
128
129
133
135
138
140
142
143
139
133
128
124
122
120
147
176
182
148
122
111
104
105
103
97
93
88
83
78
64
77
82
91
102
83
74
68
51
67
116
170
176
172
160
150
136
132
130
139
142
141
147
162
168
161
147
134
114
102
103
111
124
135
128
113
100
101
106
105
105
108
111
116
119
117
114
112
112
110
111
109
106
104
105
107
110
110
112
114
117
118
120
122
125
129
135
137
139
140
141
143
144
144
140
134
127
121
126
141
172
193
191
157
128
111
104
106
105
102
94
89
83
78
51
57
69
82
88
85
80
69
53
50
73
109
151
162
166
153
142
128
126
137
144
139
139
149
155
152
138
131
117
104
96
99
115
135
131
117
101
98
103
103
102
106
110
114
118
119
118
118
115
112
112
112
110
110
111
114
115
116
117
118
119
121
122
124
128
132
137
139
140
139
139
141
140
138
137
133
126
120
139
171
202
205
190
163
133
112
104
106
105
103
96
90
83
78
45
49
58
63
62
72
76
67
64
57
49
55
105
135
153
153
141
132
127
133
140
141
137
138
144
147
133
121
115
109
91
87
105
125
130
120
101
92
97
101
102
105
109
112
115
116
117
118
118
115
113
113
113
115
116
118
118
118
119
120
120
121
121
123
128
131
136
140
141
139
139
140
138
134
133
130
124
126
159
200
220
204
182
166
142
117
106
107
105
103
96
91
83
77
40
44
46
47
54
57
64
71
66
58
41
36
49
93
121
152
141
142
125
123
127
133
131
129
133
138
132
115
108
105
91
81
91
107
123
121
106
92
92
97
100
104
108
111
112
112
115
119
119
117
113
115
117
117
119
120
121
121
122
122
122
121
121
122
126
130
136
141
142
141
139
139
136
133
131
125
122
136
179
221
228
199
183
175
156
125
110
109
108
105
99
93
84
77
38
37
40
43
48
52
58
65
64
57
50
39
19
49
85
137
149
138
127
117
113
119
125
129
128
126
128
123
107
94
92
85
81
85
103
116
120
108
97
95
99
103
107
109
110
112
115
118
118
116
113
114
116
117
118
121
122
123
123
122
121
120
120
121
124
127
133
138
142
140
137
136
133
130
128
120
121
146
196
232
229
197
187
182
168
139
116
109
106
104
101
94
85
77
37
38
37
39
38
46
51
51
59
54
56
41
26
28
53
97
130
128
135
120
108
109
117
123
122
118
123
127
113
94
89
86
78
75
87
104
119
119
109
101
100
103
105
106
108
109
111
113
113
110
109
109
109
111
114
118
121
122
120
119
118
117
117
118
120
122
128
133
137
137
134
131
129
127
124
120
127
159
212
237
227
197
186
185
183
163
134
115
105
100
102
95
85
76
36
34
36
34
39
38
41
51
50
53
53
50
48
31
35
61
93
132
136
121
109
106
105
107
112
115
124
122
117
105
88
77
76
79
86
92
103
113
115
111
106
102
104
106
105
105
106
108
108
105
105
104
102
103
108
114
118
119
117
116
115
115
114
115
117
119
119
124
130
130
127
123
121
121
123
124
137
174
224
242
226
197
183
185
196
190
158
128
109
99
101
94
83
76
35
35
34
35
35
34
35
39
46
51
48
59
56
42
30
33
66
109
128
121
107
103
92
92
101
109
115
110
116
118
98
79
74
76
80
83
92
99
105
108
103
101
102
101
99
98
98
100
101
101
100
98
97
97
101
106
111
113
113
114
114
113
113
111
110
112
114
117
119
121
123
118
115
117
121
126
152
191
227
237
227
198
186
198
210
204
180
147
116
98
98
93
83
79
35
35
34
33
32
31
31
34
38
41
43
46
47
48
40
27
41
74
104
118
115
107
94
91
91
95
99
101
111
117
108
92
79
70
73
77
86
89
90
94
96
100
100
97
92
89
91
94
96
96
96
96
96
96
97
100
103
104
107
110
110
109
108
106
105
106
107
109
111
114
116
113
112
115
123
132
158
190
210
220
226
201
185
195
214
221
208
171
131
104
96
91
81
78
34
35
33
32
31
30
30
31
33
34
38
37
41
47
43
31
27
32
81
112
120
109
98
93
84
80
78
87
99
108
111
105
88
72
71
70
73
74
79
86
91
97
97
95
89
85
87
91
93
92
91
92
93
92
92
92
93
94
99
104
104
102
100
99
98
99
98
102
104
107
111
111
112
114
123
137
165
186
178
179
208
201
187
199
221
232
225
189
145
109
96
88
78
77
33
33
33
32
32
32
33
33
33
32
34
35
37
38
39
41
33
22
47
83
111
123
114
93
75
65
67
74
79
86
96
101
95
85
73
67
65
66
72
80
82
85
88
88
86
83
84
87
87
84
84
85
86
86
85
84
84
85
90
95
95
92
90
90
90
91
93
99
103
106
110
113
116
119
127
140
173
184
147
121
157
188
194
201
221
234
232
201
160
120
98
86
78
76
31
31
31
31
32
33
35
35
34
33
34
30
29
31
36
42
43
35
19
43
84
119
119
98
80
66
67
68
67
66
73
80
80
78
65
64
65
65
64
64
63
66
69
73
75
75
75
76
75
74
77
76
76
77
78
78
78
78
81
84
82
80
81
82
84
87
90
100
108
110
113
116
120
125
134
145
183
192
137
75
95
151
191
198
216
233
235
210
171
129
99
84
78
76
29
29
30
30
30
31
32
32
32
31
31
29
27
27
29
36
39
38
27
31
51
81
106
115
106
78
66
63
61
62
64
64
61
57
53
54
60
61
60
57
54
56
57
61
65
66
66
66
67
68
71
69
69
71
73
74
74
74
76
76
75
74
76
80
85
91
96
108
119
121
121
122
126
132
138
151
195
206
145
59
51
105
162
191
219
234
228
212
175
126
100
81
74
74
28
28
29
29
29
28
28
29
30
30
30
32
30
26
26
30
34
34
36
32
33
48
85
115
120
95
73
62
57
59
61
63
61
56
51
49
51
53
57
58
56
57
56
58
63
65
64
62
63
66
70
68
68
71
73
73
73
73
75
74
73
73
76
81
89
99
105
119
130
130
129
129
132
137
139
165
210
217
153
63
36
64
118
173
217
235
223
214
182
135
107
81
69
70
28
28
30
30
29
27
27
28
31
33
31
30
29
28
27
27
30
36
33
29
26
33
58
84
110
119
100
76
58
52
55
63
68
65
60
52
48
48
51
55
54
57
58
59
63
66
65
61
62
65
69
68
69
72
74
74
73
73
74
74
73
73
76
80
90
101
110
124
135
135
132
132
133
137
146
182
224
222
155
68
36
42
84
141
194
232
223
215
190
157
118
85
68
64
29
29
29
28
27
25
26
28
31
33
31
30
29
28
27
28
30
32
31
31
29
25
27
47
84
115
122
109
87
70
56
59
62
66
67
65
60
58
55
52
53
56
57
58
59
60
60
62
63
64
65
67
68
69
73
78
78
77
80
82
82
81
80
81
91
103
113
126
135
137
135
135
134
142
154
200
233
227
165
73
41
33
48
101
163
219
228
210
205
182
143
98
77
67
28
28
28
27
26
25
25
27
30
31
31
30
29
28
26
26
27
28
29
26
32
36
25
19
46
85
117
131
124
90
74
62
60
60
68
74
74
68
63
62
60
59
61
59
56
56
58
61
61
59
59
63
66
69
72
79
84
87
88
91
92
91
89
89
97
108
121
131
137
140
139
140
138
146
172
214
243
237
177
82
37
29
36
61
121
194
226
214
215
206
172
123
84
68
28
28
27
26
25
24
25
26
28
29
30
30
29
28
26
25
25
26
28
28
28
27
25
25
30
37
71
111
139
129
116
96
75
60
56
63
68
69
70
74
76
75
74
72
68
67
67
67
65
62
61
63
66
67
70
76
84
89
94
98
101
102
99
98
103
112
121
128
135
141
141
144
145
156
187
226
250
245
188
89
36
35
38
43
79
145
208
219
225
223
198
153
99
69
