98
113
124
134
137
140
148
151
149
147
151
159
163
163
166
172
175
174
175
179
183
183
182
181
183
184
184
183
183
185
186
184
184
186
187
189
191
193
193
193
194
195
196
195
195
194
193
191
190
191
189
190
191
190
188
183
179
178
180
181
181
180
180
178
177
177
175
172
170
168
167
162
158
155
155
152
152
153
151
147
140
129
128
117
108
93
77
62
49
34
23
20
17
19
95
111
124
134
136
139
148
152
146
142
147
155
162
162
164
171
174
172
176
179
182
182
182
183
185
185
185
184
184
186
187
186
186
188
187
191
193
192
192
194
195
195
197
196
197
197
195
193
191
192
190
192
193
191
189
187
184
179
181
183
184
182
181
181
180
180
177
173
170
168
166
162
159
155
152
150
150
152
153
150
142
132
128
118
109
92
74
57
45
32
25
21
18
17
96
111
124
132
137
140
146
151
148
143
146
156
163
162
162
169
172
170
173
178
181
179
180
181
183
184
183
185
185
186
188
187
186
187
189
192
191
194
192
196
197
203
203
200
201
203
199
194
196
192
191
191
192
193
193
191
187
186
183
184
186
187
184
183
182
179
176
173
170
168
167
164
160
156
154
152
152
154
154
150
143
133
126
117
106
90
69
52
40
31
29
24
20
18
97
111
123
132
137
140
146
150
149
145
150
158
164
162
162
167
171
170
170
175
177
176
178
179
181
183
184
186
186
188
190
189
189
190
189
192
193
192
195
197
203
209
211
206
203
204
201
199
200
197
193
192
193
195
195
194
191
189
188
187
188
188
186
184
181
178
172
170
169
167
167
165
162
159
155
152
154
156
156
152
144
134
126
115
104
90
71
54
41
32
33
29
24
21
97
111
120
130
137
139
144
148
149
148
152
158
163
163
163
166
169
169
168
172
174
175
176
178
180
182
183
185
187
188
191
190
191
193
192
191
194
193
196
198
209
218
220
213
206
206
205
204
205
201
196
194
194
197
197
196
194
191
190
189
188
186
184
182
179
173
168
167
167
166
167
164
161
159
155
154
155
157
156
152
142
132
125
116
107
95
75
58
45
37
38
34
29
23
95
108
117
127
137
138
142
146
149
151
152
157
162
164
165
166
167
167
167
171
173
175
177
179
181
182
184
186
188
189
191
191
193
196
197
192
193
194
197
200
214
227
228
220
210
208
208
207
208
204
200
196
198
198
197
195
195
192
189
188
186
183
181
181
177
170
167
166
166
165
166
162
159
157
154
152
154
154
153
147
139
130
123
116
111
100
81
63
51
45
43
38
32
26
92
103
115
127
136
138
140
143
149
153
152
156
162
166
167
165
164
164
166
169
173
176
179
182
183
184
186
189
191
192
194
194
197
201
202
193
190
200
201
206
217
234
235
227
215
212
213
211
210
207
204
201
201
201
195
194
194
191
188
186
184
183
182
183
180
173
169
168
167
166
166
163
159
156
154
154
155
152
147
143
139
132
123
116
110
100
85
72
59
48
45
37
31
27
92
102
113
125
134
137
140
144
148
153
154
158
163
167
167
165
162
160
162
166
171
175
178
181
182
184
188
192
195
196
197
197
199
204
206
194
193
207
208
212
223
238
239
234
222
219
219
214
211
208
207
204
206
205
196
193
194
190
187
185
183
183
183
186
184
179
173
171
169
167
167
164
160
158
156
155
154
153
148
145
141
137
126
115
105
97
88
81
69
55
42
34
27
24
91
99
110
123
133
137
139
144
149
154
154
158
163
167
167
166
163
161
162
166
171
175
179
180
182
185
191
195
199
200
200
199
201
205
205
194
199
212
215
215
226
236
239
236
226
223
222
216
212
209
211
208
212
211
202
197
195
190
187
184
183
183
185
186
184
181
176
173
170
167
167
165
162
159
157
155
154
152
148
146
141
136
126
113
100
90
86
86
77
64
47
38
31
29
88
95
108
120
131
136
139
143
148
154
154
158
162
165
167
167
166
165
165
169
173
177
180
181
183
186
193
198
202
204
203
201
202
205
203
196
205
215
219
216
227
232
235
234
226
224
224
217
212
210
215
212
217
217
207
202
199
192
189
185
183
185
184
184
183
181
178
174
170
167
167
166
163
159
157
154
153
151
148
145
140
134
122
109
95
82
79
83
81
71
60
50
42
38
84
96
107
119
130
135
137
139
147
155
157
156
160
164
164
166
170
172
173
176
178
180
183
183
184
188
194
199
203
205
204
204
206
205
200
199
206
214
218
219
224
229
231
228
224
220
216
215
215
216
218
215
218
218
208
201
198
193
192
188
184
184
183
181
178
176
176
174
171
169
167
164
160
157
155
153
150
150
147
142
136
130
119
110
96
81
73
71
71
71
65
64
55
42
81
92
101
113
126
133
136
139
147
156
157
156
157
159
161
165
170
173
176
178
179
181
184
184
185
189
191
197
202
203
202
201
204
203
195
199
203
208
212
218
225
227
229
224
219
215
211
211
217
224
223
217
215
214
202
195
194
192
192
189
186
186
183
179
174
172
172
171
170
169
167
164
159
156
155
153
150
150
147
142
134
127
117
113
103
87
71
61
60
62
67
65
54
51
78
87
98
111
124
131
134
137
144
153
156
155
157
157
160
166
172
174
176
178
180
183
186
185
185
188
187
194
200
202
202
202
205
203
191
197
200
200
205
215
220
221
218
215
213
211
209
208
214
223
223
215
212
210
199
191
190
190
192
190
189
188
184
178
173
169
171
169
167
167
166
165
161
158
157
154
153
152
149
143
133
125
116
115
109
94
73
57
51
54
61
62
56
64
75
83
95
109
123
131
132
135
141
149
154
155
157
158
161
168
174
175
174
176
179
183
187
185
183
184
186
194
197
201
203
203
204
202
190
194
196
195
199
207
212
211
208
207
206
206
206
206
210
216
214
207
206
207
199
191
188
187
190
190
190
187
183
178
173
170
172
169
166
165
165
165
163
161
157
156
156
154
151
143
133
125
118
114
108
97
78
60
51
50
54
59
55
68
66
77
90
104
118
127
131
135
140
146
151
152
154
156
159
166
173
174
173
175
177
181
185
184
181
182
188
192
194
198
201
201
200
195
190
190
192
194
197
200
203
206
208
205
201
199
202
206
210
211
203
198
196
198
196
190
187
187
188
188
187
183
178
173
171
169
172
169
166
164
163
163
162
160
157
156
157
154
150
142
133
126
121
113
104
93
78
62
52
50
56
59
50
61
59
73
87
99
112
121
128
133
138
143
148
148
150
151
153
161
169
173
176
176
174
177
180
180
179
181
186
190
192
196
198
200
199
193
192
189
191
197
200
199
201
206
208
205
200
197
201
206
207
204
198
193
189
192
191
187
184
186
187
187
184
179
175
171
169
168
172
170
167
165
164
161
159
157
157
158
157
153
148
141
134
129
122
113
102
91
78
64
57
54
58
60
50
52
60
74
87
96
106
116
125
132
137
141
145
145
148
149
150
156
166
173
177
176
172
172
174
173
174
176
182
187
189
194
197
197
198
194
191
190
194
198
202
202
203
206
205
203
200
200
203
205
202
198
196
195
194
193
192
187
184
185
185
184
181
176
172
171
170
169
170
169
167
165
163
160
159
157
158
157
155
150
146
139
133
128
121
113
104
96
87
76
68
62
57
59
52
49
67
79
86
93
102
112
124
133
138
142
141
142
146
150
150
155
164
171
176
174
171
170
171
168
168
170
179
185
187
191
193
193
194
191
190
192
194
197
199
202
203
203
206
203
201
202
203
202
200
199
196
199
201
201
198
190
185
184
182
181
179
175
172
171
171
170
169
168
165
163
160
159
159
157
158
156
151
147
143
138
131
127
120
114
108
105
101
92
79
70
60
58
53
50
72
82
91
94
101
112
123
134
140
143
140
141
145
150
152
156
160
165
169
172
173
170
166
162
164
169
175
180
185
188
191
195
195
195
193
192
195
198
200
205
208
206
207
205
205
206
205
203
201
198
201
201
202
200
194
187
185
183
180
180
177
174
172
172
171
170
170
167
165
164
162
158
156
157
157
155
150
145
140
134
130
126
121
119
115
115
110
99
88
78
63
60
48
47
75
87
94
95
99
107
118
131
138
141
138
140
143
148
151
155
159
162
165
168
170
170
167
163
164
169
176
180
185
187
190
194
195
194
195
194
197
200
202
208
211
210
209
207
207
207
205
203
203
201
199
198
197
195
189
184
183
182
180
179
177
175
173
171
170
170
170
168
167
165
163
160
157
158
156
153
147
142
137
133
130
128
124
123
122
121
113
103
92
80
64
58
47
44
85
95
96
97
98
104
113
126
135
139
137
137
140
145
149
152
157
159
161
164
166
169
169
166
166
171
178
181
184
186
188
191
193
192
192
192
195
198
201
206
210
209
209
208
208
207
205
204
204
204
200
197
195
193
188
185
183
182
180
178
177
177
174
171
169
169
170
169
168
166
163
161
158
158
156
151
145
140
136
132
131
131
128
127
129
129
118
106
96
81
65
56
45
36
89
97
99
100
101
104
111
124
134
139
138
138
140
144
147
150
155
159
160
161
164
169
171
170
170
175
181
182
184
185
187
189
190
189
189
191
193
196
199
203
205
205
207
206
207
206
204
205
206
204
202
200
197
196
192
188
185
182
181
178
178
179
177
171
168
169
170
171
169
166
163
162
159
158
156
150
145
141
137
133
132
133
131
131
132
132
122
113
104
88
69
53
40
26
91
99
103
105
105
105
109
120
132
140
141
142
144
144
145
147
154
160
161
161
163
168
172
173
174
179
183
183
185
186
188
189
189
189
191
193
195
197
201
204
204
204
204
203
205
206
206
207
207
204
203
200
198
197
194
190
187
183
183
180
180
182
180
173
169
169
171
171
169
165
162
161
159
158
155
149
142
138
136
134
133
134
133
132
132
133
127
121
113
98
74
51
35
23
97
105
107
108
108
106
105
113
127
137
142
145
146
144
143
145
152
159
163
164
164
167
172
175
177
181
183
183
185
187
189
190
190
190
192
195
196
197
201
203
202
202
202
202
204
206
208
210
209
204
202
198
194
193
191
189
188
185
185
182
182
184
182
176
171
170
169
169
166
163
161
158
157
157
153
146
138
134
134
135
136
135
134
134
131
132
130
123
114
103
82
51
35
27
96
106
110
110
110
108
105
109
121
132
141
145
147
144
142
145
152
158
165
167
166
168
173
177
179
181
182
181
184
186
189
190
190
190
192
194
194
195
200
202
200
200
201
202
205
207
209
211
210
205
201
196
192
190
188
188
189
186
185
183
182
185
184
179
174
171
169
167
164
163
161
157
155
155
152
146
137
132
134
138
138
135
135
136
130
130
130
121
110
103
85
54
35
31
91
106
111
111
113
113
109
110
119
129
140
144
147
145
144
147
154
160
165
168
169
170
175
179
180
181
182
181
183
185
188
189
190
190
193
194
194
195
201
203
201
202
201
202
206
208
209
211
210
205
202
197
192
190
189
189
189
187
185
183
182
185
185
181
176
172
170
167
164
164
163
159
156
156
152
147
139
134
137
142
139
133
133
135
129
129
130
120
108
104
84
56
38
31
88
106
112
118
116
116
113
111
112
125
137
143
146
144
144
149
156
162
166
166
168
173
179
181
181
180
183
185
185
185
186
189
191
191
192
193
194
196
199
204
204
202
205
206
206
206
206
207
207
206
204
201
198
196
192
189
188
188
185
184
183
183
183
181
178
174
169
166
165
165
166
163
155
150
149
145
140
139
140
139
135
133
132
133
130
131
126
117
113
105
85
50
35
29
84
105
112
117
117
117
114
111
111
123
133
141
145
145
145
150
155
160
164
164
167
172
178
181
182
182
184
186
186
185
187
188
191
193
194
193
195
198
199
201
201
202
204
206
207
205
204
203
203
203
206
204
202
198
192
188
186
186
185
183
180
180
180
179
176
174
169
166
165
166
167
164
157
151
148
145
141
140
139
136
131
128
129
129
128
127
127
120
111
110
85
44
32
29
77
102
113
118
117
118
115
111
109
120
132
140
147
148
149
151
154
157
160
161
165
171
176
180
183
184
186
187
188
186
185
188
192
195
194
194
196
198
198
195
195
198
202
204
206
205
203
202
202
203
206
206
203
197
191
186
183
183
186
183
180
178
177
176
174
173
170
168
166
167
167
165
159
154
149
147
144
141
137
131
126
124
126
125
127
127
130
124
111
111
77
37
36
40
71
98
113
119
116
118
115
112
110
118
131
141
148
150
151
153
155
156
158
160
164
169
174
178
181
184
186
186
186
184
185
188
192
196
194
195
197
199
195
191
191
192
197
200
203
203
203
203
204
205
207
207
203
197
191
188
186
185
185
183
180
177
175
174
172
171
171
169
167
167
166
164
160
158
154
153
149
143
135
129
127
127
125
124
128
129
129
125
113
104
66
40
47
61
64
94
112
120
117
115
113
112
110
116
130
141
150
150
152
155
157
159
160
161
164
167
171
175
179
182
182
182
182
182
184
187
192
196
195
198
199
196
193
190
190
191
194
196
198
199
200
201
202
203
204
202
198
192
189
188
187
186
184
182
178
174
171
170
170
171
170
169
167
166
163
161
161
162
159
155
148
138
127
121
121
124
124
125
128
131
128
125
116
94
56
53
63
80
56
88
110
120
119
115
111
111
108
114
128
140
149
150
152
157
159
161
162
162
163
165
168
171
175
178
179
178
178
180
182
187
191
195
195
197
196
192
190
190
192
192
193
194
195
196
196
197
197
196
198
195
190
186
185
185
184
183
183
180
175
171
170
170
171
171
172
170
167
163
161
159
160
161
157
152
142
129
117
111
113
118
122
126
128
132
131
126
112
83
56
75
82
95
49
80
106
117
119
117
109
101
100
110
125
138
147
149
150
155
160
162
163
162
160
161
163
165
169
172
175
175
176
179
180
181
185
190
190
189
189
188
189
189
190
191
193
193
193
192
192
192
193
192
193
190
187
185
185
184
183
181
180
177
173
170
168
168
168
169
169
165
161
157
153
151
150
150
149
144
133
119
107
103
107
112
117
124
128
130
132
124
96
67
65
94
95
107
46
75
100
112
116
116
105
93
91
104
122
134
144
145
148
152
157
160
163
161
159
158
159
161
165
168
172
173
174
176
175
175
179
183
185
184
185
188
190
189
189
190
190
191
191
190
190
190
190
191
185
183
181
182
182
179
177
177
177
174
173
171
170
168
166
165
166
160
153
148
144
142
139
138
135
130
120
107
97
94
99
105
110
120
127
128
134
120
78
52
78
101
97
116
54
70
97
116
117
117
106
90
85
97
116
129
133
133
131
137
148
153
156
154
153
153
153
156
159
162
168
170
169
169
171
174
177
182
182
182
181
182
185
186
186
187
187
187
187
187
188
189
189
189
184
181
180
181
180
177
176
177
178
176
175
172
167
163
158
154
147
140
135
130
134
131
130
125
119
115
106
94
87
88
95
101
104
116
123
129
136
107
56
59
95
105
99
118
55
65
96
116
120
118
104
91
86
90
101
109
112
111
111
118
128
131
136
133
131
132
135
139
143
146
146
153
159
162
163
165
172
180
179
178
175
175
178
181
182
183
183
184
184
184
184
185
186
185
181
178
177
177
176
174
172
171
172
166
160
155
152
148
140
131
121
116
114
112
118
117
115
110
104
100
94
90
90
94
98
100
101
111
123
130
122
90
47
72
103
108
98
115
58
58
87
107
115
112
100
89
82
79
85
90
91
93
98
104
110
110
108
103
97
95
98
100
103
104
114
121
129
137
142
147
155
165
174
175
173
172
175
178
179
178
177
177
178
178
180
180
179
178
175
173
171
167
160
154
147
144
139
135
130
124
118
113
104
96
90
88
90
94
101
101
101
98
91
91
90
91
95
102
105
106
102
108
118
127
105
66
52
96
111
109
95
110
73
52
74
97
107
102
94
85
76
74
71
74
75
79
85
90
93
89
86
78
70
67
67
68
69
70
74
80
87
98
106
115
127
141
154
161
165
167
171
174
173
172
173
174
174
175
177
178
177
175
169
164
158
148
136
124
112
100
90
85
83
81
77
73
71
68
69
71
77
86
93
95
96
95
95
100
105
106
108
110
113
115
107
113
118
120
93
52
77
113
113
108
91
105
96
51
59
95
110
100
95
86
76
76
71
73
72
76
80
83
84
80
75
68
61
59
59
59
61
63
68
73
80
84
85
90
103
118
133
145
155
161
167
169
169
168
165
165
165
166
169
170
169
167
160
150
138
124
108
96
82
66
60
50
46
49
52
55
59
62
72
77
85
96
102
103
103
104
108
116
123
122
120
120
121
120
120
127
129
112
75
58
100
116
111
105
88
102
114
59
49
91
116
104
99
93
85
84
80
81
79
80
81
82
85
84
76
69
63
60
58
56
56
58
61
66
72
77
81
85
95
107
123
135
148
155
161
163
165
166
162
162
162
165
167
168
165
163
157
143
129
113
96
86
79
68
61
53
51
55
58
63
71
78
86
92
100
111
112
111
107
107
110
116
122
124
125
129
133
133
134
139
131
94
54
77
109
113
113
106
89
104
120
72
50
78
109
110
108
102
98
96
97
99
95
93
91
90
96
98
99
92
85
80
74
69
69
72
73
77
81
85
89
91
94
98
113
123
135
144
151
154
156
158
156
156
158
160
163
162
158
154
142
127
113
102
89
87
86
80
67
63
59
59
59
65
74
81
92
94
95
103
99
96
89
88
92
103
114
121
126
134
140
143
138
130
111
74
51
93
112
111
116
108
91
109
124
83
58
66
98
115
117
110
108
107
106
108
104
99
93
89
95
99
105
100
95
90
85
80
82
87
89
96
100
102
101
99
101
103
105
114
126
137
146
150
153
157
153
154
156
159
161
159
154
149
135
114
101
97
97
102
102
93
84
76
65
59
60
70
80
83
90
87
82
86
78
74
65
64
72
90
112
124
131
136
140
141
132
114
86
62
67
101
114
106
119
107
90
110
129
95
63
58
95
115
115
124
119
115
117
116
110
97
85
78
73
77
85
85
79
67
71
75
79
78
74
87
101
110
114
115
115
116
109
112
115
124
135
143
148
157
160
162
158
159
160
154
146
136
124
112
105
108
106
96
85
77
75
69
60
58
79
93
97
91
89
91
90
84
81
76
66
59
59
79
101
115
126
138
146
147
127
99
64
60
90
112
114
111
116
97
92
108
129
111
71
54
84
113
122
128
126
125
122
122
117
100
83
72
65
67
77
77
67
60
66
80
94
79
59
71
88
100
104
104
108
115
112
108
104
111
120
131
141
156
159
166
168
165
158
148
136
124
118
114
111
105
92
80
76
75
79
84
77
69
89
112
111
93
86
94
101
103
101
93
81
75
72
76
83
98
120
139
146
143
122
86
59
72
104
120
118
114
108
102
91
108
139
126
80
53
68
104
125
134
133
132
129
128
120
103
86
72
62
61
66
75
70
69
76
96
120
96
75
75
81
89
90
85
90
103
112
113
113
117
120
128
140
155
167
174
179
177
165
154
143
129
124
122
112
89
71
74
88
97
105
111
101
88
92
105
100
85
85
101
118
125
122
111
101
97
96
93
90
92
103
115
123
125
106
77
71
96
114
114
113
118
105
100
85
107
151
134
90
60
58
85
111
133
143
141
135
126
113
98
83
71
62
64
75
86
80
76
73
89
113
96
91
100
107
106
96
85
86
95
108
115
121
118
119
124
135
144
163
170
178
179
168
155
143
126
120
110
96
85
86
102
119
128
128
130
119
106
94
95
92
90
93
112
129
133
126
116
109
109
114
116
118
115
110
108
109
111
96
76
84
114
124
115
112
114
109
98
83
107
154
141
101
72
53
62
91
129
151
148
138
118
96
80
74
75
85
100
107
110
97
82
72
75
86
85
96
118
136
139
138
132
115
98
90
96
111
112
114
108
115
120
132
139
148
150
138
123
111
96
91
78
79
101
123
133
134
134
134
137
132
122
112
117
115
111
115
127
134
130
124
120
116
115
118
123
132
140
142
135
124
114
94
89
103
123
125
118
112
107
109
103
87
110
148
145
112
81
52
50
80
124
142
133
111
99
92
95
101
102
103
111
121
125
120
109
96
89
88
99
119
139
153
151
148
148
151
153
142
116
97
84
82
74
79
81
97
112
127
131
119
103
89
73
63
61
76
108
136
150
151
147
136
136
134
135
138
145
139
130
131
134
132
128
127
129
127
126
125
129
136
145
147
140
125
111
109
116
128
133
123
111
107
105
105
101
86
117
137
143
122
89
59
52
73
102
111
108
105
104
110
116
119
114
107
109
114
122
126
127
118
111
109
121
139
147
153
154
154
156
162
170
162
141
113
87
63
60
76
93
114
140
162
171
163
145
122
99
84
77
82
104
129
146
151
148
139
129
129
135
143
145
143
136
129
130
129
129
132
132
133
134
131
135
141
147
151
152
146
141
139
143
141
134
125
113
105
105
104
96
84
117
128
141
126
96
72
59
59
71
83
96
114
123
133
131
122
113
113
121
126
126
122
126
123
125
127
134
143
149
149
146
151
160
166
167
168
150
119
97
79
94
113
128
150
174
190
193
189
177
153
128
98
72
66
95
128
143
145
145
142
133
130
126
127
128
131
128
126
129
134
139
139
134
134
140
140
142
144
148
153
155
151
144
146
147
140
130
123
110
103
110
108
99
90
110
107
142
133
102
79
62
56
69
90
107
123
132
139
137
129
120
119
126
129
128
126
127
130
130
132
137
139
140
140
144
152
156
158
161
159
151
108
76
78
96
125
144
164
182
196
198
194
186
164
136
100
71
67
97
129
146
146
145
140
136
135
134
131
131
133
132
131
135
141
145
141
135
136
143
147
153
156
156
157
154
149
147
149
145
137
128
119
108
104
106
106
101
94
112
74
118
127
105
86
77
79
96
110
120
128
137
141
141
136
129
126
129
129
130
132
135
137
136
135
138
141
140
142
147
154
158
160
164
160
152
121
84
78
103
131
149
163
181
194
197
194
185
166
141
108
83
81
108
138
153
150
147
144
141
142
145
144
142
139
134
141
144
147
149
146
144
147
153
157
154
155
162
159
146
139
143
148
144
136
127
116
105
100
103
104
95
90
106
40
86
115
108
95
93
100
121
124
122
127
137
141
142
145
141
138
140
138
139
140
141
142
143
144
147
149
148
150
155
159
161
163
166
162
159
145
104
90
113
131
146
162
178
191
196
193
186
170
149
125
103
101
121
143
157
157
156
147
142
140
141
141
144
146
145
147
151
155
153
150
152
158
163
162
157
158
162
154
136
130
140
149
144
135
125
113
103
99
103
104
96
88
91
22
49
87
96
93
94
104
126
123
112
121
132
136
142
149
151
148
151
147
144
143
143
143
145
150
154
150
149
151
156
158
161
166
170
166
168
159
122
106
120
129
141
160
174
187
195
194
187
175
157
137
116
109
120
139
154
162
166
156
149
144
144
146
148
149
149
149
157
161
157
155
159
165
166
165
164
162
156
143
131
132
141
149
143
133
123
111
102
100
105
102
95
84
64
12
20
50
73
83
92
101
122
119
106
116
126
134
143
152
155
155
156
153
149
148
149
148
151
154
154
153
151
152
155
156
160
168
172
171
169
149
121
118
125
130
142
156
170
184
193
194
189
178
162
143
122
113
118
133
149
161
168
163
156
148
148
152
154
152
150
151
156
158
156
159
165
167
164
164
162
156
145
136
133
138
144
144
139
130
121
111
101
99
105
103
95
83
49
10
11
23
50
71
90
100
117
119
110
113
120
130
140
151
157
161
163
162
156
153
153
152
155
158
156
155
153
155
157
159
165
172
172
166
157
133
121
129
132
133
140
153
166
179
191
194
190
179
163
144
131
127
128
129
136
145
154
160
160
158
157
156
154
152
153
153
154
153
154
161
169
168
162
154
145
138
135
134
139
143
145
139
134
127
121
113
101
97
102
103
95
85
52
13
11
12
31
56
83
98
109
118
117
113
114
121
132
143
156
166
168
168
161
157
154
150
154
158
155
149
150
156
162
166
172
172
163
148
141
131
132
139
136
132
138
153
166
179
189
193
191
180
162
143
136
138
138
132
129
133
139
151
160
167
168
166
158
151
150
157
157
156
158
160
163
161
156
141
132
129
133
139
145
147
143
138
132
125
120
112
99
93
98
99
92
85
52
11
9
8
17
42
75
93
101
117
122
118
111
113
124
135
152
166
170
173
166
163
160
155
157
160
156
155
157
166
173
175
176
166
149
132
129
136
142
142
137
133
141
154
167
180
190
193
191
180
162
146
136
139
144
144
143
140
141
138
143
148
154
162
159
152
150
155
158
160
157
151
146
142
141
138
132
134
141
147
150
149
141
139
132
124
117
109
97
91
95
99
94
87
48
10
7
9
14
33
65
85
97
114
119
124
116
115
119
125
137
154
163
165
165
164
163
162
162
161
160
160
164
170
174
171
163
149
137
129
133
145
148
141
136
137
142
158
167
177
191
198
188
173
155
141
137
141
143
143
148
154
159
157
154
151
154
158
154
145
139
141
148
150
150
144
139
141
141
148
149
152
152
151
149
145
140
135
127
123
116
107
98
94
95
98
93
86
39
12
10
7
11
28
58
80
93
111
120
127
123
126
128
126
130
139
144
155
156
158
160
162
162
164
164
164
166
166
159
146
140
141
146
148
146
150
148
141
138
139
145
156
166
177
192
197
188
173
156
144
139
142
145
146
150
156
160
166
167
166
167
170
165
158
154
151
156
158
160
159
159
163
165
165
161
158
154
150
147
142
136
132
127
124
117
107
100
98
99
98
93
84
39
14
12
8
10
20
48
72
88
105
118
126
128
135
140
138
137
138
140
142
143
145
150
153
152
148
145
141
140
144
148
149
153
159
164
162
155
152
146
139
136
136
142
152
165
176
191
195
185
172
156
146
141
143
145
147
151
154
159
165
169
172
175
177
176
172
172
172
174
171
170
168
168
173
174
170
164
158
152
147
145
141
135
130
128
124
115
104
100
101
102
99
95
79
40
16
16
12
10
16
38
67
83
98
113
122
126
135
145
153
155
155
154
152
149
147
148
148
147
148
151
147
150
158
166
169
170
169
166
163
157
152
146
142
139
137
141
151
163
173
188
192
182
171
157
147
142
142
144
145
146
149
155
166
172
176
176
177
178
178
180
181
180
174
171
169
169
174
174
169
163
156
150
145
142
138
134
133
131
125
112
101
98
103
105
100
95
74
40
19
20
15
13
14
31
60
80
94
108
117
123
132
143
155
163
166
166
161
163
164
166
165
164
168
174
177
179
183
185
184
181
175
166
157
152
148
144
143
140
137
141
153
161
169
184
189
181
171
157
149
145
144
143
142
142
144
152
163
170
173
173
175
178
180
181
180
178
172
170
170
171
175
174
166
160
154
149
143
141
140
138
138
135
123
109
98
97
105
106
100
94
69
39
21
22
17
13
13
25
52
75
89
105
115
123
129
138
147
157
163
167
161
164
169
176
180
179
177
177
177
181
186
186
183
182
174
164
158
153
145
140
140
137
134
140
153
159
166
181
187
181
172
159
152
147
145
142
141
138
140
149
157
165
170
170
173
177
179
180
179
178
174
173
172
172
173
171
162
155
149
143
138
137
139
138
138
133
118
106
97
98
106
105
100
92
65
37
21
23
19
14
13
19
42
67
84
99
111
121
126
130
139
147
156
162
166
165
166
169
173
176
178
177
181
188
195
193
184
176
171
166
161
152
141
134
135
135
134
142
156
160
165
179
187
181
172
161
154
148
144
140
138
134
134
144
157
167
173
173
175
177
175
173
173
175
174
175
175
173
171
168
161
153
145
139
134
133
133
133
135
128
112
104
99
100
107
102
97
86
61
35
22
23
20
15
14
15
33
60
80
95
107
116
122
126
134
143
149
154
163
167
169
167
166
169
178
183
181
178
179
180
179
177
171
164
155
145
131
125
130
134
136
146
159
164
168
181
189
183
175
164
155
149
140
136
135
130
129
138
150
162
170
173
175
176
173
169
169
173
174
176
175
171
168
163
156
148
142
139
137
136
137
136
132
125
110
104
102
102
107
100
95
83
57
34
22
23
23
19
14
17
22
53
76
85
102
110
119
125
128
133
139
143
155
159
163
167
169
168
171
177
185
186
186
184
180
173
164
157
149
137
126
122
126
130
132
143
155
161
170
181
187
185
178
166
154
144
137
134
131
127
125
129
143
155
163
168
173
173
167
163
167
172
175
173
170
169
165
162
155
148
141
138
139
142
142
138
132
120
108
99
100
102
110
100
95
81
48
28
22
22
24
22
18
16
17
44
71
84
98
106
118
127
132
135
140
143
152
156
161
166
169
169
169
173
176
178
178
177
174
169
162
156
144
132
125
124
126
126
128
138
152
160
171
181
185
184
178
166
155
144
135
132
133
132
126
125
138
150
158
163
168
168
165
163
167
171
174
172
169
167
164
160
155
148
142
139
139
141
141
137
128
115
103
96
97
102
109
99
95
77
45
26
23
24
24
24
19
13
12
36
64
81
92
101
114
125
132
136
141
146
149
154
159
166
170
170
170
171
174
174
174
172
169
165
158
152
138
126
124
127
127
125
129
139
152
162
173
182
184
183
180
170
158
146
137
132
135
136
130
127
135
147
156
160
163
163
162
165
167
171
172
170
167
164
162
159
155
148
143
140
139
140
138
133
122
109
98
95
100
104
108
99
92
72
40
25
25
27
29
26
20
16
13
28
58
77
90
96
109
121
128
131
138
145
146
152
159
166
171
171
171
172
175
175
174
173
169
165
157
151
135
123
124
130
128
125
131
143
155
164
174
181
183
183
182
174
160
150
141
135
135
137
133
131
136
148
158
160
161
159
160
165
169
171
171
168
165
163
160
158
153
146
141
138
138
138
133
126
117
106
97
98
105
109
106
97
92
67
38
26
26
28
27
25
20
18
15
22
52
76
88
95
109
121
126
127
133
141
145
152
158
164
168
169
168
171
171
172
173
171
168
163
157
152
136
124
126
132
129
126
131
142
155
165
175
182
185
188
187
178
163
155
145
136
134
136
132
129
134
149
160
161
161
159
160
166
170
171
170
166
163
160
159
157
151
144
138
137
137
136
129
121
113
102
97
102
109
111
102
93
92
64
38
28
25
26
26
23
20
17
13
13
44
70
79
88
103
116
121
123
128
135
144
150
155
160
163
163
163
165
165
167
168
167
165
160
155
151
140
128
126
131
132
130
134
145
156
168
180
190
195
197
193
183
168
159
148
136
133
134
128
124
133
149
161
162
163
163
164
167
169
170
169
166
162
159
158
157
153
145
139
136
136
134
127
119
108
101
99
105
109
109
97
90
91
60
35
26
23
24
27
25
19
16
15
16
45
68
76
82
93
104
111
117
124
132
142
145
150
154
158
160
160
161
161
164
165
163
160
158
155
153
148
133
125
126
128
129
134
147
160
172
186
196
200
199
195
183
170
160
148
135
126
126
123
123
136
153
164
165
166
167
166
167
167
168
169
167
164
160
158
157
156
148
139
134
131
128
122
114
105
101
101
107
107
104
92
91
96
61
35
25
24
25
22
20
14
15
25
34
64
84
82
84
88
94
101
110
121
129
138
141
145
150
156
159
159
159
157
160
161
160
158
158
159
157
157
139
123
118
121
123
129
144
161
174
186
194
196
195
190
178
168
159
146
129
116
115
119
124
141
158
168
167
168
169
166
164
166
168
169
169
166
162
159
158
156
148
138
131
125
120
114
107
104
102
103
107
104
101
89
93
107
69
39
26
22
22
19
19
13
20
37
63
94
103
94
82
82
92
97
103
119
124
132
136
139
146
155
157
159
159
159
160
160
162
163
163
164
163
158
145
130
121
114
115
126
141
159
172
182
182
179
179
176
169
163
156
139
121
113
113
124
138
155
165
168
168
170
169
167
166
164
165
169
171
170
165
162
161
158
146
136
129
121
113
107
103
101
104
107
106
100
101
90
94
119
87
39
25
20
22
15
22
31
57
82
103
121
122
98
84
81
88
92
100
111
120
130
135
138
144
151
155
158
159
160
159
160
161
164
166
166
165
161
152
142
133
125
120
124
132
152
164
173
171
168
168
166
160
154
145
129
120
121
126
136
148
160
167
168
167
170
171
169
169
167
166
168
169
169
166
163
161
155
143
133
126
118
110
104
103
105
100
102
105
102
98
91
104
131
89
41
24
19
22
24
44
66
95
117
128
131
121
96
82
81
85
92
99
104
114
127
135
137
142
148
153
158
159
160
159
159
160
164
166
166
165
162
159
153
146
137
129
126
127
139
151
161
163
162
161
158
153
142
132
122
124
135
144
149
154
162
167
168
167
172
173
171
171
169
166
165
166
167
166
163
160
151
140
129
124
115
107
104
105
109
100
100
104
97
90
94
122
140
81
41
25
21
31
53
82
105
118
125
129
123
109
93
81
80
82
92
98
97
107
122
133
138
142
146
150
157
158
160
158
155
157
160
161
161
160
159
158
154
148
142
136
130
127
126
137
148
154
155
154
148
142
130
124
123
133
145
151
153
153
159
163
165
165
170
172
171
171
170
166
164
164
165
164
160
155
147
135
127
121
112
106
107
111
114
104
99
97
90
87
110
150
141
66
42
30
40
62
87
109
125
127
126
123
111
99
92
84
81
79
88
95
91
99
114
127
135
140
143
146
153
156
155
153
150
151
153
155
155
152
154
153
150
146
142
140
135
129
120
127
134
139
140
138
133
128
123
123
130
142
150
152
151
150
154
160
161
160
163
165
165
167
166
165
163
163
164
162
156
151
142
132
125
119
109
104
109
116
110
100
98
99
95
99
133
174
136
50
35
30
76
98
110
121
126
127
126
114
97
90
90
88
85
81
90
99
94
92
104
118
128
136
142
144
149
150
148
147
144
145
147
148
148
147
148
148
147
144
143
142
136
130
122
122
123
123
123
123
124
124
127
130
139
148
151
152
153
152
154
158
158
155
156
157
159
164
162
161
160
160
160
158
152
146
138
130
123
116
107
106
112
119
107
98
98
98
98
114
157
192
130
44
34
31
103
115
124
126
127
123
116
100
85
85
91
94
90
84
91
103
101
93
98
110
120
131
139
141
143
141
140
138
137
138
139
140
140
139
139
142
143
142
141
141
137
132
127
125
123
121
121
123
129
134
140
141
146
150
151
152
153
149
150
153
152
148
149
150
153
158
155
153
152
153
154
153
146
139
134
128
119
113
107
106
112
116
110
101
96
90
101
139
184
199
119
49
37
34
116
120
123
128
126
115
100
84
79
86
99
101
91
80
87
102
106
96
95
104
114
128
138
138
137
135
133
132
131
131
131
131
130
130
130
134
137
138
138
138
136
133
133
132
131
129
129
132
140
148
149
147
148
149
148
150
148
141
142
145
144
142
144
145
146
151
149
147
146
146
149
148
142
135
132
125
116
109
104
105
111
113
103
99
98
94
121
173
205
186
96
44
36
33
115
121
127
129
126
107
88
80
81
93
106
104
86
69
80
105
109
102
97
101
107
120
132
138
133
129
128
127
126
125
124
123
122
123
124
126
129
130
130
130
129
128
135
140
136
137
136
140
144
148
148
149
149
147
145
143
139
136
136
136
135
132
132
136
142
146
144
140
142
140
141
142
143
134
129
122
117
107
104
103
111
113
96
96
95
109
154
213
220
170
67
41
37
34
120
128
136
132
121
99
82
79
82
94
101
98
76
54
64
98
107
109
103
104
108
117
131
137
136
132
127
123
119
118
119
119
117
118
117
119
121
123
123
122
123
124
136
141
138
139
138
141
144
148
148
148
146
145
144
141
136
130
129
128
125
122
121
125
132
137
140
136
138
137
139
142
143
134
127
119
113
108
106
107
116
116
102
93
101
141
194
231
215
149
56
36
34
30
121
133
137
126
110
90
80
81
85
94
97
90
63
37
46
82
102
110
107
105
106
111
128
133
137
135
129
120
113
111
113
113
113
112
113
115
118
121
122
123
125
127
139
145
141
142
139
141
146
151
152
150
146
143
141
138
133
128
125
124
123
121
121
123
127
130
132
131
135
136
140
142
142
133
125
117
111
107
107
111
122
117
100
102
137
187
218
230
209
132
48
34
35
31
126
137
131
116
95
81
79
84
88
94
93
81
50
25
32
63
97
105
110
106
103
106
120
131
137
139
136
124
113
109
112
113
114
116
114
116
119
123
128
131
134
136
146
153
150
151
146
147
152
158
158
155
149
144
141
139
136
133
128
126
125
125
124
123
122
123
122
124
131
134
140
142
140
131
123
117
111
108
109
114
124
115
96
114
172
221
228
226
196
104
39
32
33
29
132
137
129
111
84
73
77
87
92
94
88
67
39
20
25
46
90
100
114
111
101
105
112
130
137
145
143
132
121
117
118
121
125
127
124
122
122
123
129
134
139
141
149
158
161
166
163
162
163
167
165
161
156
154
152
149
143
137
133
128
124
122
121
120
117
115
115
120
129
132
140
141
137
127
119
113
109
109
115
120
123
109
111
147
197
227
231
218
167
72
37
33
32
28
130
134
125
106
81
73
81
89
94
92
83
57
32
20
24
35
72
97
115
115
103
105
106
126
134
146
148
142
134
131
132
136
139
141
136
129
122
118
120
124
129
131
137
149
159
171
173
171
167
167
161
156
151
151
150
144
134
125
121
121
121
123
125
125
121
117
114
119
126
130
138
138
133
125
114
107
107
110
123
125
119
107
133
191
218
222
232
215
139
55
38
34
33
29
131
132
116
102
80
77
87
92
92
87
74
46
27
20
24
29
48
95
113
116
107
107
104
120
129
140
146
145
143
143
145
147
149
147
140
133
124
117
114
113
113
112
120
129
138
152
157
157
150
146
137
134
131
128
125
119
112
108
109
115
123
129
135
136
131
125
121
124
129
129
136
135
130
122
110
103
109
115
127
123
114
116
154
209
226
227
236
204
109
41
36
33
31
28
133
127
114
100
80
78
87
91
90
83
60
36
22
19
24
28
31
96
110
114
112
110
107
116
125
133
143
145
146
146
149
152
150
147
144
141
134
127
121
115
109
104
112
116
116
127
132
132
124
119
116
116
115
111
105
101
104
108
117
126
134
139
143
144
140
134
129
131
132
130
136
133
128
120
110
103
114
119
126
116
110
126
180
215
230
237
225
168
73
35
35
34
33
29
134
119
105
88
80
85
89
89
94
77
49
29
18
20
23
34
24
99
112
119
115
116
111
111
121
128
137
144
148
151
152
154
154
148
145
142
139
136
130
123
118
116
118
119
113
118
122
113
108
110
113
115
113
108
105
108
116
122
128
135
141
142
144
149
150
147
140
137
133
132
131
128
123
120
112
104
113
118
121
114
111
143
202
225
235
242
208
134
58
31
39
38
35
33
125
114
101
85
80
87
89
90
91
70
39
22
20
25
26
36
27
107
130
115
119
112
106
121
120
127
135
142
145
148
150
153
157
153
146
143
140
136
132
127
126
128
133
133
129
129
130
123
122
126
129
129
127
122
121
124
133
138
137
138
141
144
148
151
150
146
140
142
138
128
126
129
126
117
108
103
108
118
121
113
132
177
221
230
234
233
187
100
47
32
38
37
35
32
114
106
94
81
81
88
92
93
90
61
30
18
22
25
25
34
32
119
142
122
120
118
109
117
119
132
140
144
145
148
151
154
157
156
151
148
143
138
131
125
125
127
132
140
145
152
155
153
157
163
155
149
140
135
135
137
137
136
137
139
143
148
148
147
145
146
145
146
139
128
127
133
127
116
109
110
110
117
115
117
163
216
236
235
231
219
152
64
35
36
37
36
34
32
110
104
92
81
82
90
95
95
84
50
24
15
23
24
23
32
33
123
152
138
121
113
108
110
117
138
146
145
140
139
143
147
153
156
153
150
146
143
136
129
126
127
131
138
141
145
147
146
151
156
154
150
144
141
141
142
140
138
137
139
145
149
146
143
142
142
149
145
140
139
139
135
124
113
110
111
111
111
112
137
195
234
240
239
226
193
108
46
32
43
35
33
31
31
112
105
94
84
85
91
97
93
74
39
17
14
25
30
27
29
31
116
161
156
139
115
108
116
117
127
138
141
140
141
144
144
149
153
154
150
147
144
140
133
127
123
124
130
134
139
144
145
149
150
149
149
147
141
132
128
129
131
138
139
143
144
143
143
143
141
140
138
140
144
143
130
118
113
110
101
106
115
133
181
226
238
239
241
219
156
72
42
37
44
32
32
29
27
109
103
94
86
87
91
97
86
61
31
14
15
24
30
30
28
31
111
160
170
158
140
114
109
117
117
129
141
145
148
148
144
146
151
155
152
148
143
139
132
124
119
118
121
123
128
130
129
128
125
127
128
128
126
123
123
127
133
136
140
141
139
139
142
144
143
140
139
140
140
134
126
120
118
107
92
107
135
171
219
240
234
237
238
209
122
57
44
39
35
33
32
29
26
109
104
95
90
91
93
94
77
46
23
15
17
19
26
28
26
34
109
158
177
168
162
131
108
118
116
127
138
140
141
143
142
146
153
154
155
154
147
143
140
134
128
121
116
110
109
109
107
110
109
114
112
112
116
122
126
130
134
136
141
143
141
142
145
147
147
147
145
141
136
132
128
122
116
102
103
133
170
204
232
237
232
240
232
184
96
50
45
36
30
33
33
31
26
114
110
100
96
96
94
93
69
35
15
15
16
17
24
28
25
35
107
155
178
182
180
166
144
120
110
122
133
136
142
149
148
147
148
152
158
159
154
148
146
140
135
130
124
118
118
116
114
117
116
112
111
113
120
126
131
135
138
142
143
144
147
151
154
152
149
146
141
137
134
132
127
112
98
102
128
168
202
227
234
236
243
244
227
157
79
41
42
32
33
32
33
31
26
117
115
104
105
101
94
84
56
24
15
17
20
17
20
28
23
41
101
149
177
186
189
186
181
149
126
122
123
137
142
141
145
143
144
148
157
162
160
156
152
148
147
144
140
134
132
134
137
137
136
132
128
130
134
136
138
141
143
146
150
155
156
157
157
153
147
142
134
134
130
122
121
107
103
128
171
205
228
242
239
238
246
240
206
127
65
39
41
39
36
34
30
30
27
117
116
113
109
103
93
76
45
18
12
21
23
22
25
31
28
39
100
144
172
186
191
192
196
191
175
140
130
129
134
140
144
144
143
149
158
164
163
160
157
156
157
153
149
146
145
148
152
153
152
149
146
146
147
147
147
147
147
151
156
161
163
162
158
150
142
139
134
133
131
124
103
109
137
180
214
232
239
242
240
241
244
231
177
99
51
39
43
39
35
32
28
29
28
117
121
118
112
106
91
68
36
16
17
23
24
23
29
32
33
36
99
144
168
183
194
193
196
213
207
181
151
130
130
137
140
139
141
148
156
162
164
165
162
160
160
157
155
153
153
154
157
158
158
157
156
154
153
152
152
151
150
157
160
162
165
165
161
151
142
142
136
130
125
115
98
134
188
220
241
243
239
240
243
244
238
213
139
70
40
42
43
36
34
30
27
29
29
109
115
112
106
100
84
52
24
13
20
23
22
23
29
31
36
33
98
146
165
180
197
197
196
209
215
209
181
149
130
128
132
135
137
148
152
155
158
163
163
158
155
157
156
157
155
156
158
159
158
160
159
156
153
153
156
157
156
156
157
158
159
163
162
152
140
137
133
122
116
114
142
189
227
239
245
240
241
243
243
244
234
188
107
55
39
47
41
32
32
30
26
28
28
105
102
100
94
89
72
40
16
11
20
23
22
22
29
30
38
33
97
144
166
181
197
199
201
198
205
210
208
185
149
127
127
135
138
148
150
150
152
159
161
158
156
153
156
158
158
159
159
159
159
162
161
159
156
155
158
158
157
152
156
157
154
156
158
150
136
132
123
117
123
150
206
232
239
246
245
241
247
243
237
239
227
157
84
50
41
48
39
30
31
31
26
27
27
106
101
97
93
87
71
44
22
14
19
23
22
23
28
30
37
33
95
139
168
182
193
198
205
197
196
209
222
216
187
152
131
132
138
137
143
149
153
157
159
157
155
152
156
160
161
161
159
159
158
160
161
160
158
157
157
156
154
153
157
157
151
150
154
150
141
128
107
117
149
203
235
241
241
248
241
238
247
245
239
237
210
122
65
46
40
45
38
32
30
31
26
27
25
104
105
107
103
98
85
66
44
23
13
19
22
22
26
30
36
34
91
134
163
180
191
196
205
207
203
210
219
222
215
191
157
138
132
128
138
147
150
153
155
152
149
150
155
160
162
162
161
160
158
159
160
160
159
158
156
156
154
154
155
153
149
150
151
145
137
119
109
141
192
232
238
240
244
247
242
238
247
246
246
231
178
88
51
42
39
42
37
33
32
30
25
27
25
109
111
111
110
109
102
93
73
43
22
15
20
21
25
30
35
34
88
133
158
175
191
194
196
211
206
208
214
217
223
223
197
159
128
129
138
141
142
145
150
149
145
143
148
155
159
161
160
159
158
158
159
158
157
154
153
152
152
152
149
147
149
153
147
134
121
120
140
190
237
238
243
249
240
244
246
244
247
243
242
215
144
67
43
41
41
40
35
33
33
28
25
26
26
116
112
117
122
121
116
111
96
69
46
28
20
18
21
26
36
32
86
128
163
174
190
195
200
207
210
211
211
216
222
226
226
205
166
135
123
133
143
141
146
150
143
146
147
151
153
154
158
159
157
156
155
156
154
152
147
144
148
150
147
145
150
149
133
122
127
157
202
226
240
245
248
247
245
245
248
248
247
246
233
189
101
50
46
41
39
40
37
33
30
27
29
29
26
120
112
122
123
125
123
120
111
94
77
52
29
24
20
25
38
30
84
131
159
171
189
194
200
205
210
212
210
214
219
223
229
229
212
168
137
127
136
142
147
147
143
143
145
147
147
147
150
156
159
153
152
152
149
148
143
138
139
141
138
142
147
138
126
142
177
211
236
239
241
244
247
246
243
245
248
246
243
242
225
155
69
44
42
40
40
40
37
33
30
29
29
28
26
125
117
125
124
125
124
120
116
111
104
81
54
40
27
25
38
32
83
128
155
171
188
192
201
203
208
210
211
212
217
220
226
237
240
216
177
147
136
134
136
138
142
144
146
147
144
146
147
149
153
148
149
149
145
142
137
130
129
132
132
132
132
134
153
190
225
242
251
245
243
246
247
247
245
246
246
244
244
239
202
111
51
40
39
38
38
38
35
31
30
31
30
28
26
131
123
126
121
122
123
117
115
117
115
104
86
63
44
32
36
40
78
122
152
173
184
186
200
203
206
210
211
212
217
220
223
232
240
244
220
192
165
148
139
134
137
139
139
136
135
136
137
137
143
139
136
136
133
131
126
122
125
124
123
128
142
168
203
231
242
241
246
243
245
247
247
248
249
247
241
240
240
228
167
78
48
41
40
39
38
36
33
31
31
33
32
27
27
147
132
129
121
121
124
124
127
128
122
119
109
90
66
46
37
37
72
125
154
169
178
183
197
200
202
210
212
212
216
221
223
231
238
244
241
232
211
192
169
146
135
133
129
125
124
125
123
124
129
128
122
121
122
123
120
118
125
125
128
150
186
218
236
243
245
246
248
247
247
246
243
247
248
245
244
240
233
209
129
57
40
43
42
40
39
36
33
33
33
34
32
28
27
162
140
131
124
122
128
135
140
137
126
123
118
114
93
66
42
30
70
138
159
164
176
184
193
196
202
207
212
212
215
218
219
226
231
239
244
248
244
234
213
188
176
166
146
128
119
115
114
118
120
125
123
125
129
132
129
127
131
148
166
194
220
239
248
248
248
249
247
249
248
247
243
246
244
243
247
246
232
181
93
47
40
39
38
37
37
35
32
32
32
31
30
26
27
162
142
131
129
128
132
139
145
139
128
124
123
126
115
95
62
38
71
142
166
165
176
186
191
195
203
208
211
214
216
216
216
222
224
234
239
245
248
251
245
235
231
219
190
162
143
125
121
127
131
133
137
142
143
142
145
150
161
187
211
230
235
243
251
252
250
247
243
249
248
247
245
247
243
241
246
244
220
141
62
44
44
40
38
36
35
33
31
31
31
30
29
26
25
155
134
130
136
138
137
140
143
139
132
128
130
125
127
122
87
56
68
136
170
169
177
184
189
195
203
212
213
213
216
217
219
226
228
228
232
236
238
244
248
245
242
240
225
214
197
163
143
142
142
140
149
154
147
142
152
174
197
214
230
244
252
254
249
244
249
251
246
251
247
244
244
247
243
238
245
235
195
104
46
44
36
46
43
38
35
33
33
34
34
32
31
27
26
149
130
132
134
141
144
142
140
136
134
133
134
125
132
128
114
90
67
129
166
185
179
176
187
194
203
211
214
217
217
217
218
224
229
230
230
232
236
242
244
242
240
241
240
237
233
204
186
166
147
141
143
150
149
146
164
196
224
235
239
247
253
254
252
247
249
250
249
247
247
248
244
242
246
241
238
223
158
74
45
41
42
40
38
35
34
34
34
34
34
31
31
29
27
152
130
132
134
141
143
141
140
137
136
137
137
131
128
127
126
112
77
130
174
185
180
179
186
192
200
205
209
213
215
216
218
222
226
227
230
233
234
236
239
243
247
249
244
236
240
231
226
215
204
198
196
201
205
208
216
225
236
242
248
248
241
243
250
251
252
246
249
248
246
244
245
246
245
245
230
192
122
57
44
44
43
41
39
34
30
29
32
33
32
31
30
29
28
157
135
133
132
140
143
142
141
139
141
141
138
136
129
127
134
132
95
138
180
186
181
183
185
190
197
203
208
212
215
217
219
222
223
225
228
232
235
237
239
244
247
249
250
244
249
243
241
236
236
229
227
231
233
229
219
211
214
232
246
253
251
249
252
252
248
247
249
249
247
244
247
247
244
248
221
158
84
42
43
45
43
41
40
35
30
30
33
34
33
32
31
30
29
167
146
134
130
136
144
146
144
142
146
143
140
141
138
132
133
134
113
149
180
187
185
185
185
189
195
206
209
213
215
217
218
220
221
224
226
229
233
235
237
242
245
243
253
254
248
223
215
218
226
228
228
231
224
207
180
164
166
187
210
235
249
252
246
246
246
248
244
244
246
246
246
246
243
243
207
130
62
39
42
43
39
37
37
36
33
32
33
34
33
35
32
30
30
181
162
138
127
131
141
147
144
142
145
145
143
141
143
134
130
127
125
147
166
187
192
189
185
189
194
204
208
211
212
214
217
220
221
223
224
227
228
228
232
239
247
238
252
249
224
176
163
173
183
194
199
197
181
157
132
112
109
123
151
190
230
249
248
248
249
243
241
241
242
243
243
244
244
230
180
102
49
41
42
41
40
33
33
33
34
32
29
30
32
36
32
29
28
191
176
150
133
129
137
144
142
139
142
143
144
138
137
131
128
124
127
133
146
178
194
192
186
189
194
200
205
209
210
212
216
220
222
223
223
225
227
229
234
239
242
240
252
233
186
126
106
111
119
132
143
141
119
98
89
78
72
80
104
139
190
232
247
248
240
241
244
243
240
241
243
243
246
215
148
77
41
42
43
41
40
34
33
34
33
30
27
28
33
36
33
29
28
193
187
166
146
134
133
139
143
139
140
140
139
135
128
127
127
123
124
121
130
155
180
193
190
192
192
198
206
211
212
211
215
218
220
221
221
222
225
230
234
235
236
244
246
204
150
102
86
82
86
101
111
113
99
86
87
88
87
98
109
120
152
192
224
242
240
244
246
242
241
246
244
240
243
191
113
57
40
43
42
40
38
37
35
35
33
30
28
30
33
34
33
31
30
191
192
178
157
139
131
136
143
142
140
136
135
134
124
123
124
126
121
120
125
136
163
192
193
197
191
199
208
215
215
212
213
216
216
219
220
221
221
223
226
230
233
238
227
168
119
102
101
92
94
103
105
113
112
106
107
109
110
125
132
127
132
151
183
222
239
246
242
235
240
249
243
231
234
165
86
46
40
43
41
37
35
37
37
35
31
30
30
30
31
32
33
33
31
182
187
185
172
143
126
125
132
141
133
131
133
134
132
131
131
131
130
127
123
131
143
168
192
194
199
202
208
211
210
214
216
216
214
219
220
219
221
224
223
224
235
233
188
123
87
98
107
105
112
114
115
119
114
110
116
119
118
119
118
121
123
115
127
162
211
238
244
240
246
243
238
240
214
126
64
42
42
42
39
40
35
34
32
29
27
26
26
27
28
30
31
31
31
183
190
192
189
171
149
129
121
130
132
125
132
140
145
144
142
139
139
137
131
130
132
147
171
184
199
206
205
204
209
216
216
215
217
219
219
218
221
225
225
224
232
221
155
87
63
87
93
99
105
108
111
115
108
104
117
130
135
128
124
124
127
118
109
116
148
197
234
248
245
237
245
243
185
95
50
38
41
40
38
39
36
32
31
28
26
26
27
29
30
31
31
32
31
172
187
196
198
188
171
143
122
121
126
122
132
147
157
158
152
150
149
149
144
139
131
134
147
164
184
198
202
206
212
217
217
217
218
219
219
219
220
225
226
226
226
202
125
69
55
80
82
89
93
95
101
107
102
101
116
129
136
133
130
125
127
122
105
91
106
142
193
234
242
236
244
237
151
67
42
38
41
41
39
38
35
30
28
26
25
25
28
30
31
31
31
31
30
