16
25
36
53
79
104
120
124
130
136
133
135
136
134
129
130
132
129
127
129
130
129
128
128
128
128
126
123
123
121
118
120
121
118
119
121
123
124
123
122
122
124
126
124
125
126
126
125
124
124
124
126
129
129
127
124
124
124
124
124
122
121
120
120
119
119
123
128
127
127
130
134
137
139
139
136
128
114
87
45
14
10
18
35
46
64
76
75
149
173
172
167
166
167
9
19
37
56
86
114
130
132
137
140
133
135
138
135
130
131
133
129
124
125
125
125
126
128
129
129
124
122
121
119
116
119
119
114
116
118
120
122
121
120
120
121
123
123
124
126
125
123
123
125
127
127
127
126
125
125
125
125
124
123
121
120
122
124
123
122
125
131
133
130
133
136
139
144
142
142
136
127
108
63
22
9
12
33
43
59
75
65
142
175
173
167
167
168
10
27
40
61
93
117
131
134
136
138
135
129
129
134
137
134
129
126
126
126
126
126
126
128
129
130
123
120
120
121
120
119
119
118
118
117
117
119
119
118
117
119
120
121
123
125
124
122
121
123
125
126
124
123
124
126
127
125
124
122
122
122
123
125
125
122
124
130
128
130
132
138
139
143
146
144
144
136
120
86
38
16
13
30
37
58
72
63
145
172
174
170
169
167
13
31
53
70
98
124
136
136
135
136
136
131
131
135
136
132
126
123
123
129
131
126
123
126
129
128
121
118
118
121
121
121
121
121
124
121
120
120
119
118
119
121
122
122
123
124
124
124
123
123
124
125
125
124
125
128
129
127
126
125
125
123
122
125
126
122
122
127
126
128
129
133
136
143
146
146
148
141
130
101
54
24
13
28
31
53
66
67
151
173
173
171
169
168
18
41
67
80
103
127
138
135
134
135
137
133
132
136
136
131
126
124
125
130
132
127
124
125
127
126
119
115
114
118
118
118
118
117
120
120
121
122
121
120
120
121
126
125
124
123
125
127
126
124
126
128
128
125
125
128
128
125
125
126
126
122
119
123
125
122
121
126
125
128
126
130
133
143
149
151
150
145
137
115
68
28
12
23
27
45
52
66
158
181
173
172
172
171
30
57
71
83
103
121
129
130
132
134
137
133
132
135
136
132
131
132
133
130
127
128
128
127
125
124
118
112
110
114
116
116
116
116
117
118
121
123
123
121
122
123
129
127
124
122
125
128
127
124
128
130
129
127
127
129
127
122
123
124
125
122
119
121
124
123
122
125
125
130
128
130
133
142
150
152
150
147
143
125
83
37
16
17
30
40
44
65
155
182
174
174
175
174
38
60
71
87
105
118
124
131
135
137
135
132
132
135
135
133
133
136
138
130
125
127
128
127
124
123
118
112
111
116
119
120
121
121
122
123
123
123
122
122
124
126
129
127
123
122
125
128
128
125
126
128
129
129
131
133
131
125
122
121
124
125
122
121
124
127
123
125
127
133
132
134
136
141
147
151
151
152
150
137
100
53
27
15
34
40
44
66
145
175
174
174
176
175
35
52
70
88
107
117
124
133
138
138
133
131
132
135
135
131
131
134
135
131
126
124
125
126
125
123
123
119
117
119
121
123
124
123
121
124
126
126
124
124
124
125
127
127
125
124
126
128
128
127
125
128
129
130
133
134
132
129
121
119
122
126
124
122
124
127
123
124
127
134
133
136
138
142
144
149
151
156
155
145
114
65
35
19
37
40
40
64
138
180
172
172
174
173
42
59
68
86
103
112
120
131
134
131
131
129
131
135
134
130
129
131
133
131
127
124
122
122
123
124
127
123
122
121
122
123
123
120
117
121
126
127
125
125
124
124
126
126
126
126
126
126
126
127
126
128
130
131
131
131
130
130
123
121
123
126
126
124
125
126
127
128
131
134
132
137
140
141
144
151
152
156
154
147
123
71
39
28
35
44
37
62
137
187
173
172
173
172
35
47
73
87
101
111
121
131
133
128
129
128
129
133
133
130
130
133
134
128
124
125
123
119
120
124
126
124
122
121
122
124
123
118
119
122
125
124
122
121
123
125
125
125
126
127
125
122
122
124
126
128
130
130
129
127
127
129
127
125
126
129
128
128
128
127
131
132
134
135
131
136
140
141
146
154
152
155
152
150
130
77
41
36
33
49
41
65
135
183
175
174
175
174
51
60
75
87
101
109
117
126
129
127
126
129
130
131
131
131
131
131
129
124
124
126
121
118
121
123
125
122
121
123
123
123
122
122
123
126
127
126
123
123
123
123
123
125
124
123
123
123
123
126
126
129
130
129
128
130
130
129
128
128
129
132
131
129
128
131
135
134
134
134
133
135
140
144
148
152
154
154
152
150
134
85
42
34
43
48
37
59
128
176
175
173
174
175
48
61
74
87
100
109
114
119
123
124
126
127
129
129
129
128
128
128
124
123
123
123
122
121
122
124
124
123
123
124
122
121
121
122
124
122
120
119
121
124
126
125
124
125
123
121
123
124
125
127
127
128
130
132
131
129
129
130
131
129
129
131
131
128
128
129
134
134
136
136
134
138
142
146
148
152
154
153
152
152
140
93
46
36
45
47
41
62
129
170
178
176
176
176
51
58
77
88
101
109
113
116
121
125
126
127
127
128
127
127
126
126
125
126
124
122
123
123
121
120
122
123
124
125
122
121
121
123
121
119
118
119
123
126
127
125
126
125
121
120
122
124
125
127
128
127
130
134
133
128
127
130
133
130
129
129
129
128
127
128
132
134
137
136
135
139
142
143
146
151
154
152
151
155
147
104
47
36
45
47
51
78
146
178
181
178
176
175
51
74
78
87
99
106
111
116
122
125
124
126
128
127
125
125
125
124
125
126
123
121
124
123
118
116
119
121
123
125
124
122
121
121
118
117
117
119
122
124
125
125
126
125
121
118
121
123
124
127
128
128
131
134
133
128
127
128
131
129
128
128
128
128
128
128
132
135
138
137
134
137
141
140
142
151
154
151
150
155
151
109
52
39
42
45
52
92
156
181
180
176
174
174
58
72
78
84
92
98
105
116
121
122
122
125
127
126
124
123
121
121
120
120
117
117
121
121
118
118
119
119
121
124
125
124
120
118
114
112
111
113
118
122
124
125
124
124
120
118
118
119
121
125
127
129
131
132
131
129
127
126
126
127
127
126
127
128
129
129
133
136
139
137
135
137
141
138
139
147
152
149
148
154
151
110
55
41
37
41
46
99
161
181
178
175
174
174
65
66
78
82
87
92
103
116
121
120
120
123
126
125
122
119
117
118
117
116
113
113
115
116
117
118
118
118
118
122
125
124
120
116
110
107
106
112
119
123
122
121
121
123
121
119
119
119
120
124
127
129
130
129
129
129
127
124
123
125
125
125
126
129
130
129
131
135
138
136
134
138
141
138
137
144
148
147
146
152
149
111
57
39
30
37
42
100
162
182
177
175
174
175
65
71
77
78
82
89
101
113
118
118
118
122
124
123
120
118
118
118
117
116
114
110
108
112
115
115
115
115
117
120
123
124
121
117
112
111
112
118
123
124
121
118
119
122
122
121
122
121
122
124
128
129
129
128
128
129
127
124
123
125
125
124
126
129
129
127
129
133
135
133
133
139
141
138
138
142
145
146
147
153
150
113
61
37
29
35
39
91
153
176
178
174
174
174
62
66
71
71
76
85
98
106
112
115
115
119
122
122
119
117
117
118
117
117
115
108
104
110
115
112
112
114
116
118
121
123
122
121
120
119
119
121
121
120
119
119
117
120
121
122
124
123
123
125
128
129
128
128
129
129
126
123
125
125
124
123
125
129
129
126
128
132
134
132
132
139
142
139
138
140
143
145
147
154
153
117
65
36
30
38
43
89
152
176
178
174
174
173
58
61
64
66
73
82
92
99
108
115
118
120
122
121
118
116
115
115
116
119
118
114
111
115
119
117
115
113
113
118
120
120
121
123
125
124
124
123
122
120
120
121
122
122
120
120
123
124
125
128
129
130
129
128
129
131
129
125
125
124
121
122
125
126
128
127
127
131
131
129
131
137
140
140
141
142
140
145
151
155
154
122
70
43
39
41
50
95
155
176
178
175
173
174
59
61
62
62
67
75
88
99
109
116
121
122
122
120
118
116
116
116
114
117
120
116
111
113
119
121
119
118
118
119
118
117
118
120
123
122
122
123
123
122
122
122
122
121
119
118
120
121
123
126
127
128
128
127
128
130
128
124
126
124
120
121
124
126
129
129
128
131
130
128
130
137
141
141
140
143
142
142
146
153
154
123
70
50
47
48
56
91
148
175
176
174
174
173
59
61
53
56
64
76
88
100
109
114
122
123
121
119
117
117
119
118
114
116
118
115
112
113
118
121
118
119
119
118
117
117
119
122
121
121
120
121
123
123
122
121
121
120
118
116
117
119
121
125
126
127
127
126
127
128
127
124
128
125
119
119
123
125
129
129
130
132
131
130
132
138
142
143
141
145
143
140
142
148
149
121
76
57
52
55
63
82
130
166
174
173
173
174
52
51
47
57
72
85
95
102
109
114
120
120
119
117
117
119
118
117
116
115
115
115
114
115
117
117
114
116
118
116
116
119
121
123
122
122
122
122
122
122
120
120
121
120
117
116
117
118
120
124
125
126
126
125
126
127
125
123
125
122
118
121
125
127
130
129
131
132
133
132
134
139
143
143
144
143
141
142
145
146
144
121
84
57
48
57
67
76
115
154
172
172
172
173
39
42
53
64
80
90
97
103
109
112
116
117
118
117
119
121
119
116
116
116
117
117
116
117
119
118
117
119
120
119
120
123
124
123
123
124
125
124
122
122
121
121
121
121
118
118
118
118
120
123
124
124
124
123
123
124
124
122
121
119
118
124
128
129
131
129
131
133
135
136
138
141
143
144
143
140
140
143
149
149
143
121
80
52
43
54
67
82
120
155
172
170
170
170
51
58
63
72
80
86
91
99
104
107
114
117
118
119
121
123
120
115
114
117
121
120
117
118
121
123
120
122
122
122
124
125
125
123
122
123
123
122
121
123
124
124
122
121
120
119
122
121
121
122
122
123
123
123
123
123
123
122
120
119
120
127
132
132
133
132
133
135
137
139
141
142
143
144
141
140
140
140
148
151
142
119
72
48
42
51
66
96
141
164
172
170
170
171
62
61
68
78
85
89
93
99
104
106
114
117
119
119
122
123
121
116
113
118
122
120
116
118
121
121
119
120
120
121
122
122
122
121
121
121
119
118
120
123
124
123
123
122
121
121
124
124
124
125
123
124
124
124
123
123
123
123
124
123
122
129
133
132
134
134
135
135
136
138
139
139
140
141
139
139
139
138
146
149
142
123
78
48
45
55
69
110
160
171
172
170
170
170
62
57
70
85
98
102
103
106
109
110
114
117
119
119
122
124
121
117
115
118
121
118
115
117
118
115
117
117
117
117
117
116
114
114
120
119
116
114
117
122
123
120
122
121
120
121
125
127
127
128
126
125
126
125
124
124
124
124
128
126
123
128
131
130
132
133
134
133
134
135
135
135
136
138
139
136
137
138
146
147
144
133
92
52
48
62
76
119
168
173
170
169
168
169
59
66
78
90
99
102
103
105
108
112
114
116
116
119
121
125
125
118
115
119
118
115
116
114
113
116
117
113
114
113
114
113
108
110
116
119
119
115
116
120
120
117
119
115
115
119
123
125
125
123
121
123
124
123
123
121
123
127
129
128
125
127
133
132
130
133
131
133
133
132
132
130
131
131
135
136
134
139
152
149
146
138
105
63
54
65
82
123
172
177
172
168
166
168
64
77
84
92
98
99
102
106
110
114
114
116
115
119
124
128
130
122
120
122
119
117
118
116
112
114
120
117
113
109
109
111
112
115
115
117
117
115
116
119
119
117
114
111
113
119
125
125
122
120
122
125
124
121
119
118
120
125
130
128
124
128
134
132
128
129
131
133
132
131
130
129
130
130
131
136
136
137
139
150
152
139
110
69
53
66
86
136
174
173
169
166
166
168
66
78
87
94
102
107
112
114
113
113
116
118
116
119
124
131
134
125
122
121
118
117
118
115
112
113
117
115
110
109
111
110
110
107
109
110
111
112
113
114
112
111
107
106
108
117
125
121
116
117
124
125
122
119
119
120
121
123
126
122
120
125
132
129
123
125
128
131
131
129
128
129
129
128
132
135
138
139
135
152
157
139
117
78
55
65
89
151
177
167
165
164
165
165
76
81
93
98
105
110
115
117
117
118
121
122
121
122
126
132
134
127
121
120
118
116
115
113
113
115
115
117
111
110
108
107
111
108
102
102
104
108
109
108
106
107
104
104
105
114
121
115
110
114
123
122
118
117
122
125
123
122
123
120
117
122
129
126
121
122
126
127
127
123
122
126
128
128
126
128
134
138
135
148
154
145
130
84
54
60
88
153
174
170
164
164
164
163
74
85
97
102
108
113
116
117
117
121
123
125
125
128
131
135
135
128
119
117
116
113
109
108
111
113
111
115
115
114
108
104
110
109
101
98
98
101
101
98
99
102
101
102
104
110
114
107
104
111
117
116
113
114
120
123
121
118
119
117
114
116
121
120
116
118
125
126
124
118
116
119
121
121
121
124
131
132
136
140
147
149
132
86
57
62
94
149
169
166
165
164
163
163
66
93
101
107
114
118
119
117
118
122
122
123
125
131
135
136
133
125
119
117
115
111
105
105
108
108
105
105
108
110
105
100
100
96
91
85
81
80
78
76
79
85
89
91
94
98
99
94
95
105
111
110
109
111
115
115
112
111
115
114
110
109
111
111
109
111
121
125
126
121
115
110
108
106
103
107
116
121
135
140
141
146
130
93
61
56
95
152
170
160
164
164
163
165
63
88
108
112
117
119
118
116
121
128
124
123
124
133
137
133
125
113
113
111
109
104
100
101
101
96
93
87
88
88
81
78
75
73
65
60
56
55
53
52
56
63
70
69
72
76
77
79
89
102
105
101
98
101
107
106
102
100
113
112
106
97
96
93
89
88
95
100
104
104
98
92
87
86
75
79
91
102
118
127
130
140
136
99
61
61
105
159
176
164
164
164
164
166
78
95
105
111
119
123
122
117
119
125
129
125
126
135
139
129
117
103
98
95
93
89
87
90
86
77
62
60
70
69
55
46
41
42
38
36
36
39
39
40
46
54
56
54
56
60
62
70
87
101
102
93
86
92
102
102
95
91
109
107
96
83
75
68
59
54
53
57
62
64
62
61
63
67
69
71
82
93
94
101
113
135
136
91
62
92
140
170
170
162
164
164
164
164
90
94
111
112
115
117
118
118
120
123
127
129
131
136
138
126
110
105
91
82
80
77
71
62
64
63
51
54
49
51
37
26
24
25
25
25
27
33
38
43
47
50
54
54
52
54
64
73
83
97
100
89
88
87
91
96
88
86
96
93
85
76
66
55
47
37
32
26
23
25
29
35
44
51
64
74
80
88
85
87
102
132
132
90
84
152
180
189
165
159
161
163
162
162
73
97
113
115
117
116
116
117
119
123
126
131
130
135
139
121
100
98
85
67
65
68
66
55
51
48
49
47
38
37
30
26
21
15
10
13
19
28
35
38
43
47
53
52
52
59
69
74
81
90
95
91
93
96
101
105
95
85
84
86
79
70
59
52
44
29
20
16
14
13
12
15
25
34
50
62
72
81
79
80
96
126
133
76
75
165
151
164
176
170
163
164
162
163
53
75
98
109
119
120
119
118
121
126
127
130
133
129
118
106
94
84
77
60
59
58
61
65
68
65
59
58
49
47
42
37
28
19
12
12
18
25
28
29
34
41
47
43
45
54
62
67
77
89
101
103
102
103
107
111
107
94
85
80
69
58
45
32
26
18
12
10
10
13
14
17
25
33
50
61
71
79
77
76
92
121
117
56
48
102
119
114
162
168
163
162
161
162
81
77
76
88
103
116
119
118
121
124
125
120
127
126
107
94
90
81
65
57
65
62
63
71
72
65
56
53
49
47
45
45
45
44
33
29
27
31
34
35
41
50
45
43
47
53
56
62
76
90
98
105
104
103
104
108
113
103
87
75
60
49
39
26
18
13
9
8
6
9
16
25
33
37
55
62
68
73
73
71
85
111
114
71
64
69
129
124
150
171
163
161
160
161
92
101
95
95
98
113
120
118
117
117
120
125
125
113
97
84
73
66
62
56
66
68
70
73
72
66
61
59
62
60
55
50
47
41
37
30
27
28
30
32
37
45
44
46
53
58
58
61
70
78
87
97
99
104
103
99
100
88
69
60
48
41
38
35
23
13
16
22
28
32
38
46
50
51
53
58
63
68
72
70
80
98
101
91
91
74
106
150
151
160
166
162
161
162
98
89
108
100
104
138
165
161
144
125
108
116
114
99
83
76
70
64
62
64
74
80
85
82
78
69
64
58
60
51
42
41
43
38
34
28
25
27
28
25
27
31
35
39
45
53
58
62
66
70
81
91
95
103
102
95
88
73
57
47
41
37
33
28
21
18
19
32
40
40
37
38
39
39
48
53
59
66
76
75
79
89
92
104
104
92
86
126
162
170
167
162
165
170
112
113
118
112
109
125
140
149
169
182
162
138
108
91
83
78
73
68
64
78
89
94
90
76
75
73
70
49
48
43
30
25
27
23
21
21
22
23
23
22
22
26
28
30
35
44
54
59
64
73
87
95
99
105
106
102
95
81
56
43
38
35
29
21
20
28
35
37
34
27
21
21
26
29
38
44
50
58
73
75
80
87
86
108
112
108
99
84
135
168
167
162
167
184
103
115
129
127
120
122
117
108
116
121
147
184
182
140
105
83
69
68
85
91
89
87
75
62
94
125
90
45
33
30
22
15
19
17
18
19
22
22
19
17
20
26
28
29
30
39
48
51
58
72
83
90
93
93
90
87
81
69
49
36
31
27
26
28
26
29
24
17
12
12
16
20
22
23
29
36
42
48
67
74
84
93
83
129
143
113
100
90
99
145
165
163
169
196
99
119
130
133
134
130
121
114
110
104
102
129
166
191
190
159
124
110
108
92
75
58
51
97
166
132
65
33
24
26
20
18
18
23
22
24
28
31
26
18
17
21
29
31
30
35
44
45
49
52
54
52
55
50
49
53
50
45
31
24
27
28
32
26
22
17
16
15
16
15
19
23
23
27
29
31
32
36
62
77
88
95
90
141
160
142
102
87
77
95
139
167
189
218
104
116
127
139
136
129
130
128
125
123
123
115
106
109
137
171
196
212
192
136
97
71
61
137
166
90
32
28
37
31
20
22
22
23
22
26
31
33
29
24
23
26
30
32
30
33
41
40
35
32
29
37
48
56
66
68
59
57
42
27
25
27
30
25
22
18
20
23
26
23
23
24
28
37
43
42
39
39
62
80
93
103
99
154
157
154
119
79
81
101
141
175
205
233
123
126
129
137
135
128
129
128
123
123
121
109
103
99
91
87
109
149
174
124
61
52
57
86
93
57
40
37
39
35
32
35
34
33
31
35
40
41
37
34
35
37
38
34
27
32
47
54
43
35
50
70
77
78
90
96
87
84
56
33
25
31
33
26
25
23
22
28
32
31
31
35
43
53
67
68
62
53
64
78
91
108
106
159
154
158
129
100
133
145
157
195
224
243
135
142
134
130
131
134
135
137
135
132
130
113
91
76
78
77
68
64
57
53
51
48
59
65
56
52
52
48
52
52
52
50
45
48
44
46
46
43
39
37
37
37
35
35
31
31
37
41
31
30
57
83
94
93
101
107
98
92
65
38
24
31
33
26
26
25
29
32
36
37
41
47
52
61
73
78
75
64
70
81
90
106
124
158
157
163
137
115
152
169
179
214
235
246
130
142
147
137
135
133
133
136
131
126
135
119
104
96
96
91
85
89
90
73
82
81
87
76
59
55
48
53
57
57
58
59
55
54
53
51
48
42
39
37
34
32
29
34
36
37
39
36
18
22
45
67
87
97
100
99
97
96
77
45
23
31
34
29
28
27
28
31
37
40
47
53
58
63
72
76
76
71
80
90
92
105
135
165
161
160
137
114
144
171
193
226
239
246
131
142
149
148
140
128
134
140
133
132
131
120
106
96
98
98
91
90
89
89
91
86
77
68
59
53
51
54
52
49
53
58
56
51
50
48
45
43
42
41
39
34
34
38
42
44
50
49
23
25
47
72
90
99
100
101
104
105
94
60
27
31
36
34
33
31
25
31
38
42
48
53
57
64
71
75
80
79
86
96
94
109
133
160
159
159
128
118
157
181
210
238
243
248
151
148
149
152
146
131
134
141
135
136
137
131
121
107
103
101
95
94
95
81
95
85
67
81
69
55
50
54
55
54
53
52
51
49
47
45
43
44
46
46
44
42
40
48
50
43
42
45
21
26
48
81
96
98
101
102
104
105
103
76
38
34
37
36
35
35
36
41
46
47
49
51
52
58
65
72
80
81
86
94
94
114
139
152
155
157
123
127
169
198
231
247
247
251
193
170
151
149
153
142
136
144
143
143
148
140
127
113
106
99
92
94
89
93
105
90
70
80
82
62
51
55
54
52
52
57
59
52
53
50
48
48
50
50
49
48
47
54
52
41
43
54
30
33
60
91
99
101
105
100
100
108
109
89
51
42
40
39
40
43
45
49
52
52
53
55
55
60
70
75
82
84
88
96
93
113
144
161
156
133
111
147
188
222
242
249
248
254
224
202
170
158
158
151
144
151
153
151
149
139
124
115
106
100
102
99
95
101
104
93
71
74
88
70
56
52
52
55
60
64
62
58
52
51
50
47
49
51
53
51
51
53
49
40
47
67
44
47
74
94
96
102
108
103
103
107
113
104
72
54
51
49
50
48
54
54
55
57
59
60
63
65
71
80
89
82
85
93
94
111
137
159
152
113
127
166
206
233
247
250
251
252
219
206
177
161
163
162
156
163
168
168
165
159
139
121
113
110
109
102
102
100
97
92
80
75
79
71
57
49
49
55
58
56
54
51
50
47
47
50
54
54
54
54
53
54
54
46
38
48
48
56
78
96
98
104
109
104
106
109
113
111
85
64
56
53
56
56
55
54
53
56
60
62
63
64
75
80
86
86
92
94
95
109
139
148
123
117
146
189
221
245
251
253
253
252
195
197
173
157
159
164
168
178
180
176
183
180
159
133
118
111
107
101
98
98
98
98
91
77
66
64
56
49
48
53
55
53
51
50
48
47
50
57
59
56
54
55
56
55
53
51
40
36
53
73
84
97
100
105
107
103
106
109
108
113
97
79
68
60
60
60
63
61
57
55
58
61
65
67
75
82
85
86
91
92
97
109
121
118
113
142
171
210
234
247
253
254
254
254
174
193
184
161
147
147
167
189
195
198
203
199
175
145
124
111
104
104
96
100
104
104
100
87
66
56
50
52
55
56
52
52
52
52
53
55
58
61
58
54
53
54
63
62
49
41
47
50
66
81
90
99
103
106
105
102
106
108
109
115
109
98
86
72
64
61
64
65
63
62
61
64
66
68
75
83
82
85
92
96
96
95
96
111
144
167
192
223
239
243
253
254
254
253
163
186
188
164
137
136
168
194
202
217
218
205
175
145
128
117
107
106
105
103
105
103
103
99
82
64
52
55
60
59
55
53
56
57
57
59
62
62
60
59
59
60
53
47
46
52
72
74
77
83
93
100
105
110
108
104
107
108
108
114
110
102
95
83
69
59
58
59
59
59
61
65
69
70
71
84
89
91
91
85
82
75
99
139
173
179
208
232
242
247
253
254
254
253
149
160
168
151
132
141
177
193
194
213
219
195
163
135
127
122
110
103
109
103
103
104
102
102
96
83
67
56
49
51
52
53
55
56
56
58
59
60
59
58
54
50
42
41
63
79
87
87
88
88
92
97
105
110
109
106
106
108
111
116
112
104
103
102
90
76
66
67
68
70
72
76
76
74
79
82
77
75
74
79
92
102
123
154
174
193
220
236
246
251
253
255
255
254
140
141
150
138
130
144
177
193
190
203
199
174
152
136
130
122
109
103
107
106
104
107
104
100
101
96
83
66
52
49
51
52
52
51
54
55
55
55
53
50
47
45
59
72
89
86
83
90
96
90
93
96
102
106
108
105
105
110
109
111
109
107
109
108
100
92
89
83
71
58
49
50
51
53
56
58
64
76
95
113
125
130
133
153
178
214
231
242
248
249
253
255
255
254
139
139
137
129
128
143
174
195
191
190
169
150
143
141
132
115
103
107
108
111
104
106
106
101
104
100
97
90
82
72
62
57
56
54
52
51
52
53
53
56
64
73
82
87
89
94
96
93
92
95
97
98
101
103
107
106
106
114
111
108
111
114
114
107
100
98
93
100
105
103
98
96
96
96
101
112
120
122
123
127
128
126
125
159
201
223
239
247
247
250
253
255
255
254
151
138
127
122
133
141
163
190
197
176
152
139
131
131
125
114
108
106
110
112
110
109
108
106
108
107
100
98
95
92
88
86
82
77
75
75
76
77
78
80
81
83
89
89
90
93
95
94
92
92
96
100
103
103
101
103
106
109
109
111
110
112
116
114
104
95
95
102
108
108
102
99
101
105
112
120
121
130
126
131
126
126
124
167
223
242
249
249
249
253
253
254
254
253
177
153
128
122
128
132
157
193
197
167
140
129
122
122
120
114
110
106
110
111
109
110
109
108
110
109
109
105
102
99
93
90
91
92
89
90
91
92
91
89
86
84
87
90
92
91
89
90
92
94
95
98
100
99
98
101
105
108
110
111
109
109
111
112
107
102
100
104
106
106
103
104
107
110
113
120
123
127
122
129
130
136
128
182
237
246
249
249
250
254
253
254
254
253
211
178
142
128
126
128
153
190
192
158
135
125
118
118
118
114
111
107
109
109
107
110
110
109
111
110
106
101
99
98
94
92
95
98
97
96
94
93
93
91
88
86
90
91
91
88
87
89
90
89
95
98
102
103
103
102
103
103
107
108
110
110
111
112
108
102
101
104
107
109
110
111
113
112
115
122
128
133
134
135
135
135
131
195
245
248
249
251
252
254
253
254
254
253
229
189
161
139
130
130
146
175
176
150
135
125
119
120
118
114
111
108
109
109
108
111
110
107
108
109
104
100
100
100
98
96
97
98
100
98
96
94
93
91
89
88
86
85
84
82
83
84
84
83
87
93
101
105
105
105
105
105
107
107
109
111
113
114
108
99
99
103
108
111
113
115
115
115
121
124
130
131
135
134
134
130
136
204
246
246
250
253
253
255
254
255
254
253
227
179
159
140
131
131
142
162
162
145
129
120
116
119
117
112
110
111
109
110
109
111
108
103
105
107
107
107
109
107
103
101
100
98
101
103
104
102
98
92
86
83
76
76
78
80
80
80
84
89
92
98
104
107
107
107
109
109
113
109
107
108
113
118
112
100
98
102
107
109
110
112
115
118
122
127
135
133
134
130
132
129
147
215
247
248
251
254
252
254
255
255
255
254
220
173
153
143
134
135
144
160
154
136
122
116
114
116
114
111
110
112
109
110
109
108
104
101
103
105
106
109
113
110
104
103
104
103
104
106
108
106
100
92
84
80
76
72
73
78
83
85
88
92
102
107
112
113
111
109
108
108
115
109
106
109
116
121
117
103
96
101
106
109
110
112
116
119
124
129
136
134
137
134
134
130
161
225
249
250
253
252
252
255
255
255
255
255
212
174
159
149
137
138
150
162
143
122
121
115
114
113
111
113
113
112
109
111
108
106
102
100
104
106
106
108
112
113
109
108
110
111
110
110
108
103
96
89
82
79
73
69
70
78
87
91
92
92
99
103
108
110
111
110
109
108
112
110
111
115
119
125
122
107
96
100
105
108
110
114
118
120
128
130
131
127
129
133
137
136
176
234
251
251
253
253
254
255
255
255
254
253
207
180
158
145
129
136
156
166
141
118
119
117
113
110
110
115
116
112
110
111
108
105
103
103
108
109
110
106
108
112
113
112
111
110
109
107
103
98
91
85
79
74
69
71
77
85
94
98
99
98
103
104
105
106
107
108
108
108
113
112
114
117
119
126
124
113
99
99
99
101
106
113
119
123
123
130
133
130
128
131
136
138
189
242
251
250
253
254
254
253
255
254
254
253
201
179
154
136
126
128
152
162
145
122
115
118
117
110
109
114
116
113
112
108
105
106
107
107
109
111
110
109
110
113
114
113
110
109
103
102
100
93
87
82
77
74
68
67
76
88
95
100
98
91
92
99
97
100
101
105
105
103
111
109
110
112
114
121
121
111
100
97
99
100
104
115
120
122
126
129
136
132
131
133
135
145
207
244
253
254
252
254
254
253
255
254
253
254
207
182
157
141
131
128
144
151
138
120
116
117
115
110
108
110
114
115
111
107
105
106
108
108
108
109
109
109
109
110
109
107
103
101
100
99
96
89
82
79
77
76
73
67
73
84
90
89
85
78
82
87
87
92
95
100
100
101
108
105
105
107
109
111
111
105
98
97
101
104
107
115
119
121
124
128
134
134
133
132
132
152
217
248
253
254
254
254
254
254
254
254
253
254
209
187
157
144
134
125
132
136
129
119
118
118
115
111
106
104
108
113
113
108
106
107
109
108
107
106
106
108
108
107
105
104
101
98
98
96
91
84
80
79
81
83
74
66
69
81
80
67
53
42
46
58
71
84
91
98
98
99
102
100
101
104
104
101
99
99
96
98
104
108
110
114
115
118
123
126
129
133
133
131
131
162
228
250
253
253
253
254
253
254
254
254
253
254
218
189
159
146
136
124
127
129
128
123
119
118
116
111
105
101
104
109
111
109
106
107
109
107
105
102
103
106
107
105
103
103
101
98
95
92
87
83
82
85
87
89
75
66
65
73
69
54
36
22
23
40
57
74
86
96
94
94
95
95
98
102
100
93
92
99
101
99
102
106
110
113
113
115
122
126
128
133
133
131
131
175
235
251
252
252
252
253
253
253
254
254
253
254
218
191
163
147
134
122
124
125
123
121
114
115
114
111
107
104
106
108
109
108
106
108
108
106
102
101
102
106
107
105
103
102
100
97
94
89
83
84
87
90
91
91
79
67
62
64
63
57
50
43
44
48
53
61
75
92
88
84
88
90
93
95
92
86
90
102
105
101
98
100
108
113
111
114
122
129
131
132
133
133
137
189
240
251
252
253
252
253
252
254
253
254
254
254
213
196
168
151
135
121
121
120
118
116
113
116
117
114
110
109
109
109
110
110
110
110
110
109
107
105
103
104
105
104
103
102
99
96
92
87
84
86
91
94
92
89
84
70
62
60
60
64
66
65
68
65
61
60
70
87
84
83
86
87
88
87
83
84
94
106
107
104
98
96
105
113
112
115
123
128
132
131
133
133
144
205
244
251
253
254
252
253
252
255
253
254
254
254
220
201
175
157
140
127
123
120
118
117
119
122
121
118
113
109
109
109
111
112
112
112
113
112
110
108
104
103
103
104
104
102
98
96
91
87
86
88
92
93
92
90
86
75
68
66
64
65
69
70
72
69
67
65
69
83
81
87
89
87
85
81
79
87
100
106
106
106
102
97
103
111
113
118
124
126
133
131
133
131
150
217
247
251
253
254
252
254
251
254
253
254
254
254
219
203
174
157
142
127
122
117
116
120
122
124
123
119
113
108
107
109
111
111
111
111
112
112
110
107
107
105
104
104
104
101
96
94
89
86
86
88
90
91
91
91
90
82
77
77
71
69
73
75
70
65
65
65
70
81
80
89
91
87
84
79
79
92
105
104
104
109
107
99
102
110
113
120
126
125
134
131
134
131
154
225
249
253
253
254
252
255
252
254
254
254
254
255
201
193
177
155
139
128
119
116
118
118
120
118
119
121
116
112
107
104
104
106
107
109
113
112
109
109
107
107
108
105
102
100
98
93
87
84
84
88
88
88
89
88
91
89
85
81
79
81
84
82
74
65
67
70
71
79
86
88
89
86
86
87
88
94
101
101
104
110
109
104
104
108
114
121
122
129
134
134
135
129
165
233
252
253
253
254
253
254
254
254
253
252
253
253
171
186
175
158
138
131
124
117
117
116
117
117
118
120
116
111
107
105
105
107
108
108
110
109
107
108
106
105
106
105
101
99
96
92
86
82
83
86
88
88
86
85
88
88
87
85
82
82
81
77
69
64
68
73
74
80
85
87
88
84
86
89
93
100
105
104
103
107
108
107
107
108
111
117
121
130
135
135
135
134
174
241
251
252
254
254
254
254
254
254
253
252
253
253
153
186
179
156
139
132
123
121
120
116
118
120
119
120
117
112
107
106
109
110
109
108
107
106
105
107
104
102
102
104
101
97
94
91
86
82
82
86
87
87
84
82
83
82
84
85
83
82
79
74
70
67
73
76
76
80
84
86
84
85
88
92
94
98
104
106
103
104
107
109
108
108
111
114
120
131
133
135
132
136
187
248
251
252
254
254
254
254
254
253
253
253
253
254
148
180
184
159
152
139
120
123
120
114
118
120
120
119
118
113
107
108
111
111
110
107
107
106
104
105
104
101
101
103
100
95
92
90
86
82
83
86
86
85
83
82
81
78
78
80
81
82
81
78
77
75
80
80
78
80
82
85
86
88
92
94
95
96
100
103
104
103
106
108
105
107
112
114
120
132
130
135
129
133
198
250
252
252
254
254
254
254
254
253
253
253
253
254
150
163
182
173
164
150
128
125
120
115
115
117
118
119
119
112
107
109
109
110
108
107
109
108
106
105
104
102
103
105
100
93
89
87
86
84
84
86
83
81
83
83
81
78
78
80
80
80
81
81
79
79
82
80
77
78
80
84
91
90
91
94
97
99
99
100
105
105
106
106
104
107
114
116
121
131
129
134
129
132
210
250
251
252
253
253
254
254
254
253
253
253
254
254
177
161
174
176
151
143
131
122
120
118
116
118
119
120
116
109
105
105
106
108
108
108
111
111
108
105
104
103
104
104
99
92
88
86
86
84
84
83
80
78
83
86
80
78
80
81
80
78
77
76
78
79
82
79
78
79
80
85
88
89
89
92
96
97
98
101
102
104
106
105
102
106
113
115
122
130
130
134
130
143
223
250
253
253
253
253
253
253
253
253
253
253
254
254
221
191
177
166
141
135
121
115
114
117
119
119
122
121
115
107
104
102
105
108
109
109
112
110
105
101
99
100
102
102
96
90
86
85
83
82
81
80
76
76
82
86
82
80
81
84
81
77
77
77
83
83
84
81
79
80
81
86
86
89
91
92
94
94
97
104
102
103
103
103
104
106
110
116
122
128
131
134
129
162
232
251
254
254
254
253
253
253
253
253
253
253
254
254
232
211
196
168
159
149
116
114
110
118
117
117
121
122
115
108
106
103
104
109
110
108
109
106
100
95
94
94
98
99
94
89
86
84
82
79
79
78
75
75
81
86
86
83
85
87
84
80
82
85
91
90
88
82
80
82
83
88
91
93
92
94
97
96
98
105
105
104
102
103
106
105
109
119
122
126
132
133
128
177
237
251
254
254
254
253
253
253
253
254
254
253
255
255
227
221
204
178
170
158
127
117
112
120
116
114
118
118
114
109
103
101
102
105
107
107
106
106
101
96
92
92
97
97
96
93
87
85
80
75
75
77
74
79
90
94
96
93
96
98
98
89
93
93
95
95
95
92
88
86
87
93
98
99
100
102
105
103
102
102
100
101
102
103
105
106
110
116
121
122
128
133
131
197
245
251
254
254
253
253
253
253
253
254
254
254
253
255
234
221
200
176
165
158
133
116
116
122
117
115
119
119
115
111
105
102
103
105
107
107
108
108
104
99
93
95
98
94
89
86
82
82
75
73
75
78
79
87
98
101
99
95
93
92
89
84
86
84
81
84
89
91
92
91
92
97
99
101
102
105
110
112
112
111
102
101
100
102
106
105
109
115
119
123
132
131
136
208
250
251
254
254
253
253
253
253
253
253
253
253
252
254
233
219
203
174
158
157
144
124
124
123
118
116
120
121
119
115
109
105
104
105
106
107
109
110
107
103
97
97
99
93
87
84
78
76
71
73
81
88
91
94
92
85
81
80
75
76
71
72
73
70
66
66
72
80
83
83
83
82
85
91
94
95
101
108
112
116
107
105
101
102
105
105
109
115
119
122
136
129
147
219
251
252
254
254
254
253
253
253
253
253
254
254
254
254
228
225
204
171
150
145
139
122
119
115
113
113
118
119
117
114
108
104
104
104
104
105
108
109
107
102
99
97
97
93
91
88
76
68
73
76
81
82
80
79
74
65
65
61
58
61
55
56
59
58
57
57
62
69
71
70
71
69
70
75
79
79
82
89
101
110
111
110
106
103
105
107
112
116
121
119
137
131
164
228
251
253
254
254
254
254
254
253
253
253
253
254
254
253
221
228
213
184
161
144
137
126
120
117
112
113
119
119
116
114
107
103
103
102
101
102
105
107
105
100
98
95
95
94
95
91
77
65
73
76
76
70
65
62
58
53
50
46
43
49
39
37
40
40
46
48
51
57
57
52
54
53
59
63
67
70
72
74
83
95
103
107
107
103
104
108
113
116
122
121
135
134
181
236
251
254
254
254
255
255
254
254
253
253
251
254
254
249
217
226
218
193
166
144
137
132
124
120
115
116
121
120
117
115
108
104
103
102
101
103
106
107
105
101
97
94
96
96
96
91
78
71
71
71
69
65
65
61
52
43
34
31
37
47
40
36
38
37
41
43
40
46
50
42
37
31
35
38
45
53
61
62
65
71
86
94
99
98
101
105
109
112
120
124
131
138
195
243
254
254
254
254
255
255
255
254
254
253
252
254
254
247
211
219
222
204
170
149
140
137
130
124
115
115
118
117
115
115
109
103
103
103
104
106
109
108
105
101
97
92
94
94
94
90
79
73
74
69
64
64
69
68
57
46
40
37
45
53
51
50
59
56
52
54
46
52
57
44
31
23
15
19
26
38
49
55
57
61
75
83
90
93
97
99
103
109
118
128
129
149
212
247
254
254
254
254
255
255
254
254
254
252
254
254
252
245
196
204
223
214
177
156
142
133
132
126
118
116
118
118
118
120
114
108
103
103
105
108
110
109
104
99
94
88
89
91
92
87
75
70
72
73
73
75
78
75
65
58
56
48
48
47
47
50
66
64
55
64
56
58
57
39
27
24
22
27
33
42
54
63
69
74
75
80
86
91
95
96
101
109
121
130
130
162
228
249
252
254
253
254
255
255
254
254
253
252
254
252
249
242
182
191
223
219
179
155
137
130
135
131
121
116
121
121
118
120
114
105
102
101
103
108
108
105
101
97
93
88
85
88
88
83
74
68
78
80
83
84
84
83
79
75
73
63
51
42
37
48
63
61
47
47
41
42
41
36
37
38
37
38
51
63
72
80
85
87
90
86
87
85
89
97
101
111
120
129
137
180
239
249
251
253
253
254
254
254
254
253
253
253
253
250
253
246
183
171
208
217
182
156
139
134
139
131
126
121
120
118
120
121
113
108
102
100
101
105
104
102
99
96
92
87
84
83
82
80
75
71
79
82
85
86
86
85
84
81
80
72
68
53
40
44
48
48
39
41
37
38
40
43
51
55
55
53
63
73
82
91
95
94
97
92
88
84
86
94
99
108
118
128
143
192
242
250
252
253
254
254
254
254
254
253
253
253
252
251
253
247
200
154
185
215
198
162
135
130
137
132
130
127
123
121
125
122
111
108
105
101
100
101
100
99
98
97
93
90
85
81
80
78
77
75
80
83
87
85
84
82
83
82
77
69
75
69
55
49
42
43
49
49
42
43
50
53
57
57
64
64
73
80
85
92
95
98
99
95
90
86
87
94
100
109
120
127
152
211
247
251
254
252
255
254
254
254
254
253
253
253
253
252
254
248
216
150
158
204
212
170
131
123
127
131
131
128
125
123
123
120
114
113
108
103
100
100
98
97
98
97
95
92
87
84
81
79
77
77
79
82
85
84
81
78
79
78
74
68
74
75
71
66
56
51
51
48
43
46
55
61
64
66
79
76
78
83
90
95
95
96
98
97
93
89
91
96
103
111
125
129
161
225
249
252
255
254
255
255
255
254
254
253
253
252
253
253
254
248
218
160
137
181
215
179
135
120
116
124
129
124
124
124
116
114
119
120
111
105
100
97
95
94
95
95
93
88
85
86
85
79
75
76
78
81
83
83
81
79
76
74
77
76
74
74
76
78
72
60
56
57
58
61
65
68
72
79
85
87
91
90
90
91
92
96
99
99
96
93
93
95
103
112
126
129
172
235
250
251
254
254
255
255
255
255
255
253
252
252
253
253
253
248
222
181
128
158
209
193
146
119
107
116
124
120
124
128
118
112
117
116
112
106
101
97
93
92
92
92
89
83
81
86
86
79
76
76
80
83
85
85
83
79
74
71
72
69
68
75
77
75
74
70
72
72
74
74
74
77
78
83
81
88
93
90
86
86
87
95
101
101
96
97
95
95
105
115
123
134
190
242
249
252
253
253
254
255
255
255
255
254
252
252
253
253
252
249
229
191
130
139
192
200
157
118
105
108
112
114
120
130
126
114
111
107
110
104
101
98
94
91
92
91
88
83
80
83
83
79
76
77
82
85
86
85
81
78
74
71
64
59
61
68
69
66
66
70
70
74
76
73
77
86
88
92
89
89
90
89
94
96
92
91
102
101
96
99
98
98
108
119
126
148
215
248
248
253
252
253
255
255
255
255
255
254
253
252
252
253
253
251
231
185
134
124
170
199
165
121
108
102
101
106
111
125
130
118
109
106
106
102
99
98
94
92
91
91
90
86
81
80
79
77
76
76
80
83
86
84
82
79
76
73
66
64
65
53
53
60
57
58
64
78
92
91
93
98
95
93
94
100
102
99
100
99
96
99
101
99
95
101
103
99
108
119
132
163
234
252
247
253
253
254
254
255
255
255
255
254
253
253
252
253
254
252
233
183
140
122
145
187
170
124
107
102
98
97
100
109
123
128
116
107
108
102
97
94
91
93
94
90
90
91
87
80
78
78
78
78
81
87
86
84
86
77
77
74
71
69
67
58
53
45
41
62
85
115
107
100
92
103
90
89
92
88
93
93
90
96
100
103
106
104
100
100
95
103
114
117
142
191
243
251
250
252
255
253
254
255
255
255
255
254
253
253
252
254
252
252
230
191
157
125
129
173
170
127
108
99
98
93
93
98
112
124
120
113
105
100
96
93
90
91
91
86
88
89
87
81
79
79
80
81
82
84
85
86
87
83
75
74
74
73
69
57
52
53
68
96
110
117
93
99
73
99
81
87
84
83
82
84
80
87
89
95
98
109
114
103
96
108
116
124
159
222
251
251
253
252
249
252
254
254
255
255
254
254
253
253
253
254
253
253
232
202
155
124
116
157
167
133
113
101
87
86
91
93
101
112
113
107
104
100
97
94
90
90
88
83
86
89
87
81
80
80
80
79
81
79
81
86
86
87
73
73
75
63
62
60
63
73
100
120
106
103
86
90
79
91
81
81
81
85
81
82
78
75
77
85
93
102
110
106
103
108
114
137
191
237
249
251
251
250
250
254
254
254
255
254
254
254
254
253
253
254
254
254
237
205
159
129
110
131
144
128
110
100
90
87
89
87
85
95
102
101
101
98
94
91
88
87
84
81
84
89
87
82
80
81
78
76
80
76
76
82
85
84
74
73
68
68
76
66
75
101
121
109
102
110
87
91
80
91
82
85
80
82
76
72
82
74
83
93
86
94
106
120
122
114
117
149
225
249
250
250
250
249
250
254
254
254
254
254
254
254
254
253
253
254
253
255
229
206
163
128
105
109
124
121
100
92
96
88
86
83
80
87
93
94
94
92
88
86
84
83
82
82
85
89
88
83
81
81
79
78
78
75
74
79
83
78
78
73
73
69
67
62
100
130
125
104
88
94
93
87
85
87
83
83
76
79
77
77
90
78
78
80
84
93
98
111
115
114
130
167
224
248
255
247
252
251
248
252
254
254
254
254
254
254
254
254
252
254
254
255
195
206
161
123
105
104
114
114
95
93
88
84
86
85
82
82
82
83
88
88
85
84
83
83
83
85
87
89
86
82
80
79
78
77
79
76
75
78
82
76
80
74
67
71
69
85
127
122
98
98
102
87
98
88
79
88
84
87
83
85
79
79
80
79
82
90
77
86
91
110
119
123
140
167
201
221
248
250
253
250
251
254
254
253
254
254
254
254
254
254
253
254
254
255
136
179
164
125
105
101
100
101
95
99
87
85
85
80
77
76
75
76
82
84
83
83
84
82
80
83
84
85
83
81
80
78
74
73
78
75
76
78
79
78
78
73
68
72
70
106
151
147
127
118
99
77
101
84
95
86
92
84
91
91
90
90
79
80
78
83
86
86
93
108
116
127
143
164
189
200
225
247
252
250
254
254
253
253
254
254
254
254
254
254
253
254
254
255
85
138
155
121
104
100
96
97
97
96
92
89
84
76
76
77
72
71
78
81
82
82
82
77
74
76
77
79
80
82
83
79
73
72
77
74
77
79
75
81
74
71
67
68
81
151
195
186
169
139
110
102
99
91
95
88
94
87
91
83
88
88
85
86
81
76
79
81
93
100
100
115
127
143
176
193
198
223
246
253
254
253
253
253
254
254
254
254
254
254
252
253
254
255
59
98
120
109
96
94
92
97
95
91
90
89
82
79
81
75
69
72
75
75
75
77
78
75
70
69
72
75
78
80
84
85
80
74
80
76
78
83
76
78
76
70
71
66
110
198
226
217
195
169
130
103
94
92
90
88
93
92
91
84
88
77
86
88
76
92
79
90
103
104
112
127
129
128
149
190
197
202
222
247
252
252
250
251
252
255
253
255
254
254
253
255
252
251
50
72
94
93
91
92
90
93
92
92
88
87
81
80
81
74
68
69
73
71
69
70
73
72
73
75
74
73
72
75
80
85
86
85
78
77
81
85
78
75
73
70
73
72
141
230
231
215
197
157
107
92
94
98
94
88
91
91
91
95
107
94
116
125
111
131
125
131
144
145
141
151
150
135
133
164
203
203
193
231
245
254
248
252
251
252
254
253
254
252
253
255
253
252
44
54
66
75
81
85
83
86
86
89
86
86
82
80
81
77
71
71
73
70
66
66
70
71
72
77
75
71
68
71
75
80
82
84
80
78
80
81
81
77
74
72
65
77
173
236
220
195
150
116
103
101
105
106
107
116
129
129
127
131
142
146
151
154
156
154
152
152
151
147
142
154
159
145
117
135
182
204
191
205
233
252
248
249
254
253
254
251
254
254
254
255
254
252
42
50
55
65
69
73
74
78
78
82
83
82
79
78
79
78
76
75
74
71
66
65
68
69
69
70
71
70
70
70
72
73
75
76
80
80
80
75
81
79
80
79
69
93
192
223
209
199
164
158
170
150
137
139
140
138
144
148
151
157
151
153
142
125
120
126
119
111
100
108
120
123
129
130
97
83
120
177
208
209
198
233
252
242
255
253
251
252
252
254
254
255
254
254
37
43
51
60
64
69
70
74
74
78
79
78
76
76
77
77
76
77
74
72
67
65
66
64
62
62
63
68
70
70
70
72
74
74
80
85
83
72
71
69
73
75
69
100
195
233
228
229
218
199
194
169
145
148
152
146
143
139
125
106
96
88
92
80
59
66
60
77
80
83
95
109
117
114
80
59
72
149
220
228
185
209
244
248
252
252
250
253
251
252
253
255
254
254
34
32
45
54
62
70
71
73
72
76
76
76
76
77
78
78
76
75
73
71
66
64
64
62
59
57
59
61
64
62
61
66
69
70
73
79
78
70
69
69
70
72
60
96
202
242
235
227
203
172
141
140
125
122
117
108
94
81
80
82
81
72
89
74
73
89
89
83
83
89
95
106
121
126
78
58
59
113
210
239
209
185
216
252
251
250
251
249
251
253
253
255
254
253
52
30
37
44
55
68
68
71
70
72
72
74
77
77
77
77
78
75
72
71
67
65
67
65
61
59
57
59
57
56
55
56
58
59
61
65
66
68
69
72
71
73
68
103
209
241
238
211
153
118
99
102
90
89
84
78
80
86
85
85
82
85
83
66
81
74
66
73
86
92
94
103
115
122
85
47
64
79
176
246
232
192
185
230
248
249
250
247
251
254
253
254
254
253
76
36
36
37
46
62
65
68
68
67
68
69
72
74
74
75
77
76
72
72
70
69
71
70
65
62
60
59
58
58
56
53
52
52
53
56
56
61
58
56
53
55
63
107
201
208
172
124
94
89
81
93
85
86
84
83
83
83
84
83
67
76
77
71
73
74
80
75
69
72
96
115
113
114
67
43
59
66
126
211
227
208
169
195
240
247
248
251
250
251
253
254
253
253
104
45
34
34
49
52
54
64
64
65
63
62
65
70
74
74
73
73
71
74
72
69
70
70
67
64
60
61
63
64
63
61
58
57
57
53
52
54
55
57
57
53
56
74
142
128
106
91
86
87
85
91
88
87
82
85
84
81
78
78
61
85
73
69
64
59
70
64
86
94
85
93
120
122
68
50
46
70
96
161
211
204
175
163
203
240
237
244
254
248
252
255
253
253
124
71
41
31
44
49
54
57
58
60
60
64
68
70
72
74
74
73
72
74
72
68
68
69
68
66
63
62
64
66
67
66
66
66
59
57
56
56
54
54
56
56
60
51
104
151
149
137
103
78
82
79
78
78
75
76
73
72
70
73
71
73
61
68
75
70
71
65
71
81
89
97
103
107
56
52
56
73
81
107
172
196
183
157
161
209
235
241
250
252
253
254
253
252
138
95
50
32
40
44
50
50
55
55
62
69
73
72
71
74
74
72
74
75
73
69
68
69
69
69
68
65
65
69
71
72
72
74
71
67
65
64
63
63
63
60
59
54
102
216
206
159
101
83
85
71
71
72
76
81
79
74
74
65
69
67
59
70
67
55
69
69
69
78
92
104
103
94
39
53
57
65
74
75
121
176
193
176
154
174
214
241
248
250
254
253
252
253
149
114
67
44
39
42
47
51
55
55
61
69
74
72
71
73
74
72
74
76
74
70
70
70
71
72
69
66
64
69
72
72
73
74
75
72
70
69
69
70
68
65
71
72
83
186
212
158
97
81
78
70
80
77
73
72
70
66
67
59
63
70
60
67
60
61
67
64
72
79
81
98
114
88
33
49
54
59
70
72
83
131
169
179
173
153
177
227
250
253
254
252
252
253
161
131
91
60
38
42
47
53
53
54
56
61
67
70
71
72
73
74
74
76
75
72
72
71
70
71
68
65
64
67
70
70
70
71
71
72
74
73
71
70
72
71
74
76
81
146
230
177
102
77
80
65
70
64
60
61
65
69
64
64
63
65
59
63
63
70
80
72
81
88
81
88
98
52
40
44
57
61
58
66
68
83
110
135
167
156
159
198
244
253
252
251
251
252
174
139
114
80
43
43
46
51
48
53
56
58
63
69
71
71
72
73
74
75
75
73
72
70
68
68
68
66
64
65
68
69
69
68
70
72
74
75
75
77
77
76
75
79
87
122
210
190
104
85
83
69
72
74
72
68
67
71
57
64
67
65
82
91
96
93
99
99
101
103
107
110
91
32
40
46
57
61
61
60
71
70
76
95
130
149
154
176
230
250
251
251
250
250
187
142
124
100
61
44
41
46
46
52
57
59
64
68
71
69
69
71
74
74
73
71
71
69
67
66
69
67
64
62
64
67
67
66
67
68
70
72
74
77
78
75
81
88
84
90
146
192
132
84
81
74
71
70
63
61
65
71
85
88
95
87
96
98
103
98
102
107
106
105
117
122
76
35
35
49
56
59
69
66
73
75
75
82
91
112
127
148
198
245
251
251
251
249
195
142
123
115
79
44
36
41
46
54
54
57
63
66
68
68
68
69
73
73
71
71
71
70
67
67
68
66
62
58
59
63
65
63
62
65
69
70
70
73
76
76
75
88
92
82
104
171
166
108
79
74
63
65
74
89
91
84
83
73
78
82
88
97
106
113
118
119
123
129
128
111
41
24
35
49
59
64
64
70
67
71
71
81
78
87
98
114
148
221
251
253
250
249
194
149
125
110
90
55
33
35
47
48
51
54
54
60
66
66
68
70
72
73
72
71
70
70
68
67
65
63
61
59
59
60
60
60
58
60
62
65
67
70
74
75
77
81
83
88
98
125
160
147
105
89
95
96
81
76
78
77
77
97
102
116
118
117
106
103
95
90
85
99
109
107
20
28
36
49
58
61
66
71
72
69
74
75
85
96
96
97
122
181
235
249
254
249
201
157
126
115
102
70
33
30
40
44
49
51
52
57
62
64
68
71
74
74
73
71
70
70
68
67
65
63
60
59
56
57
57
57
58
58
58
60
61
65
68
70
77
79
78
89
88
91
121
143
122
84
76
77
75
81
88
100
105
96
75
62
41
33
29
32
26
32
33
42
61
89
15
24
35
47
59
64
67
69
72
74
73
75
80
83
87
95
109
145
205
242
251
249
195
157
128
116
109
88
46
33
37
42
44
47
49
54
60
63
70
74
74
75
73
72
71
70
69
67
64
63
60
58
56
55
56
56
58
58
58
57
58
61
63
64
72
80
77
83
82
84
96
105
88
79
75
80
81
73
59
47
20
14
18
26
14
17
23
29
39
44
49
44
54
106
42
28
37
48
60
67
70
69
72
78
77
80
81
82
88
100
108
123
173
226
240
241
