101
115
130
133
131
130
129
142
168
198
218
223
224
227
231
232
234
234
234
235
236
238
240
241
241
242
244
244
244
244
245
246
246
245
247
247
247
247
247
248
247
247
247
247
247
246
246
245
244
244
244
243
242
242
241
239
238
238
236
234
230
227
227
226
224
221
221
220
216
212
209
206
202
199
199
196
191
188
186
183
181
180
174
170
165
158
149
142
133
123
115
107
103
102
98
112
127
129
129
129
131
151
182
210
225
227
225
228
232
233
235
235
237
237
237
238
239
241
243
243
244
244
244
244
246
247
247
246
246
248
248
249
249
249
249
248
247
247
246
245
244
244
243
242
242
242
242
242
240
238
237
238
236
234
231
229
229
228
225
221
220
218
216
213
210
206
200
196
195
192
189
187
185
182
180
180
178
175
170
163
154
146
134
124
113
105
101
99
100
106
117
120
122
125
137
163
195
216
227
229
229
229
230
233
235
236
236
236
238
239
240
241
242
243
243
243
243
244
246
247
247
247
247
248
248
249
249
249
248
248
247
247
247
246
244
243
242
243
242
242
242
241
241
240
238
238
238
235
231
231
231
230
226
224
221
218
216
211
206
204
202
198
193
190
189
188
186
181
180
182
181
179
172
166
158
150
139
126
114
101
94
94
95
100
106
106
109
120
142
173
201
217
225
226
228
229
230
233
235
236
237
237
237
238
239
240
242
243
244
244
243
244
246
247
247
247
247
247
248
249
249
249
249
248
248
248
247
246
244
243
243
243
241
241
241
240
240
240
238
238
237
234
231
231
232
230
227
224
222
218
215
210
205
203
201
197
194
190
188
188
186
183
182
185
183
181
173
165
158
151
142
129
111
97
88
88
92
95
99
100
104
122
151
183
206
217
223
224
226
229
230
233
235
236
237
236
236
236
238
240
242
244
245
245
245
245
245
246
247
247
247
247
248
249
249
249
249
249
250
248
247
245
244
243
242
242
241
240
240
239
239
239
238
239
236
233
231
231
232
230
227
225
223
218
214
209
205
203
201
197
193
189
186
187
185
183
183
186
185
182
172
163
155
151
145
133
117
100
86
83
90
93
99
101
110
130
159
189
208
218
221
223
225
228
231
233
234
236
235
235
235
235
237
240
244
246
247
246
246
245
245
246
247
247
247
248
248
249
249
249
249
248
250
248
247
245
244
243
242
241
241
240
238
238
237
238
239
239
236
233
231
231
231
229
226
224
221
217
212
207
204
202
201
197
190
188
186
184
183
181
183
185
186
182
171
160
153
151
148
137
118
100
86
80
94
96
100
104
118
141
169
195
211
219
221
223
225
227
230
232
235
236
235
235
235
236
238
242
245
247
248
247
247
246
246
246
248
249
249
249
249
249
249
248
248
247
249
248
247
245
244
243
242
241
241
239
238
237
236
237
237
237
235
233
230
230
229
228
225
224
219
215
210
206
202
201
200
196
190
187
185
182
180
179
181
183
183
180
169
160
155
153
150
139
119
104
89
81
101
101
107
112
128
153
181
202
215
219
222
223
225
228
231
232
235
235
237
237
237
238
240
244
247
248
249
248
248
247
247
248
249
250
251
251
251
250
249
249
248
247
247
247
246
245
244
243
241
240
241
240
239
236
235
235
235
235
233
231
229
229
228
226
224
222
218
215
211
206
202
201
199
195
189
186
183
181
178
177
179
181
178
175
168
162
158
154
149
138
122
110
97
87
103
103
110
119
138
164
191
207
216
219
222
223
226
229
232
233
235
236
238
238
239
241
243
247
249
250
250
250
250
250
249
249
250
251
252
252
251
251
250
249
248
248
246
245
244
243
243
242
241
241
242
241
238
236
235
234
234
233
231
230
229
228
227
224
221
219
216
214
210
207
202
200
198
194
189
185
183
180
177
177
179
181
178
173
166
163
159
154
147
136
122
113
102
94
103
105
109
120
143
169
193
207
215
218
221
223
227
229
233
234
236
236
238
239
241
243
246
249
250
251
251
252
252
252
251
251
252
253
251
251
250
250
249
248
247
247
245
245
244
242
241
241
241
241
242
241
238
236
235
233
233
231
230
229
229
228
226
222
219
216
213
210
208
205
201
198
196
192
189
186
183
181
178
178
180
182
181
175
166
163
159
153
146
136
124
117
106
97
96
98
106
121
146
171
194
207
213
217
222
224
227
229
232
234
236
236
238
241
243
246
247
249
251
253
253
254
254
255
255
255
255
254
252
251
250
250
249
248
247
246
246
246
244
243
241
240
240
241
242
241
239
237
235
233
230
230
227
228
228
226
225
221
217
214
209
206
204
204
202
197
194
192
187
186
185
182
177
180
183
185
183
177
169
163
158
155
147
137
124
113
101
93
89
94
102
120
147
173
195
207
213
217
223
225
227
229
232
235
236
236
238
241
244
246
247
249
251
253
254
254
254
255
255
255
254
254
251
250
250
249
249
248
247
246
246
246
245
243
241
240
240
241
242
241
239
238
236
234
232
231
229
229
227
225
223
219
215
212
208
205
203
202
200
196
192
191
189
188
186
183
178
179
181
181
180
173
166
160
155
151
143
133
122
112
99
88
83
90
99
119
148
175
195
207
213
218
223
225
226
229
233
235
237
236
238
241
244
246
247
249
250
252
253
254
254
254
254
254
254
253
250
250
249
249
249
248
247
246
246
246
245
243
241
240
240
241
241
240
238
237
236
234
232
231
229
228
225
222
221
217
213
209
205
203
201
200
198
194
191
190
188
187
185
182
177
177
178
176
174
169
163
158
152
147
138
128
121
115
106
95
78
86
100
121
147
175
194
205
214
219
222
224
227
229
233
235
236
236
237
241
244
245
246
248
249
251
253
254
254
254
254
254
252
252
249
249
248
249
249
248
247
246
247
246
245
243
242
240
240
240
239
239
237
237
235
234
231
230
228
226
222
219
218
215
211
207
204
202
200
199
196
193
190
188
186
184
183
180
176
177
176
173
169
165
161
157
152
145
136
126
120
118
112
101
77
87
103
125
149
177
196
205
214
217
221
224
228
231
233
234
235
235
237
240
243
245
246
248
249
250
252
253
254
254
254
253
251
251
248
248
248
248
248
248
247
246
247
246
245
242
242
241
240
240
239
239
237
236
235
233
230
228
226
223
220
217
216
214
210
206
202
200
198
197
195
192
189
186
184
182
181
178
176
176
175
172
168
164
161
159
153
146
136
126
118
115
108
95
82
93
109
132
157
183
200
206
214
216
221
225
229
231
232
232
234
234
237
240
243
245
247
249
250
251
252
253
254
254
253
252
250
249
247
247
248
248
248
248
247
246
247
246
245
243
242
241
241
240
240
240
238
237
236
233
229
227
225
223
219
216
214
212
208
205
201
199
197
195
193
191
188
185
182
180
179
177
175
175
173
170
168
164
161
159
153
146
136
126
117
112
102
90
89
97
115
138
161
186
201
204
213
216
221
224
227
229
230
231
233
233
236
239
242
245
247
250
250
251
252
254
254
254
254
252
250
249
248
247
247
248
249
248
247
246
247
246
244
243
241
241
241
241
241
240
238
237
236
234
230
227
225
222
220
216
214
212
208
205
202
199
196
194
193
192
188
184
181
180
178
177
175
175
172
168
168
162
158
156
152
145
135
126
117
109
99
88
98
104
117
141
162
185
197
200
211
215
219
221
224
226
229
231
233
233
235
237
240
244
247
249
250
250
252
254
254
254
254
252
250
249
248
248
247
248
249
248
247
246
247
246
244
242
241
241
241
241
240
240
238
237
236
234
230
227
224
222
220
217
214
212
208
205
203
200
197
194
194
193
188
184
181
180
179
178
176
174
173
170
166
160
155
154
150
144
135
126
115
105
93
84
97
107
119
138
162
182
193
200
208
215
217
222
223
225
228
230
232
232
234
236
239
243
246
247
248
249
251
252
253
253
252
251
250
249
247
248
247
248
248
247
246
246
245
243
242
241
242
242
242
242
241
239
237
238
238
236
231
228
225
222
219
216
215
212
208
206
203
200
196
195
195
194
189
185
183
182
181
180
179
176
173
169
164
158
152
147
143
141
135
125
113
101
91
84
92
104
117
134
159
179
190
198
206
212
215
220
222
224
227
230
231
231
233
235
238
242
243
246
247
247
250
251
252
252
252
250
249
248
247
247
247
247
247
247
246
246
245
244
242
242
242
243
243
243
240
238
236
236
236
234
230
227
224
223
220
217
214
211
208
207
204
201
198
196
195
193
189
186
184
184
183
182
179
175
172
167
162
156
149
144
141
139
133
124
112
101
91
85
85
100
113
130
154
174
187
196
204
210
214
219
222
225
227
230
230
231
231
233
237
240
242
245
246
247
249
251
251
251
250
248
247
246
246
246
246
246
246
247
246
246
245
244
243
243
244
244
244
244
240
238
235
235
235
232
228
226
222
222
221
218
215
211
208
207
205
203
201
199
197
194
190
187
185
184
184
183
179
174
170
164
161
154
148
143
140
138
131
122
112
101
92
85
82
95
109
126
150
169
185
195
203
209
214
220
224
226
228
230
230
230
231
233
236
239
242
244
246
246
249
249
251
251
248
248
246
246
245
244
244
245
246
246
246
245
245
245
244
244
245
245
244
243
241
239
235
234
233
230
226
224
221
221
220
219
216
212
209
208
206
205
203
202
200
196
191
187
183
181
181
180
177
173
168
160
158
153
148
145
141
138
130
119
110
101
93
85
81
90
105
122
145
164
180
192
203
209
215
221
225
227
230
230
230
231
230
232
236
239
241
243
245
246
248
249
250
251
248
247
245
244
244
244
244
245
246
246
245
244
244
245
244
245
246
245
244
243
241
238
234
232
230
227
224
222
223
221
220
219
218
214
210
208
207
204
201
199
198
195
189
185
180
177
176
175
172
170
165
158
156
152
150
147
143
138
128
115
107
100
95
88
79
86
100
118
141
159
174
188
201
209
215
222
228
228
230
230
230
230
231
233
236
239
241
242
245
246
248
249
250
250
249
247
245
244
244
244
244
245
245
245
244
243
243
243
245
247
245
244
243
242
241
237
233
230
227
225
222
221
224
222
221
220
218
214
210
208
206
201
195
192
192
190
187
184
180
176
173
171
168
165
162
156
154
153
152
150
145
138
127
114
103
99
96
91
76
82
95
114
138
157
171
185
199
208
216
224
229
229
230
230
230
231
232
234
237
240
242
243
244
246
247
249
250
250
249
247
245
244
244
244
245
245
245
244
242
241
241
243
246
247
245
243
242
241
240
236
231
227
224
222
219
219
221
220
219
217
214
209
205
204
200
196
191
189
188
187
186
184
182
178
175
170
164
161
158
155
154
153
153
151
145
137
126
113
103
98
95
90
73
79
92
112
137
156
169
184
198
207
217
224
230
230
231
230
231
232
234
236
238
241
243
244
246
247
247
249
250
250
249
247
245
245
244
245
245
246
245
243
241
240
239
243
246
247
245
242
241
240
238
235
229
225
221
219
216
216
216
215
214
212
207
202
199
198
195
193
190
189
189
188
187
186
185
182
178
171
162
157
156
154
153
153
152
149
143
135
124
112
105
98
92
89
73
77
92
113
139
160
177
188
197
204
218
225
229
232
231
229
229
231
233
235
237
240
244
243
242
241
240
243
246
246
245
244
243
245
243
246
247
244
241
240
239
239
242
242
246
248
243
241
241
239
237
233
227
224
221
216
213
210
210
207
206
204
198
194
192
191
191
191
191
190
189
189
188
186
185
182
177
171
162
154
151
152
152
151
150
148
143
135
123
115
105
100
95
91
74
80
92
114
143
165
182
192
198
203
213
220
226
230
231
229
229
231
232
233
235
237
238
239
238
238
238
241
243
244
244
243
244
245
244
246
247
246
245
242
240
238
239
241
246
247
241
239
239
237
235
231
225
221
218
214
211
209
206
202
200
197
192
188
188
187
189
190
192
193
192
192
190
187
185
182
175
168
159
152
151
153
152
152
151
149
145
137
128
121
111
105
99
94
78
85
95
117
146
169
187
196
199
200
209
217
224
230
233
231
230
231
231
232
233
233
234
234
234
234
236
237
238
238
238
240
241
241
243
244
245
244
245
243
238
235
237
241
247
247
240
237
236
234
233
228
222
218
215
213
210
208
203
198
194
191
187
186
187
187
190
192
194
194
193
192
189
185
185
181
174
165
158
152
152
155
154
154
153
150
147
143
136
130
123
114
104
98
81
90
100
119
145
169
189
199
200
200
206
214
222
229
233
232
230
230
233
233
234
234
234
234
234
235
236
237
236
235
235
237
238
239
239
237
236
237
237
236
234
231
236
241
245
243
238
235
233
231
228
224
218
212
211
210
208
206
202
195
189
186
184
185
187
189
194
195
196
196
195
193
190
187
185
181
174
166
159
156
156
158
157
158
155
151
149
148
145
141
135
124
111
102
81
91
101
118
143
168
190
201
202
201
205
212
219
227
232
232
229
229
231
233
233
233
232
232
232
233
235
237
237
236
236
237
237
236
234
230
227
227
229
231
231
231
234
239
240
235
232
231
229
228
222
219
212
209
208
209
209
207
201
194
187
184
184
186
190
191
194
195
196
196
196
194
191
187
185
183
177
170
164
161
160
160
159
158
155
151
150
150
151
149
143
132
117
106
78
89
99
118
145
171
194
205
205
203
206
213
219
226
231
232
231
231
230
232
234
234
233
232
232
232
234
238
241
241
241
240
238
234
229
226
223
224
225
227
229
230
234
238
234
225
222
222
221
221
220
218
213
210
211
213
213
211
205
197
191
190
191
194
197
198
198
198
199
198
197
195
190
187
187
185
181
175
169
166
162
160
158
156
152
149
149
150
152
154
147
136
121
110
76
88
103
124
152
179
199
207
206
204
207
212
217
224
229
232
232
234
235
237
239
240
239
236
234
233
232
235
238
239
240
239
234
228
221
219
219
220
221
221
223
224
229
233
226
213
208
210
212
215
219
218
214
211
210
213
214
213
208
201
196
198
201
204
207
206
206
204
202
199
198
196
192
188
187
185
182
176
171
168
164
160
155
151
148
147
148
149
151
154
151
140
126
115
74
89
108
131
159
185
202
207
206
205
204
209
214
220
226
229
231
233
232
235
238
240
238
235
232
230
225
226
226
226
227
228
222
215
210
210
212
214
214
213
213
215
221
225
218
204
200
203
209
214
215
214
210
206
205
208
208
208
207
200
197
200
205
209
211
209
205
201
196
193
193
192
190
188
185
184
181
176
171
168
164
160
153
149
146
147
148
148
151
153
153
143
129
117
77
95
113
134
164
188
202
208
207
204
204
204
209
216
220
225
227
223
222
223
226
228
225
221
214
206
202
196
197
201
206
208
199
192
189
195
202
209
212
205
200
203
204
211
203
192
194
200
207
209
206
199
193
189
186
185
187
188
186
185
185
186
192
198
200
198
192
189
185
183
184
186
184
183
182
180
177
172
167
162
159
157
150
147
145
142
143
147
151
153
153
148
136
127
83
105
119
137
164
187
203
208
207
204
202
202
205
210
213
216
214
211
208
209
212
211
207
199
189
179
169
165
169
175
180
180
173
166
167
176
189
201
205
198
189
189
193
198
189
180
184
193
200
199
191
180
170
162
156
152
150
147
149
149
152
158
165
168
170
170
170
170
169
168
169
171
172
172
172
169
166
161
156
152
150
148
147
144
142
142
143
148
152
155
153
149
140
133
85
109
120
137
164
190
205
209
208
207
201
198
196
197
199
199
197
196
196
196
196
193
184
173
160
149
140
139
146
154
156
155
149
145
149
163
180
190
191
185
181
184
195
196
184
175
178
187
192
188
174
162
149
138
126
117
110
105
104
103
107
114
122
127
133
138
141
145
149
150
152
154
155
155
151
149
145
142
140
140
142
143
141
141
141
141
144
149
153
155
153
148
141
136
88
110
117
133
161
191
208
211
208
206
200
193
186
183
184
185
184
184
182
182
180
171
157
144
132
121
117
116
125
131
132
130
127
127
134
147
163
173
176
180
188
197
206
205
194
184
182
185
183
174
156
140
122
111
101
92
84
79
76
74
76
81
87
93
102
109
117
124
132
136
139
140
140
139
135
132
128
124
122
126
134
139
142
143
144
144
146
149
150
151
148
145
139
133
92
110
114
128
156
188
208
210
205
202
199
188
178
174
175
178
178
177
172
173
169
156
137
123
112
103
96
95
103
106
103
102
102
105
115
125
141
156
170
188
205
215
215
216
208
198
189
179
167
152
138
121
105
97
89
76
64
57
62
64
66
70
76
82
89
93
103
110
118
124
128
130
130
128
124
122
117
112
110
116
129
137
141
143
144
146
147
146
144
142
142
142
138
132
91
105
107
123
152
183
201
204
203
205
195
182
173
170
171
177
179
173
171
171
167
151
130
115
104
96
89
88
91
88
83
83
84
88
95
104
122
143
163
186
206
216
212
209
200
191
178
164
150
134
120
106
92
83
74
69
66
65
70
70
71
73
78
85
89
91
99
104
109
114
118
122
124
123
121
119
115
108
104
108
120
130
134
138
144
148
150
148
144
140
142
142
139
131
80
88
95
111
140
172
193
201
205
207
191
177
168
166
167
178
182
173
167
167
159
142
121
107
98
90
86
86
87
81
77
78
80
82
85
92
110
132
150
172
193
204
193
184
173
165
154
141
128
112
101
91
77
66
66
77
90
95
88
83
77
76
79
81
84
86
94
97
101
103
106
110
114
115
118
118
115
108
102
102
108
115
126
132
142
149
152
150
144
138
135
133
124
115
83
86
86
96
122
159
191
206
207
204
189
173
164
162
164
178
185
174
162
160
150
132
112
100
93
87
82
84
87
81
79
83
86
87
90
92
104
126
147
170
190
200
209
195
181
173
159
141
122
104
90
85
77
72
80
97
103
97
90
81
74
75
78
78
79
82
85
89
92
94
95
98
101
103
107
108
110
107
103
103
107
112
115
123
134
142
144
141
132
126
121
115
102
93
116
102
91
88
104
141
177
196
207
201
186
170
163
161
168
175
176
163
149
144
132
114
98
86
80
77
71
77
80
79
79
84
89
93
94
94
113
126
155
174
193
213
225
220
206
191
171
148
126
109
97
88
82
85
95
101
95
84
74
70
67
70
73
74
73
72
77
81
81
79
82
84
85
88
94
98
106
110
107
109
114
115
114
118
125
130
128
121
112
106
100
98
95
89
157
136
111
90
91
122
158
180
196
193
179
168
163
163
167
161
147
129
121
115
102
86
72
67
68
70
60
66
69
72
77
84
88
89
90
95
114
134
164
184
197
210
230
221
203
188
170
145
121
106
94
86
80
82
85
85
80
73
67
63
59
59
58
56
56
57
61
66
66
65
68
70
72
76
86
92
102
108
113
118
119
113
108
113
116
112
101
93
94
100
94
97
102
104
187
165
137
104
91
112
144
171
190
187
171
165
162
162
164
146
121
104
92
89
82
70
59
56
58
61
60
69
73
74
77
82
86
89
94
102
113
131
159
180
193
198
206
197
180
171
160
137
115
101
88
82
79
79
77
75
72
70
70
68
65
61
56
52
53
56
59
62
62
60
59
59
60
63
71
81
94
103
112
122
123
114
103
104
104
98
91
90
99
109
122
125
129
129
207
195
164
127
104
111
134
160
179
174
163
162
159
157
153
129
104
96
90
90
86
78
69
63
62
63
79
89
95
92
88
87
93
101
106
117
121
129
146
164
178
182
182
178
165
159
152
131
106
89
83
77
74
75
74
76
77
78
82
87
91
88
81
75
71
68
73
74
74
70
65
60
57
56
62
72
83
91
101
114
119
116
107
103
100
102
111
121
129
131
132
134
135
133
218
216
191
149
115
109
122
139
154
149
150
161
165
161
146
121
105
107
114
114
112
105
98
94
94
94
104
108
111
110
105
100
106
116
127
139
135
127
131
150
172
187
190
192
185
179
171
150
121
96
91
82
75
76
81
90
97
99
105
119
130
130
125
116
102
91
90
89
88
87
82
75
68
62
62
66
71
80
92
104
113
117
117
115
112
115
127
141
146
143
141
141
141
138
208
217
206
164
128
121
131
138
142
134
135
154
169
167
147
128
126
137
145
148
146
140
134
133
131
128
129
125
122
122
122
119
121
128
139
151
149
128
124
143
176
200
206
211
210
205
197
180
149
118
102
86
75
79
92
107
118
122
133
146
155
155
150
141
127
113
104
101
101
102
99
93
85
78
73
70
69
78
91
99
107
115
123
127
128
125
126
135
143
144
142
141
141
138
188
206
202
175
148
142
157
163
159
145
133
147
159
159
142
142
153
166
179
186
187
179
170
166
160
152
146
139
130
127
125
124
126
135
139
150
154
129
122
140
174
206
221
223
222
217
207
192
164
128
103
82
70
80
97
112
122
129
141
146
149
146
141
134
123
114
106
102
102
106
105
102
97
90
86
82
80
88
97
101
107
118
128
132
136
133
129
132
139
144
148
145
143
140
168
186
191
181
162
155
173
187
182
164
150
150
151
148
138
152
174
185
193
202
204
192
179
171
160
150
143
138
128
118
111
111
121
135
146
151
150
117
112
132
175
215
232
230
228
223
212
199
173
137
102
79
68
82
101
111
118
125
134
134
134
131
126
118
109
103
97
92
94
99
101
102
101
97
97
95
94
99
104
104
111
125
134
134
136
139
140
141
143
144
146
143
143
142
156
174
185
185
164
166
178
190
191
179
168
164
163
153
146
159
178
188
188
191
192
178
158
150
144
133
125
125
124
119
115
118
130
142
153
161
149
98
95
133
188
229
237
230
230
228
217
205
178
144
105
78
70
82
93
101
108
115
123
126
125
120
113
109
104
99
94
92
93
96
96
98
101
103
108
109
113
115
111
108
120
136
143
141
143
145
146
150
149
146
143
141
141
140
154
165
179
186
173
175
181
191
192
180
176
176
179
170
159
165
176
181
175
174
173
162
144
137
134
129
127
128
131
132
134
139
149
158
164
174
162
111
104
142
200
241
240
232
230
230
219
206
179
146
110
84
76
85
94
100
103
106
110
116
119
116
112
108
106
104
101
98
97
98
98
100
105
108
116
121
128
129
121
117
129
146
151
149
148
148
149
151
150
145
140
139
138
137
155
160
173
187
186
191
193
202
200
183
176
180
187
183
174
172
168
164
155
152
151
147
138
137
140
141
140
141
145
149
155
162
170
176
179
184
174
136
132
163
209
243
239
231
229
228
218
203
175
146
118
96
87
94
102
109
109
109
105
110
115
118
119
120
120
120
115
112
111
110
108
110
115
118
123
128
134
133
126
124
136
151
159
155
152
150
150
150
149
145
140
138
138
136
160
164
173
189
193
199
200
210
209
190
174
178
189
194
189
181
170
164
153
147
144
145
146
149
152
153
154
155
159
163
170
177
184
189
190
188
179
161
162
181
213
240
241
233
230
227
215
197
172
145
121
103
95
99
108
115
117
118
120
120
123
128
132
134
134
133
131
127
126
126
124
125
128
130
133
134
134
133
131
135
146
157
162
158
154
151
150
151
149
145
142
140
140
139
164
171
175
190
194
197
196
206
210
198
188
187
193
197
194
186
177
174
165
155
150
151
157
160
160
156
157
162
170
178
186
192
194
195
192
187
181
173
179
195
220
241
243
238
234
228
213
192
169
147
127
113
104
102
107
116
121
125
131
131
133
136
140
142
142
142
138
134
132
133
134
136
138
138
140
137
133
133
138
146
156
162
163
160
156
152
151
152
151
147
143
141
141
141
166
172
171
188
195
196
193
202
207
206
206
195
189
187
189
191
186
185
179
170
161
161
166
170
165
160
161
170
183
194
201
202
199
196
189
183
178
179
191
211
229
238
241
238
235
226
208
186
166
146
133
122
113
106
107
114
121
128
134
138
142
144
144
144
145
146
140
135
134
135
135
138
141
141
139
138
137
139
144
151
157
161
163
161
158
154
152
153
152
147
142
140
140
140
164
173
173
188
194
196
194
200
205
209
213
203
189
178
183
193
198
202
200
192
183
179
180
181
178
177
183
189
197
204
206
203
197
191
184
179
178
187
204
222
231
232
235
234
232
222
204
184
163
146
134
127
118
108
106
110
116
126
137
145
154
155
153
152
152
152
149
144
141
141
141
142
144
144
143
143
145
150
155
158
159
160
162
161
159
155
153
153
151
147
141
139
139
138
162
178
184
193
191
191
190
196
201
209
217
214
200
177
172
183
196
206
213
207
200
197
197
195
197
203
207
208
207
204
202
199
193
188
182
178
182
197
209
220
228
231
232
233
231
221
204
185
164
147
138
132
124
113
108
109
114
123
133
143
156
162
166
168
168
165
160
155
152
151
148
147
148
147
149
147
149
156
161
162
160
159
161
161
160
156
154
154
152
147
141
138
137
136
156
186
190
189
186
183
190
199
204
208
216
222
213
194
181
179
184
190
201
206
209
207
206
209
210
208
209
206
201
197
197
197
195
191
186
180
194
207
215
223
225
233
236
236
233
223
210
193
172
156
143
135
130
124
118
115
117
121
125
134
148
160
168
170
168
166
160
160
161
160
158
156
156
157
155
156
159
164
166
164
160
157
157
158
159
157
152
151
150
146
142
138
136
135
139
181
190
189
181
178
189
202
207
208
215
223
220
208
202
197
191
186
188
191
195
198
201
202
201
199
200
198
193
191
193
198
200
200
191
186
199
212
219
227
229
236
238
236
233
224
213
198
179
163
151
142
139
135
130
128
127
130
133
137
143
149
153
157
159
161
160
161
162
164
165
164
165
167
167
167
168
168
166
162
158
155
155
156
157
155
151
151
149
145
140
137
135
133
103
157
184
192
185
178
190
203
206
207
207
216
222
221
223
222
213
204
196
193
190
187
184
184
189
195
197
197
196
195
197
200
202
203
196
193
205
216
222
227
229
235
237
235
229
220
211
199
181
166
155
146
143
142
139
138
137
139
144
146
149
150
153
158
164
168
172
173
173
175
174
173
173
174
177
177
176
171
165
162
157
154
153
153
154
153
150
149
148
144
140
136
134
130
60
117
168
190
190
180
187
199
204
204
210
215
222
223
224
223
220
217
217
214
209
204
196
192
195
201
203
204
205
205
203
201
198
195
196
198
210
220
225
227
227
232
235
233
227
218
209
197
180
166
155
145
142
140
139
140
140
143
151
157
164
167
169
173
177
179
179
179
180
181
183
182
182
182
181
182
179
171
164
160
158
156
154
152
152
151
148
148
146
143
138
134
131
129
30
76
132
171
186
181
184
193
202
205
207
209
215
221
223
225
230
235
237
234
229
222
215
209
206
204
205
206
206
206
204
200
194
190
194
201
213
223
227
228
229
232
235
233
228
219
210
199
183
170
156
146
141
137
134
135
137
142
152
162
173
180
182
183
184
184
181
181
182
184
186
186
185
185
182
182
179
170
163
160
158
157
155
153
152
149
147
146
145
141
137
132
128
127
21
42
78
135
176
189
189
188
199
209
213
212
218
225
225
226
230
233
240
238
233
225
220
217
214
211
205
203
202
199
198
197
195
194
197
207
215
222
227
227
227
231
232
231
226
219
212
201
186
174
160
149
143
137
132
131
132
137
149
161
174
182
186
188
190
190
187
186
184
185
185
184
183
182
180
179
175
169
164
161
160
159
156
153
152
150
147
144
142
139
136
131
128
126
18
20
37
99
162
198
201
190
197
207
212
212
217
222
221
222
225
225
228
232
235
236
233
230
227
224
214
211
206
200
197
196
197
199
204
212
215
220
226
229
230
232
230
228
223
218
212
203
187
173
160
150
145
141
135
131
129
131
142
155
170
180
186
192
196
197
191
189
187
187
187
186
184
183
179
175
170
166
163
161
159
159
156
153
153
152
147
144
141
138
136
131
127
125
12
14
27
79
144
196
209
195
197
203
212
214
217
219
215
219
225
224
233
234
238
243
245
243
236
231
228
223
215
207
200
195
196
198
209
214
216
219
229
234
237
239
234
231
224
218
214
204
187
172
157
148
146
143
138
133
127
126
134
148
164
176
184
191
196
198
196
194
191
190
188
185
184
182
181
175
168
164
160
157
155
154
155
153
154
153
149
144
140
137
134
130
126
123
12
13
20
58
122
183
210
207
195
202
211
218
215
215
213
214
218
226
233
238
239
239
237
235
235
230
228
226
216
205
196
190
191
197
211
216
219
222
229
234
235
237
231
229
222
218
210
199
187
171
156
148
147
149
149
141
129
125
130
140
158
175
184
191
194
194
196
195
194
192
190
188
185
183
180
174
167
161
155
151
149
149
150
152
153
150
146
143
139
136
133
130
124
121
13
14
14
44
102
166
204
206
196
200
207
212
208
211
212
212
215
222
233
236
236
237
235
233
233
225
222
215
204
193
185
183
189
197
215
215
215
217
223
228
229
227
229
225
216
211
206
196
183
166
153
145
147
151
152
147
136
129
130
139
156
173
183
190
193
192
193
194
194
195
192
189
185
182
178
172
164
158
153
149
147
148
150
152
151
149
145
142
138
135
132
129
123
120
14
14
8
31
87
155
201
206
195
198
202
205
201
208
211
214
216
223
229
233
233
233
232
231
228
220
210
202
189
177
172
176
188
199
214
212
212
214
214
215
213
210
212
212
208
205
197
188
175
159
148
140
144
151
153
152
142
132
133
141
155
169
180
186
189
189
189
192
194
195
193
189
185
181
176
170
162
155
150
148
148
149
151
152
150
147
143
140
137
134
131
127
121
120
13
12
7
27
79
145
199
204
193
195
201
205
202
207
211
215
219
225
230
231
228
227
225
225
219
209
197
188
175
167
166
175
190
202
210
203
201
201
199
200
203
201
200
201
198
193
185
175
163
148
137
127
131
140
145
149
145
136
137
144
153
163
174
180
184
186
188
190
192
193
191
188
183
179
173
167
160
154
149
147
148
151
151
151
148
144
141
139
135
131
129
126
120
118
13
11
14
25
67
131
193
203
191
191
202
210
207
208
209
213
217
222
229
229
224
221
216
215
207
194
183
170
161
162
169
182
196
202
196
181
174
178
183
194
202
198
200
195
185
179
171
160
146
130
115
104
108
118
126
135
138
134
134
141
148
156
166
173
179
186
189
190
191
191
189
187
182
177
170
165
159
153
148
145
146
149
150
149
146
142
139
137
133
131
128
124
119
118
13
12
13
22
60
122
190
201
191
188
198
208
206
206
207
211
214
218
224
225
221
215
211
207
199
184
165
151
147
158
177
193
202
202
183
155
138
140
154
178
194
189
185
178
169
163
154
140
124
109
92
81
84
93
101
112
119
122
128
137
144
150
159
166
175
185
188
190
191
189
187
184
179
174
170
165
159
151
145
142
143
146
147
146
143
139
137
136
132
129
125
123
119
117
12
12
9
18
55
118
189
205
193
188
191
199
199
202
204
207
209
213
217
221
218
212
206
201
190
173
152
142
146
165
186
203
211
208
178
139
107
99
112
144
166
163
156
149
140
136
128
115
103
91
76
67
68
75
82
91
100
109
122
134
142
146
151
155
162
174
180
185
188
186
182
179
176
172
168
164
157
149
142
138
139
142
144
143
140
137
136
135
131
128
123
122
118
116
10
12
14
16
48
110
189
209
197
188
188
194
194
200
203
205
204
207
214
219
216
210
202
193
180
161
147
141
153
175
194
208
218
217
197
157
125
112
117
142
159
151
140
125
110
107
104
97
88
78
69
61
62
69
76
83
92
105
119
133
142
143
144
144
149
161
172
179
185
183
179
176
173
171
166
161
155
146
138
135
136
139
143
142
138
137
135
134
131
127
122
121
118
115
9
11
15
16
42
105
181
208
198
188
184
190
192
197
201
200
201
202
207
212
211
205
195
184
169
155
143
145
163
184
204
217
216
218
206
187
165
154
155
162
161
153
136
114
94
87
86
85
85
85
74
74
75
78
85
88
96
108
124
139
146
142
139
135
137
145
158
170
178
180
177
173
172
169
165
159
153
146
139
135
137
139
141
140
138
137
136
133
129
125
122
120
117
114
11
13
12
14
39
98
174
209
200
183
182
189
192
196
200
199
201
202
207
210
208
202
192
180
165
152
146
153
172
191
207
216
214
214
214
205
192
184
181
180
171
158
138
116
94
85
78
75
78
84
87
89
92
95
100
102
108
117
127
140
147
144
141
136
133
138
148
159
168
174
175
175
174
169
165
159
154
149
141
137
137
138
137
136
135
134
134
131
126
122
121
120
119
118
12
14
13
13
33
84
155
196
195
177
180
187
190
194
197
198
201
203
207
208
204
198
190
177
161
151
149
161
180
196
208
214
213
213
216
215
210
202
194
189
180
168
152
132
112
99
86
77
80
87
91
97
101
104
108
111
117
123
130
139
144
145
144
140
136
139
145
152
159
167
172
173
171
165
160
156
152
148
143
139
137
136
133
131
129
129
130
128
123
118
119
119
119
119
11
13
12
7
25
71
137
183
194
185
180
185
186
190
194
198
202
203
206
205
200
194
187
174
159
152
154
170
186
197
207
213
212
213
217
218
214
204
197
195
191
182
169
158
144
129
109
94
90
91
97
102
107
110
113
119
127
132
134
137
139
143
146
144
142
143
146
151
153
161
166
168
166
159
155
150
147
145
141
138
137
136
130
128
125
125
126
125
121
116
118
118
119
119
11
12
9
4
18
55
115
166
190
187
180
184
183
186
192
196
202
204
204
203
197
192
185
171
157
155
162
178
190
198
205
210
209
211
213
215
214
207
203
203
199
190
182
178
172
160
141
123
108
99
103
107
112
114
116
122
129
133
137
136
137
141
146
146
145
145
144
147
147
153
159
163
163
159
152
146
143
140
137
135
134
133
130
127
124
122
122
122
119
116
116
117
121
120
11
12
15
10
13
31
79
133
171
178
176
181
181
184
188
194
200
203
202
200
195
193
186
169
155
157
166
182
192
198
206
207
207
207
212
213
214
211
209
208
201
191
186
185
184
178
166
151
134
119
116
117
122
124
125
129
134
135
136
136
137
141
144
146
145
143
142
143
141
146
152
157
159
156
150
144
139
137
133
130
129
128
128
126
122
120
120
120
117
116
115
119
124
122
11
12
18
15
12
14
43
89
137
162
171
178
180
182
186
191
197
200
200
200
196
193
187
166
152
158
168
186
193
199
206
206
205
207
212
211
212
211
210
211
205
196
186
184
184
184
180
171
155
141
130
129
132
134
132
133
134
133
135
135
136
138
139
142
142
139
138
137
135
138
144
149
152
150
145
141
136
134
129
126
124
122
123
121
120
119
118
119
118
118
118
120
124
121
11
12
16
15
13
6
17
46
96
132
166
175
180
182
185
188
194
197
198
199
196
194
187
164
149
155
172
190
195
200
207
205
205
207
209
209
210
210
210
211
206
199
189
185
185
190
191
186
172
159
151
147
147
146
142
140
138
135
134
134
134
133
132
135
137
134
130
129
127
131
138
142
146
144
140
135
133
131
127
123
120
118
116
117
118
118
118
119
119
119
120
121
122
118
8
7
8
17
15
8
7
24
63
114
161
179
178
180
184
188
191
196
195
198
196
193
181
158
149
158
175
190
195
195
203
203
202
208
210
211
210
209
210
211
209
204
198
196
193
193
196
196
187
173
162
160
155
151
148
144
140
136
134
135
132
127
128
132
133
130
126
125
122
125
131
135
138
136
132
129
128
128
126
123
120
119
116
114
114
117
119
118
117
117
119
119
119
114
8
8
10
15
16
14
7
10
45
100
159
179
178
180
184
187
190
194
196
198
195
190
179
161
155
165
184
192
191
189
195
200
202
209
211
212
213
213
214
214
213
213
209
205
204
204
206
205
197
185
173
167
161
156
152
146
140
137
133
133
131
128
128
129
128
126
124
122
119
118
122
125
131
132
129
127
126
126
125
122
119
118
116
115
115
117
118
117
116
116
116
117
117
114
12
14
13
12
11
16
12
11
39
91
155
178
180
180
182
185
188
192
196
197
194
188
178
166
164
174
182
187
187
185
189
197
204
209
214
217
219
219
218
219
219
220
218
217
216
216
214
212
205
198
186
178
169
164
157
148
141
138
132
129
125
124
123
122
120
120
120
121
117
115
116
120
128
131
130
126
125
125
124
122
119
119
118
117
116
117
117
115
114
115
114
115
115
112
13
16
10
6
3
9
12
17
39
85
148
175
180
180
181
182
185
190
192
195
194
188
180
171
170
177
179
184
187
187
189
198
207
212
213
215
217
217
216
214
216
218
215
216
218
218
213
206
200
195
189
183
177
170
162
152
146
144
135
126
119
117
116
113
112
113
113
115
113
111
113
119
128
132
133
130
126
126
125
123
120
120
121
120
118
117
116
114
114
115
114
114
112
109
9
8
6
6
5
9
10
14
36
78
137
170
179
179
178
181
183
188
189
193
194
189
182
174
171
175
177
181
186
188
189
197
204
205
202
201
200
198
195
193
194
197
193
196
202
200
192
182
175
171
168
168
166
159
153
148
145
145
135
125
116
114
112
108
105
106
109
111
109
110
115
123
133
136
137
132
127
127
126
124
122
122
123
122
119
117
115
114
115
117
116
113
112
107
6
5
5
5
7
14
14
13
31
72
125
163
177
179
179
182
186
190
190
193
195
191
183
174
170
170
172
177
186
192
195
196
191
183
176
171
166
161
156
153
155
158
160
165
170
165
154
143
137
134
135
138
138
135
133
132
132
132
127
120
114
113
111
108
105
104
108
109
106
109
118
130
140
142
138
132
127
126
126
124
122
121
124
123
120
118
116
115
116
117
116
113
111
107
10
9
7
4
3
11
13
13
27
64
117
157
174
178
181
185
188
190
190
193
197
196
187
177
169
166
169
179
190
194
190
176
157
142
132
127
122
119
115
110
111
115
120
126
131
124
112
104
103
104
108
107
107
107
108
106
105
104
104
104
105
106
107
107
106
106
102
104
101
107
118
133
143
143
139
132
126
125
125
123
121
121
122
122
120
119
117
116
115
114
114
112
111
107
13
12
14
12
6
7
10
11
25
60
112
153
170
176
181
186
188
187
189
192
199
201
193
181
170
164
169
181
189
183
167
141
114
98
91
89
88
89
88
84
85
88
92
98
103
95
83
80
84
86
91
86
81
83
84
79
74
72
74
79
85
88
91
95
99
100
98
101
101
110
123
138
146
145
141
134
127
125
125
123
121
120
119
121
120
120
118
117
114
112
112
111
111
107
13
12
16
15
6
8
12
11
21
50
101
148
167
174
185
184
187
188
188
194
198
200
197
188
175
168
173
183
187
174
149
118
88
69
56
57
64
73
76
76
79
81
80
86
90
84
75
75
82
88
87
78
74
76
75
67
57
49
47
54
60
63
64
72
83
91
93
97
104
115
130
143
149
148
143
133
127
125
125
124
120
122
120
120
119
118
116
115
114
113
110
109
107
109
8
7
11
13
6
9
14
14
20
43
95
140
162
172
182
181
184
186
189
191
193
196
198
193
179
171
176
183
186
178
156
126
92
69
54
53
61
75
84
92
98
99
87
92
95
89
78
74
75
76
84
80
79
81
78
70
58
47
40
42
43
42
43
53
72
87
93
98
108
121
135
146
149
148
142
133
128
126
127
125
121
122
120
119
117
115
113
112
111
110
108
107
105
107
6
6
11
18
15
19
25
26
29
45
94
133
159
172
179
179
184
186
187
189
190
195
199
195
184
175
181
188
194
191
182
165
134
101
78
71
79
99
114
129
138
135
117
115
112
105
95
90
90
90
95
93
93
92
86
78
64
52
48
47
46
46
49
61
78
93
97
100
108
120
135
145
149
149
140
131
127
125
125
125
121
121
118
117
114
112
109
108
107
107
107
106
104
105
17
18
25
35
35
39
44
48
49
60
99
135
161
173
176
179
187
187
186
189
191
196
199
194
186
181
185
196
204
203
205
210
188
152
126
112
117
140
162
181
188
179
165
155
144
135
126
122
120
119
117
114
111
108
101
90
75
63
62
64
66
71
79
89
98
102
103
102
106
117
132
143
147
146
136
127
124
123
122
122
119
117
116
114
111
109
106
105
105
105
106
104
102
103
40
43
48
61
61
63
66
70
71
79
104
137
163
174
174
180
190
190
188
189
189
192
194
190
185
184
190
201
210
208
210
220
212
186
163
144
142
161
184
208
217
210
200
191
182
175
169
164
158
152
143
135
129
127
120
108
94
83
83
89
95
100
107
115
117
114
109
106
107
117
132
143
145
142
132
122
121
120
118
118
116
114
112
110
108
106
104
103
104
103
104
101
100
99
67
67
74
83
83
82
81
85
85
91
106
135
162
173
173
181
191
192
191
187
182
184
188
186
184
185
194
203
212
211
209
212
212
204
190
166
152
159
176
200
217
218
214
208
202
198
197
194
187
177
161
148
138
134
131
124
119
115
116
123
129
129
130
131
129
124
119
114
111
116
130
142
144
140
128
119
118
117
113
116
115
112
109
108
106
104
102
101
101
101
102
100
98
97
85
82
87
94
93
92
90
91
89
94
102
128
157
172
174
179
188
192
192
185
179
181
186
186
186
188
196
205
213
216
214
213
213
213
208
189
172
168
173
187
203
211
211
206
200
195
193
193
188
179
166
155
145
140
138
140
145
148
149
148
146
142
137
134
132
131
131
126
118
118
129
141
144
139
125
115
115
115
111
114
115
111
110
108
105
103
101
100
99
99
100
98
99
96
92
90
89
94
93
93
92
91
88
93
97
122
152
171
175
177
183
190
190
185
182
185
189
188
189
193
199
207
214
217
219
218
214
212
208
200
191
184
179
180
187
193
197
195
192
187
185
187
184
177
169
164
159
155
154
160
168
171
168
157
144
137
134
132
134
137
137
133
127
125
133
142
142
135
123
113
114
113
110
114
115
111
111
109
106
103
101
100
99
99
98
96
98
95
92
94
92
91
92
93
93
91
89
90
95
115
143
166
176
178
181
187
189
185
182
187
194
195
194
196
198
205
214
220
221
217
211
206
207
209
207
200
191
184
179
176
178
179
177
177
179
184
185
183
179
173
170
172
175
173
170
167
160
148
138
132
128
132
140
141
141
137
136
140
143
143
139
133
119
113
110
110
110
112
113
110
107
107
107
105
102
98
95
95
94
97
97
99
93
93
92
92
93
94
95
94
93
90
94
111
136
160
175
178
180
183
188
186
185
188
195
197
197
200
202
207
214
218
218
215
209
203
205
207
209
211
209
203
190
181
178
180
181
181
183
187
188
187
186
183
178
176
175
170
162
156
142
137
134
135
135
138
141
141
141
140
143
147
149
148
141
133
119
112
110
109
108
110
112
109
107
107
106
104
100
96
92
92
95
97
97
96
93
95
96
96
96
95
96
96
94
90
90
100
121
148
170
179
178
178
182
183
184
186
190
193
196
199
205
208
212
216
218
215
209
204
202
199
198
203
208
210
205
202
203
205
205
203
200
198
195
192
185
181
174
167
160
153
142
133
124
127
132
139
145
147
146
146
143
145
150
155
156
153
143
131
119
112
108
107
105
107
109
107
105
104
103
101
97
92
89
88
90
93
94
92
86
92
95
99
99
96
94
94
92
88
89
93
107
135
166
181
181
176
179
183
185
185
187
191
195
198
205
208
212
214
215
216
212
207
197
193
190
191
194
196
198
200
203
205
205
202
198
192
185
180
169
162
153
145
137
130
121
114
115
123
130
138
145
147
146
148
149
152
157
158
159
156
145
130
119
111
107
105
103
106
107
105
102
101
100
97
93
89
87
87
87
91
94
89
70
79
86
94
100
97
93
92
90
86
89
88
94
118
153
175
179
173
176
182
184
183
184
188
193
198
205
209
212
213
213
213
210
207
198
194
187
182
179
174
173
174
172
172
173
173
171
165
157
151
142
133
124
120
116
111
110
110
116
126
133
138
143
144
147
152
155
156
158
159
161
159
147
132
121
112
106
106
104
106
106
103
100
99
97
95
91
88
87
87
90
95
98
90
55
63
72
82
93
95
94
94
92
88
91
87
85
101
134
163
173
171
174
179
182
181
182
186
192
198
204
209
212
213
213
214
213
210
205
197
185
176
166
156
149
144
136
134
133
134
134
131
123
117
111
104
100
101
101
102
107
114
123
133
141
145
146
148
152
158
161
160
158
158
160
160
149
133
121
113
108
106
104
105
105
101
99
97
95
93
90
88
88
88
93
97
100
87
45
50
55
65
76
84
89
91
90
88
90
87
81
88
116
150
169
174
175
179
181
181
182
186
193
200
204
209
212
213
215
218
217
214
209
203
194
184
171
155
138
125
113
107
103
103
104
102
96
91
88
88
91
97
102
107
116
123
132
139
147
151
152
155
160
162
165
162
159
158
157
154
143
129
117
110
106
104
101
101
101
98
96
94
92
91
90
90
92
94
94
97
99
83
37
40
41
49
59
68
78
83
84
83
83
81
74
75
100
138
163
172
174
176
179
178
180
184
190
198
205
208
211
213
216
219
218
214
211
208
202
194
182
167
150
137
121
112
104
101
99
96
90
83
82
87
94
103
110
118
126
133
142
146
153
158
160
165
169
168
167
163
160
157
154
148
136
122
112
107
104
102
97
96
97
94
91
90
88
89
91
93
97
100
97
99
99
80
37
35
33
38
45
54
64
71
74
75
73
71
65
67
85
123
158
171
172
174
172
174
177
181
184
197
201
207
209
214
219
217
216
211
208
209
207
201
193
184
172
159
147
138
129
123
121
115
108
102
103
108
114
118
124
132
141
146
150
156
160
165
169
174
178
174
169
164
159
154
150
145
134
121
111
106
101
99
98
94
91
90
90
89
88
88
90
95
101
105
100
98
97
78
38
36
35
37
38
40
45
52
58
60
58
57
54
55
68
103
144
165
168
167
168
173
173
179
182
189
197
205
208
211
215
215
216
213
210
210
208
205
202
198
192
184
174
167
160
154
152
147
142
137
134
135
137
139
141
146
152
156
157
163
166
172
177
182
183
178
169
161
153
148
145
139
128
117
108
103
99
97
94
91
89
89
91
90
89
89
92
97
103
106
103
98
99
85
39
38
39
40
39
37
36
38
41
42
51
52
54
52
56
81
122
153
166
164
164
170
169
177
180
180
191
202
207
209
212
214
217
214
211
210
209
209
208
208
206
202
195
190
184
180
178
175
172
170
165
163
161
160
159
160
163
167
170
175
177
183
187
189
187
180
168
156
146
141
138
132
121
112
104
100
96
93
90
87
87
88
92
90
89
90
93
98
103
106
103
100
102
97
41
40
37
39
40
39
39
39
38
37
37
42
51
52
53
69
102
135
164
169
166
164
164
173
176
172
186
198
204
206
212
216
220
217
215
215
216
217
215
215
213
211
206
202
197
193
192
191
190
189
185
181
177
175
173
171
174
177
184
187
189
192
194
191
186
177
166
152
141
137
132
124
115
107
101
97
93
90
87
85
86
89
92
90
90
91
95
99
103
104
102
104
109
112
41
40
41
40
38
37
37
38
36
31
26
32
45
50
52
61
86
116
153
172
167
158
158
166
166
162
182
193
198
202
210
216
220
218
218
219
222
223
220
219
219
217
214
208
202
198
198
199
200
200
197
194
191
188
185
183
184
188
192
196
197
197
195
188
181
173
162
149
138
133
126
116
107
102
97
94
90
88
86
85
87
90
93
91
91
93
96
99
102
102
100
103
112
124
40
40
43
41
38
37
38
38
33
27
26
27
38
44
47
55
70
95
132
166
168
158
157
161
159
156
173
183
189
197
206
212
217
218
220
223
226
225
220
219
220
221
218
211
203
200
199
201
202
203
202
200
197
195
191
188
188
190
193
197
197
196
190
181
173
166
155
143
133
128
119
109
102
98
93
90
88
87
86
85
88
92
95
94
94
97
98
100
101
100
101
101
114
137
40
39
37
38
38
39
41
41
37
33
24
23
29
32
38
47
60
82
118
163
176
171
162
158
155
148
157
169
180
193
202
204
209
214
221
227
232
228
221
220
222
223
221
213
205
199
200
202
204
206
205
203
200
197
195
191
188
185
189
192
191
188
181
170
162
154
146
134
124
118
110
102
96
93
90
88
87
87
87
87
90
94
95
96
97
99
100
100
100
98
101
101
121
148
41
40
39
39
38
38
38
38
35
34
27
24
26
25
32
43
53
74
118
165
189
188
169
157
151
140
141
156
175
192
200
199
203
210
216
225
232
228
220
219
222
223
221
214
204
199
197
200
204
208
207
205
202
199
198
195
189
183
185
187
186
181
172
160
151
144
136
125
114
108
102
96
92
89
89
87
87
88
89
89
92
96
96
97
100
101
101
100
98
97
98
104
128
154
41
40
42
40
40
38
37
36
36
38
41
27
22
20
27
40
50
66
118
180
207
201
181
162
154
144
136
141
158
178
191
202
208
208
208
213
219
220
220
219
219
219
216
210
202
198
198
199
200
204
206
205
199
195
194
189
184
184
183
184
179
170
162
151
141
136
126
114
106
104
99
92
88
87
87
90
90
89
90
94
96
95
96
100
100
102
103
101
98
97
102
105
130
164
43
42
41
40
40
39
38
38
38
39
42
29
24
21
27
38
46
59
118
186
222
218
198
177
167
153
142
137
140
155
175
192
203
206
204
206
210
214
215
215
213
212
208
204
197
194
194
193
195
198
204
202
195
188
183
179
176
178
180
175
167
156
145
136
129
123
111
102
97
98
95
90
87
87
89
92
93
92
94
98
99
99
98
99
102
103
102
100
98
98
100
111
134
168
43
43
42
41
40
41
41
40
40
39
44
34
27
23
26
35
40
49
101
177
227
231
215
196
181
164
153
141
132
137
153
170
185
197
201
200
201
203
205
204
202
199
195
191
188
187
188
188
191
195
200
200
192
182
175
170
169
171
170
161
151
139
127
120
116
109
98
92
90
92
90
86
84
85
88
90
92
94
97
101
103
102
104
105
108
107
104
102
103
104
106
122
146
175
42
43
43
43
42
44
44
43
41
41
43
36
33
26
25
32
38
45
78
157
219
239
233
215
198
179
167
159
145
138
141
149
163
179
196
196
195
194
194
194
191
187
181
177
175
176
179
182
187
191
193
191
184
173
166
162
160
158
151
141
133
125
115
111
107
100
93
89
89
90
87
84
83
84
86
88
90
92
96
101
103
103
105
105
108
108
104
102
106
109
118
134
164
187
42
44
45
44
45
45
45
44
43
42
40
39
35
28
26
32
38
44
64
135
201
238
246
232
214
196
183
176
162
151
145
143
149
160
172
178
181
180
180
181
179
173
169
163
160
161
165
173
180
183
183
176
165
153
146
143
140
135
126
118
114
110
103
101
98
92
88
86
86
88
86
84
85
86
88
90
91
93
96
100
102
103
105
105
108
109
106
104
109
114
128
150
178
195
43
45
44
45
45
45
44
42
42
42
42
41
39
32
29
32
38
43
56
111
175
226
251
248
231
217
200
187
172
161
156
150
147
147
147
154
160
162
164
165
161
155
151
144
140
141
146
158
168
169
167
155
140
127
120
119
116
112
106
101
99
98
94
92
92
89
85
83
84
84
83
83
84
85
88
90
92
94
97
101
104
105
109
111
112
111
109
105
110
122
143
172
189
199
43
45
43
45
45
44
43
41
41
43
43
44
42
36
32
30
34
37
46
87
147
206
246
253
246
234
218
204
188
176
168
161
154
146
141
140
139
138
139
139
136
132
126
119
114
113
118
133
144
143
137
124
112
104
100
99
99
94
91
90
90
90
90
88
89
90
87
84
84
84
83
84
85
85
88
91
94
97
100
102
105
107
110
115
114
110
108
108
118
138
170
195
200
203
42
44
44
45
46
45
43
42
43
44
46
46
42
38
32
27
28
28
35
68
122
185
233
251
247
238
234
222
208
192
178
168
162
152
143
132
120
114
111
110
108
108
106
99
94
90
93
107
118
115
106
96
91
90
88
88
88
83
82
83
85
87
88
86
87
91
90
87
87
87
87
89
90
89
92
95
99
101
102
102
104
105
111
117
114
110
112
115
134
162
192
208
208
209
41
43
45
46
46
45
44
44
44
43
43
46
46
41
35
26
23
27
32
54
100
158
216
248
249
242
242
238
226
213
198
183
173
161
157
146
134
120
105
92
85
83
86
90
92
88
85
90
96
96
90
81
77
80
82
82
78
75
77
80
83
84
83
84
86
90
92
93
94
92
93
95
96
94
94
99
101
102
104
105
104
104
112
114
117
118
119
130
158
189
207
208
208
207
41
43
44
45
45
44
44
44
44
44
43
47
46
42
36
29
26
30
34
45
75
124
188
236
250
250
248
247
241
232
219
204
190
176
163
155
147
137
121
104
93
86
85
85
86
86
87
89
92
90
89
81
75
75
76
75
75
73
76
77
78
78
78
80
85
89
94
96
96
96
98
100
100
98
97
100
102
103
103
105
107
108
111
114
119
127
139
156
182
205
209
205
206
210
41
43
45
45
45
44
44
44
44
43
42
45
45
43
39
32
28
29
32
36
52
90
156
218
245
249
249
250
250
248
237
223
209
190
175
163
154
149
141
128
111
98
90
83
81
84
86
88
86
83
82
77
73
73
72
74
75
74
72
72
73
74
75
78
83
87
92
94
96
98
100
103
103
101
100
100
105
106
104
104
106
105
109
114
123
140
163
183
200
212
208
201
205
211
