126
109
128
160
186
197
208
217
220
226
227
226
225
226
226
226
228
229
230
228
227
226
226
224
224
223
225
225
225
225
225
225
225
224
225
224
223
223
224
224
225
225
224
224
223
221
219
218
215
213
212
207
203
202
201
201
200
198
197
197
198
197
192
189
184
181
178
171
162
154
147
141
133
125
121
116
111
106
103
101
99
96
86
79
66
50
39
35
35
36
31
26
22
18
106
104
127
163
190
200
211
220
221
223
225
224
224
224
225
226
227
229
230
228
227
227
227
227
226
227
225
226
227
228
228
227
227
227
226
225
224
224
224
225
225
225
225
225
224
221
219
218
217
216
211
207
205
207
206
204
202
199
199
198
201
200
194
188
184
181
178
172
164
158
151
144
136
126
124
117
111
106
102
101
100
97
92
86
71
52
36
29
29
33
32
28
23
19
93
106
134
166
189
203
217
221
221
222
223
224
224
223
222
223
226
228
229
228
227
227
229
231
230
228
227
226
226
227
227
226
225
225
225
226
226
224
223
223
224
225
225
226
225
222
219
218
218
218
213
210
208
207
207
205
202
200
202
204
204
200
196
192
188
184
179
171
165
160
155
147
137
126
120
116
112
108
104
103
103
101
94
91
79
58
38
27
26
30
29
30
28
24
92
112
143
172
192
204
215
218
219
221
223
224
224
223
222
223
224
225
226
226
226
226
228
229
230
230
228
228
228
229
228
226
225
225
224
224
223
222
221
222
223
224
226
227
226
223
220
218
218
217
214
212
209
208
207
205
203
202
201
203
204
201
198
195
190
186
177
170
164
161
155
147
136
126
119
115
113
110
107
106
106
104
97
95
83
63
42
28
26
30
31
30
28
24
99
127
154
179
196
208
216
217
218
221
222
223
223
222
221
222
222
222
224
225
226
227
229
230
230
230
228
228
228
229
229
227
225
225
224
223
221
220
221
222
223
223
226
227
226
223
220
219
218
217
214
212
209
207
205
203
202
201
198
201
202
203
202
199
193
187
180
174
170
165
159
148
136
125
118
113
111
111
108
109
108
106
103
100
88
68
48
31
24
26
30
29
27
24
114
139
164
184
199
210
217
217
218
221
221
222
222
221
220
220
220
220
224
225
227
229
230
230
230
229
227
227
228
228
228
227
226
225
224
223
221
221
221
222
223
223
225
226
225
222
220
219
218
216
213
210
207
206
204
202
200
199
197
200
202
204
203
200
193
187
184
179
175
169
161
151
137
127
118
114
110
109
108
109
108
106
106
102
91
74
54
36
26
24
27
28
25
21
133
147
174
190
201
210
216
216
218
220
219
219
219
219
219
220
220
220
225
226
228
229
230
231
229
227
228
228
228
228
227
227
226
225
224
223
222
222
222
221
222
223
224
225
223
221
219
218
216
214
211
209
206
205
205
204
202
200
198
201
202
204
203
198
192
187
185
179
173
165
156
146
138
129
122
117
112
110
108
108
107
105
105
101
90
77
62
43
31
27
26
28
25
18
148
158
184
196
205
210
214
215
218
219
215
217
218
218
219
221
222
223
226
227
228
229
230
231
230
230
233
233
232
231
230
229
228
226
223
222
222
223
222
221
221
223
224
224
222
220
218
216
214
212
208
206
204
204
206
205
203
201
200
201
202
202
201
195
190
186
185
178
170
160
148
139
131
125
122
117
113
110
107
107
106
105
107
101
91
81
69
49
33
28
27
29
26
18
147
164
187
199
208
212
213
214
218
219
214
217
220
221
222
224
226
227
229
230
230
230
231
233
236
236
239
240
240
237
235
233
230
228
224
222
221
222
222
221
221
222
224
223
222
219
217
217
214
211
208
206
205
204
203
202
201
201
201
200
199
199
197
193
188
183
182
176
169
160
147
136
126
120
117
115
112
110
107
106
107
105
109
102
94
85
72
53
35
28
30
30
26
19
134
159
183
197
208
212
212
213
217
217
216
219
222
224
225
226
228
229
231
232
233
232
233
237
241
243
243
245
245
243
239
236
233
229
226
222
220
221
222
221
221
222
223
223
221
218
218
217
215
212
209
208
207
205
202
200
200
201
201
198
196
196
195
191
186
181
176
173
170
163
150
138
126
118
113
112
112
111
108
107
106
105
106
101
94
86
75
55
37
30
32
30
25
20
135
161
185
199
210
211
210
213
216
216
217
219
221
224
225
226
229
230
230
233
235
233
236
242
246
248
249
249
249
246
243
239
233
228
224
220
218
221
222
220
220
223
224
223
220
217
215
217
218
214
210
206
204
203
199
198
199
201
199
198
194
192
191
189
183
177
174
170
167
163
153
139
127
119
114
113
110
108
106
105
107
109
106
107
95
85
79
59
40
32
31
31
26
20
147
175
191
201
210
210
209
212
216
217
218
219
221
223
224
226
229
230
230
234
236
237
240
244
249
251
250
251
251
247
243
238
232
227
223
220
219
221
222
222
222
223
225
223
220
215
212
215
217
216
212
208
205
203
198
195
197
198
199
197
193
188
186
184
181
178
174
169
164
157
147
134
125
119
114
113
112
110
108
106
107
108
108
104
93
86
79
61
44
35
28
26
25
22
155
180
193
201
208
209
209
211
215
216
219
220
221
223
223
225
228
230
233
235
239
241
245
247
250
251
250
250
247
243
237
232
228
224
221
219
219
219
221
221
222
222
224
222
219
213
209
212
216
216
212
208
205
202
197
195
196
197
199
197
193
186
182
180
178
177
174
167
159
150
138
128
121
118
113
114
113
112
109
107
107
108
107
101
91
87
76
58
46
40
29
23
24
24
156
177
190
198
206
209
208
210
213
215
218
220
222
223
223
224
227
231
235
236
239
244
247
248
248
249
249
245
239
234
229
226
224
222
220
219
218
216
217
219
221
222
222
220
217
212
210
212
214
213
208
204
202
200
198
197
197
196
200
199
195
188
182
179
177
174
172
163
151
141
131
122
117
115
111
112
113
112
110
107
107
108
103
98
93
88
73
55
48
44
32
23
21
23
154
176
189
198
206
208
207
208
211
214
217
219
222
223
222
223
227
231
235
234
237
244
248
249
248
245
248
241
233
228
225
222
221
220
219
219
216
214
214
217
220
222
220
218
216
213
213
214
213
209
204
200
198
199
199
201
200
197
198
197
194
188
182
180
176
174
168
157
145
135
126
117
113
112
110
111
111
111
109
107
107
108
103
98
95
91
74
54
47
42
34
23
19
20
155
182
191
199
206
206
204
207
211
214
217
218
220
221
221
223
227
230
234
233
235
241
247
249
248
246
243
237
229
224
222
221
219
218
218
217
215
212
212
215
218
220
218
216
216
215
215
214
211
207
204
201
200
201
202
203
201
197
193
192
188
183
180
178
176
174
164
152
141
133
124
116
112
110
110
110
110
109
108
107
107
108
106
101
96
92
78
58
48
39
31
22
17
18
159
183
190
198
204
202
202
207
212
214
218
217
217
217
221
224
226
227
231
230
231
235
241
244
245
244
238
232
226
222
221
220
219
219
219
218
217
215
213
214
216
218
218
218
219
218
215
213
211
209
208
205
204
204
203
203
201
196
190
189
186
181
178
176
172
170
158
147
139
132
123
114
111
110
110
108
108
108
107
106
106
106
106
103
97
92
79
59
46
36
29
22
17
15
156
172
185
194
200
199
201
207
212
213
220
217
214
215
220
224
225
225
228
227
226
228
233
237
239
239
237
231
225
221
221
221
222
223
222
221
220
219
216
214
215
217
220
221
224
221
215
212
213
213
211
208
206
204
202
201
199
195
192
192
189
184
179
174
169
164
153
144
137
130
121
111
109
109
109
107
107
106
106
105
104
104
103
103
98
91
77
58
43
33
30
25
19
15
147
166
186
195
201
205
201
207
213
217
218
217
216
217
221
223
223
221
223
226
226
224
223
225
230
233
230
226
221
220
220
221
223
226
225
224
222
220
218
217
217
218
221
225
226
222
218
217
217
217
215
212
208
205
201
198
196
195
196
195
193
187
180
175
170
164
150
143
134
126
119
112
108
107
106
105
107
106
104
104
105
104
103
101
96
86
72
57
43
35
31
25
21
16
145
164
182
191
198
202
202
208
211
215
216
217
218
219
222
221
220
217
218
222
225
223
220
220
222
224
226
222
220
221
222
223
225
229
227
226
223
222
220
219
219
220
223
225
225
221
216
215
216
216
215
212
208
204
200
197
196
195
194
195
191
184
179
177
168
156
150
146
138
130
122
113
108
107
107
106
107
106
105
105
106
104
104
99
91
83
73
60
46
35
30
22
18
14
141
161
180
189
193
197
200
205
207
213
214
216
218
220
222
221
220
219
218
222
226
225
223
221
221
222
224
223
224
226
227
227
230
232
234
230
227
224
222
220
220
220
221
223
223
220
216
215
215
214
213
211
208
204
200
197
195
195
196
197
191
182
180
176
161
148
150
146
141
135
126
115
109
108
108
106
108
107
107
107
108
107
106
99
90
82
75
64
50
39
30
22
18
14
136
159
182
188
187
190
195
202
204
211
214
216
219
220
221
222
221
222
220
222
225
226
224
222
221
221
224
225
229
233
233
232
232
233
239
236
230
226
221
218
217
218
217
220
221
220
218
216
214
212
211
210
208
206
202
199
196
197
198
198
191
183
180
174
161
149
152
147
141
136
127
117
110
108
107
106
108
107
107
109
111
111
107
101
92
84
74
64
51
43
32
26
22
14
133
159
181
181
176
182
194
204
204
209
216
218
220
220
221
221
220
220
221
221
222
225
225
225
223
222
224
227
234
236
235
234
233
234
240
237
233
226
219
215
215
216
217
219
220
221
219
216
212
209
208
209
210
209
206
201
199
198
196
195
190
184
178
173
166
160
156
149
141
135
128
119
111
108
107
107
107
106
106
108
111
111
106
101
94
86
77
63
50
42
34
30
26
17
133
162
175
171
166
179
196
208
207
207
212
215
219
220
222
222
221
221
220
220
222
225
229
230
231
231
229
234
240
242
240
239
239
240
240
238
233
227
220
216
215
216
219
219
220
220
219
215
210
206
208
210
213
214
211
205
201
198
195
192
190
184
175
170
169
166
157
149
139
133
128
122
115
112
109
108
107
105
104
106
109
108
104
100
96
90
81
66
51
40
36
32
28
19
140
165
173
169
169
183
197
208
207
207
209
212
216
219
222
224
223
223
219
219
221
224
227
230
235
238
239
243
246
246
244
242
243
244
242
239
234
228
223
218
215
214
217
218
219
220
220
215
209
204
211
213
216
218
214
208
202
198
195
190
188
181
170
167
169
164
155
146
136
131
128
123
118
115
110
109
107
104
102
103
105
105
103
100
99
94
82
66
52
44
42
35
31
23
149
169
176
175
178
190
197
205
207
209
211
213
216
218
222
224
225
224
224
224
224
224
224
226
233
242
244
247
248
246
242
240
241
242
243
239
234
229
223
218
213
210
214
215
218
222
222
217
209
203
213
215
218
220
216
209
202
198
192
186
186
178
167
167
170
161
156
147
136
130
126
122
117
114
110
108
106
102
100
101
102
102
100
101
101
94
79
61
51
47
49
38
33
27
143
158
169
177
185
192
200
204
207
212
211
211
213
218
223
224
224
223
223
226
228
224
222
225
233
239
244
245
244
239
236
234
235
237
236
236
234
229
224
219
215
211
211
212
217
219
222
218
207
207
216
219
220
222
218
209
203
199
189
186
181
173
166
164
163
158
154
144
133
126
122
120
116
111
108
108
106
104
102
102
101
100
101
100
99
91
75
61
53
49
49
46
38
35
144
155
170
181
191
197
203
206
207
208
209
209
213
217
221
222
224
224
227
228
228
226
226
230
235
239
240
240
239
235
231
228
228
230
230
230
229
225
222
220
216
214
212
212
216
219
222
217
208
209
213
221
223
222
214
204
200
195
192
183
175
168
163
161
158
152
146
136
127
122
118
116
114
110
106
107
106
107
106
104
102
101
102
100
97
91
82
71
62
54
51
49
42
42
149
157
171
186
199
204
207
209
208
207
208
209
213
216
218
220
223
225
228
227
226
226
228
231
233
234
237
235
233
230
226
224
224
224
223
223
221
220
220
220
219
218
216
214
216
218
220
214
206
209
214
222
224
220
212
205
202
195
192
177
165
161
158
155
149
141
136
126
118
115
111
108
107
105
105
106
107
109
109
105
102
102
103
99
95
92
89
83
71
59
52
50
43
46
155
161
172
188
203
208
209
209
208
208
209
211
213
216
217
219
222
225
228
225
224
225
227
228
226
224
228
225
223
222
221
219
219
219
220
218
216
216
218
221
223
224
221
218
217
218
218
209
202
205
217
223
222
220
215
210
205
197
188
169
155
154
152
146
138
131
126
117
111
109
105
103
104
105
107
105
107
109
109
106
102
101
101
99
96
93
93
90
77
61
51
47
40
44
159
166
177
190
203
209
210
207
207
209
211
211
212
214
217
219
222
224
225
224
224
226
228
227
223
220
220
218
218
219
219
217
217
217
218
215
213
213
215
220
224
227
223
221
218
221
218
205
196
199
215
221
225
226
221
211
203
196
184
161
146
144
142
135
127
121
115
108
104
104
102
102
106
108
108
104
103
105
107
105
102
102
101
101
100
96
96
94
81
65
53
46
38
43
165
175
188
197
207
211
211
208
208
211
211
210
210
214
217
220
222
223
222
223
225
227
229
229
225
220
215
215
218
221
221
219
217
217
216
214
212
211
212
215
220
225
220
218
217
221
217
199
190
193
213
224
231
230
218
203
197
192
179
153
135
133
132
126
118
112
107
102
100
101
100
101
105
107
107
104
102
102
104
105
103
103
101
101
100
98
97
96
85
70
55
45
38
43
173
184
196
204
210
212
213
212
212
213
211
210
210
213
217
220
221
221
221
224
226
227
230
231
227
220
212
211
213
216
216
213
214
216
218
216
214
212
210
211
215
219
216
214
212
215
210
192
188
192
219
230
232
222
204
192
191
191
171
143
125
127
130
125
116
107
102
99
99
99
99
101
104
105
107
105
103
102
103
103
103
102
100
99
97
96
97
97
87
73
56
42
34
39
175
186
197
205
210
210
211
213
213
212
212
211
211
214
217
219
220
220
220
224
226
227
230
232
227
219
213
211
211
212
212
210
214
219
223
221
218
215
211
209
212
217
215
212
205
208
203
187
185
193
226
233
226
208
189
182
188
192
165
137
120
127
134
131
118
107
99
98
100
101
102
104
108
108
107
107
106
103
102
102
101
99
100
97
93
94
96
98
88
75
55
38
29
33
166
181
194
206
209
209
210
211
214
211
209
209
210
215
216
216
220
219
220
225
226
229
230
230
228
222
219
219
217
215
215
212
215
223
225
220
220
219
215
213
214
213
212
205
198
204
203
189
181
195
218
223
208
193
178
164
185
191
159
131
122
133
141
140
127
108
100
98
102
105
104
103
105
107
107
106
105
103
102
100
97
97
99
93
90
93
97
97
91
83
60
40
29
29
165
183
197
205
210
213
213
210
211
212
207
207
208
212
212
211
215
216
221
226
229
232
232
231
232
231
226
226
223
221
221
222
223
226
226
224
223
221
215
213
213
213
202
194
197
205
203
185
182
202
215
208
190
178
170
163
176
181
158
140
139
151
153
147
133
117
107
107
110
111
111
111
109
105
105
103
101
100
101
100
97
95
94
90
86
90
96
97
92
83
65
40
26
28
169
184
201
206
207
211
212
209
210
210
206
204
204
207
205
204
211
214
219
223
227
232
233
228
230
231
228
231
233
232
229
229
230
229
225
222
222
221
218
213
209
204
190
178
186
198
199
179
180
200
210
195
174
160
156
152
164
178
169
157
158
165
163
155
144
130
125
123
125
129
131
128
120
112
106
101
97
97
97
94
90
89
90
87
85
90
96
96
91
81
62
36
23
26
169
193
201
210
211
210
211
212
214
211
207
204
200
201
198
197
204
208
210
215
220
227
225
219
218
218
215
217
223
226
223
220
217
211
209
202
202
208
213
207
194
184
172
163
178
193
188
166
167
191
198
172
144
142
154
155
163
175
178
166
164
165
160
154
145
133
130
125
129
139
139
130
121
116
109
103
98
96
92
87
85
86
87
87
86
93
96
93
87
75
54
32
22
24
152
189
195
209
214
213
211
211
211
209
209
205
200
198
194
191
193
194
200
203
205
211
210
204
204
202
202
197
199
203
199
193
187
180
176
169
169
181
187
177
160
149
145
148
170
194
179
151
151
180
177
146
117
135
157
161
165
167
164
154
148
145
138
131
123
114
107
104
109
116
113
106
102
103
102
98
93
88
81
75
76
80
85
89
89
95
94
88
81
66
43
26
20
23
120
168
196
205
209
211
212
210
209
206
207
205
200
198
194
190
188
183
188
189
189
192
192
190
192
192
186
178
173
169
157
145
142
145
151
147
147
152
150
135
119
114
118
137
167
186
157
124
128
169
165
132
103
125
149
158
160
155
139
127
118
110
100
91
86
81
75
72
73
77
82
86
88
87
87
86
84
78
69
63
64
69
81
88
88
94
93
84
76
60
38
23
20
24
96
144
183
197
206
211
215
215
213
208
205
204
199
197
193
188
183
173
173
180
181
181
180
180
183
182
179
170
157
144
127
112
108
114
122
125
125
122
112
97
88
90
98
124
153
153
128
111
130
173
168
131
98
110
130
144
138
123
107
93
80
71
63
57
54
53
48
44
44
49
58
69
74
72
74
76
76
72
65
60
61
64
75
82
81
88
88
80
74
56
40
28
25
30
90
116
149
180
204
210
212
215
215
210
207
204
198
193
189
185
178
165
165
176
181
180
177
177
178
175
168
154
134
120
107
90
80
80
86
93
94
86
78
70
69
75
89
101
109
106
123
143
168
189
174
141
112
106
105
114
102
88
72
58
45
41
38
35
33
31
31
29
31
36
41
47
55
61
61
64
66
66
63
60
60
61
68
75
73
81
84
77
72
54
32
24
24
32
108
110
118
141
177
203
210
211
214
212
205
202
192
188
181
174
160
160
170
173
181
188
188
174
172
160
154
133
112
99
81
66
60
53
55
53
55
58
59
61
64
66
70
86
105
127
158
179
189
186
175
154
140
118
94
84
70
57
45
34
23
29
32
26
25
31
32
33
36
38
38
39
43
47
50
52
56
59
58
57
57
58
65
71
80
82
81
79
77
54
29
20
24
34
135
142
129
118
129
164
199
211
215
214
207
201
190
179
168
160
159
168
179
187
189
192
185
170
156
141
132
113
95
85
73
62
60
54
54
49
44
44
46
52
57
58
65
73
92
128
161
178
179
174
157
137
118
92
71
59
47
35
32
20
13
19
28
36
36
39
45
37
31
31
28
24
25
31
35
39
45
53
56
57
55
53
61
69
78
80
81
80
73
54
31
28
35
47
147
160
163
151
128
120
144
176
201
207
205
200
190
177
164
157
165
179
195
188
178
172
157
148
128
111
104
89
73
65
56
51
54
53
52
58
63
61
56
56
56
55
56
63
74
107
144
173
175
160
136
107
83
67
58
43
34
29
20
24
33
40
38
42
39
40
22
15
12
15
15
14
14
18
21
23
31
42
52
57
57
55
58
63
71
78
84
85
66
47
40
46
53
63
147
167
179
199
180
138
112
123
157
183
197
196
183
172
164
171
185
196
187
169
155
145
121
109
88
70
62
53
43
38
31
27
31
31
26
33
40
43
49
55
55
51
57
67
89
131
171
192
194
179
154
136
109
78
62
46
39
29
32
61
73
61
38
29
23
21
17
15
14
13
12
12
10
10
17
17
20
30
41
51
56
57
54
54
58
72
85
88
61
45
54
66
69
76
140
166
177
202
204
196
160
126
116
128
162
178
177
175
175
192
198
191
177
162
137
109
83
70
59
56
54
47
35
29
25
23
25
24
33
34
32
33
41
49
54
56
67
93
128
162
191
194
192
176
169
150
118
78
54
39
32
29
41
74
69
40
20
19
20
17
17
14
12
11
12
14
16
17
18
16
15
19
28
40
50
55
62
59
61
73
82
79
57
50
68
76
74
77
123
148
175
199
204
216
207
177
134
103
116
139
156
175
185
196
191
172
160
149
108
72
61
63
71
89
94
74
44
25
24
29
34
35
36
34
28
27
31
37
50
64
94
124
149
155
162
149
148
130
104
93
82
65
47
35
26
35
47
52
35
15
16
18
22
26
22
16
13
15
17
16
17
20
20
20
19
21
26
36
47
54
64
66
68
71
71
65
58
62
78
75
68
75
112
136
169
204
213
209
211
207
187
151
103
100
119
155
173
155
145
133
132
128
101
95
96
104
115
132
139
114
75
50
45
53
62
63
61
52
41
41
47
52
67
88
118
129
132
138
149
137
145
148
143
138
126
93
57
47
34
40
50
32
28
20
22
18
20
31
35
33
34
35
32
26
24
26
30
33
34
34
35
41
48
54
55
60
64
65
68
68
74
78
82
70
65
75
112
141
174
201
213
210
215
208
212
198
164
103
79
100
114
80
92
112
135
134
135
162
153
149
152
157
156
140
111
90
87
90
93
91
84
80
77
81
84
83
101
130
153
148
124
119
138
145
163
172
154
143
133
109
80
73
43
36
32
17
36
26
22
23
32
51
73
77
77
69
55
44
41
40
43
46
48
46
43
44
48
51
59
64
66
68
78
84
92
88
84
69
66
76
119
150
182
197
201
209
214
215
212
205
199
184
158
133
102
70
81
126
153
168
177
175
176
179
174
172
167
159
140
122
119
117
109
108
87
86
85
98
107
110
134
158
163
140
98
94
119
143
168
179
178
170
161
137
108
79
45
30
34
30
16
26
29
30
43
79
108
112
101
85
71
57
49
48
51
50
55
54
49
49
53
55
62
67
71
71
82
93
91
91
85
72
65
68
110
149
187
204
206
212
214
214
212
208
204
197
194
187
165
131
117
134
144
167
186
176
180
186
184
184
185
183
170
149
136
124
106
99
84
83
84
90
106
134
159
164
151
112
70
77
115
165
207
216
215
202
190
162
124
82
42
26
26
33
21
26
25
30
58
96
113
110
101
87
67
52
49
49
51
52
55
57
54
57
62
64
62
68
71
71
81
92
91
90
85
68
57
59
100
145
191
207
209
212
213
213
212
211
209
208
214
211
203
183
149
136
125
129
151
155
166
173
184
191
183
181
169
149
133
115
94
87
63
69
83
102
127
149
157
157
124
70
53
79
133
193
223
222
218
204
196
179
146
95
45
25
21
35
24
29
28
36
66
95
90
82
75
69
53
42
43
41
49
52
57
60
61
64
68
69
68
74
76
76
84
93
90
89
80
62
52
54
96
138
188
207
208
210
212
213
213
213
215
214
215
207
207
198
165
151
144
113
105
109
125
145
168
169
165
154
139
124
114
96
79
77
78
92
102
113
142
156
147
150
106
55
62
93
160
212
223
221
222
202
190
181
157
109
55
29
24
36
30
31
29
34
53
70
72
67
64
64
54
45
44
42
48
52
57
61
65
69
70
70
72
81
84
84
88
93
90
88
78
59
48
55
95
131
179
203
207
210
213
214
213
214
215
214
216
213
216
199
168
168
185
161
125
99
91
107
139
150
144
137
128
122
120
108
93
93
101
109
113
122
147
154
141
147
114
85
90
113
184
219
228
231
223
203
190
184
164
120
68
37
35
42
45
41
32
32
38
53
66
75
79
80
74
62
55
54
55
57
59
62
67
70
71
73
76
87
90
89
92
93
91
89
79
60
49
56
95
125
170
200
207
210
213
215
214
214
212
215
218
219
225
208
174
166
174
176
154
128
102
88
109
142
160
164
160
148
137
121
101
95
93
102
119
138
151
151
141
142
133
124
113
136
202
222
232
229
215
201
191
185
165
125
79
49
41
44
53
51
43
38
36
43
58
72
81
88
93
86
78
76
68
68
66
65
67
67
70
74
85
95
96
95
95
91
90
87
77
61
53
58
97
117
161
197
207
209
211
214
213
212
212
218
222
218
222
219
192
165
173
177
178
166
145
114
103
118
142
149
145
126
112
101
89
88
102
124
140
146
151
152
149
141
146
137
124
160
212
227
231
230
221
208
193
182
158
122
85
63
46
44
50
52
50
46
42
40
42
49
56
68
78
81
81
78
76
73
70
69
69
66
68
77
90
99
97
95
94
90
87
82
74
64
57
60
99
112
155
194
207
207
208
211
211
211
214
218
222
218
216
220
206
178
162
169
192
175
162
152
132
113
106
109
103
89
84
87
94
107
129
144
143
144
152
147
146
149
151
136
139
187
219
230
222
232
216
205
191
182
160
125
91
72
56
52
50
53
55
54
56
48
44
43
45
54
57
63
71
71
73
72
70
72
73
69
71
80
88
95
92
90
91
88
84
79
75
65
58
60
94
107
153
190
202
205
205
205
208
210
214
215
218
218
214
218
215
192
172
167
171
180
180
173
163
148
132
114
96
86
93
114
132
145
145
141
138
141
145
149
148
139
126
131
164
205
224
227
229
228
219
204
193
182
158
123
95
82
67
57
51
52
52
52
56
60
54
48
44
47
51
56
64
72
75
73
72
70
70
72
77
81
86
93
95
92
86
84
81
79
74
69
60
60
91
97
146
187
201
203
202
204
208
210
213
212
214
218
215
214
216
207
195
178
171
176
180
187
190
186
181
153
127
118
128
140
141
140
135
140
144
149
144
140
137
123
116
150
194
220
227
230
232
230
218
205
193
181
154
121
97
87
79
70
63
59
53
49
53
56
61
56
52
53
56
59
64
69
71
71
71
71
72
74
79
83
85
89
91
89
86
83
79
77
75
69
61
63
91
93
134
179
199
201
199
204
208
209
211
210
211
216
213
210
215
215
212
195
178
167
169
183
191
186
181
175
164
149
145
148
142
134
142
139
138
140
137
138
137
123
135
182
219
224
223
227
228
227
223
210
197
181
153
122
100
90
83
77
71
68
60
52
51
51
53
55
58
59
59
60
65
70
68
69
71
71
73
76
81
85
83
83
84
84
84
81
77
74
69
63
60
67
93
92
122
169
197
201
200
206
209
208
208
210
210
211
212
212
212
210
215
213
202
182
167
170
176
175
172
173
165
145
136
142
144
142
133
127
127
132
143
149
143
136
165
203
223
218
219
224
226
230
228
215
201
184
158
129
107
95
88
81
77
75
72
66
62
59
58
63
66
62
57
58
64
71
84
84
84
81
80
81
85
88
82
79
77
80
81
79
75
72
64
64
68
74
90
90
114
161
191
199
199
207
209
206
205
208
208
208
211
212
210
209
212
214
218
215
203
186
173
165
162
158
151
139
131
127
123
123
127
131
147
154
163
159
141
148
188
216
225
218
220
223
223
229
223
216
205
190
166
139
116
102
94
87
81
78
76
74
74
72
73
74
73
71
74
85
98
107
108
106
100
92
86
84
85
86
82
78
75
78
80
77
74
71
68
73
79
78
91
91
111
153
184
194
195
204
206
204
204
205
208
209
209
209
208
213
217
214
213
217
223
224
218
211
196
183
167
147
139
143
146
150
155
159
171
166
163
154
145
167
205
224
226
218
220
223
218
218
218
215
210
197
174
147
123
107
95
91
86
82
76
74
76
76
79
80
80
79
82
92
107
117
115
112
105
95
87
83
82
82
82
78
75
76
78
76
73
69
71
81
86
79
90
92
107
145
177
190
191
200
203
203
205
204
208
209
207
207
207
214
213
219
220
216
217
222
225
227
225
216
196
171
162
167
171
171
166
161
160
152
147
150
165
191
210
219
219
215
217
220
216
212
216
214
211
201
182
157
130
108
95
92
88
83
79
77
79
78
76
81
87
88
87
91
100
108
111
109
104
95
89
85
82
80
78
77
76
78
79
77
73
70
74
85
89
81
86
84
103
139
174
189
191
199
201
203
208
206
210
209
206
209
207
209
209
213
215
217
219
221
221
224
223
224
215
189
160
145
139
139
145
142
144
147
145
154
181
200
208
213
216
215
213
212
211
210
214
211
206
200
188
166
135
108
93
86
80
76
75
78
81
79
77
81
87
90
89
90
94
98
106
106
102
95
89
85
81
77
76
77
79
80
81
80
77
74
80
90
94
86
80
82
101
136
172
188
191
197
200
202
206
207
209
209
208
207
208
210
208
206
208
215
220
223
225
225
221
223
221
207
189
169
146
142
144
139
140
144
150
172
196
209
209
210
214
217
213
213
214
211
210
204
200
196
186
169
139
112
96
87
80
75
70
73
79
79
79
81
83
89
91
94
100
96
100
102
100
93
86
82
80
79
77
79
81
82
80
76
74
73
79
89
97
91
81
83
97
132
172
186
190
194
196
197
203
205
207
207
207
206
208
209
205
203
206
211
216
220
223
222
225
223
221
219
222
214
192
178
171
165
155
151
159
179
198
211
212
213
211
213
213
213
215
213
209
204
198
190
182
169
144
118
98
90
84
78
69
69
77
82
81
83
83
86
90
95
101
99
96
97
93
87
82
80
80
80
79
79
81
81
79
75
72
71
77
89
92
87
84
86
95
130
176
185
190
192
193
195
199
203
204
205
204
205
207
206
202
201
203
208
211
216
220
220
221
223
223
220
220
218
206
196
186
177
165
162
174
189
198
207
211
213
206
209
212
213
220
214
203
200
195
187
180
173
150
124
101
91
85
80
68
64
70
77
81
85
82
84
90
96
100
99
96
95
91
86
81
78
80
82
82
81
81
81
77
72
69
70
76
88
86
83
87
86
94
129
179
185
189
190
190
193
196
201
203
203
202
204
205
203
200
199
201
204
207
211
217
218
223
222
218
211
210
208
199
191
175
159
147
153
170
189
201
208
212
216
211
212
211
215
225
212
200
199
195
188
182
178
156
128
104
93
87
84
74
66
66
71
78
83
81
82
91
97
96
95
97
95
93
89
84
81
82
83
83
81
80
81
77
71
68
70
80
89
88
85
84
82
90
126
178
185
187
187
187
189
195
199
202
202
202
204
204
202
201
199
200
202
204
209
214
215
219
217
211
209
206
200
188
175
159
138
132
148
166
186
204
209
211
213
214
214
207
217
233
214
197
196
192
185
181
176
152
123
101
93
89
88
80
70
65
67
74
78
79
81
89
95
93
92
93
93
93
92
88
85
83
84
81
78
78
79
76
72
70
73
78
89
90
81
80
77
89
125
175
186
189
188
187
189
194
198
200
202
202
204
203
201
203
202
204
206
206
210
213
213
210
210
208
204
194
183
170
158
140
123
132
156
172
190
205
210
212
212
213
212
204
213
227
207
187
186
185
182
179
170
142
112
94
91
90
90
83
71
66
67
70
72
76
80
87
93
92
93
92
93
93
92
89
86
83
81
77
74
73
75
74
72
71
73
80
91
88
65
77
78
92
126
168
184
189
189
189
190
192
194
197
200
200
202
202
201
203
204
207
209
209
212
212
209
208
207
199
194
184
172
158
137
117
117
139
167
181
193
204
208
206
203
203
203
198
203
208
194
180
178
179
177
172
158
130
101
88
87
85
84
82
75
70
69
66
66
75
80
84
89
89
91
94
94
93
90
87
85
82
80
77
75
73
73
74
72
72
70
83
90
77
40
77
80
95
125
159
178
183
186
188
188
190
192
194
197
198
200
201
202
203
205
207
210
210
211
210
206
200
202
197
187
171
156
138
116
107
124
159
189
200
197
193
192
179
176
178
183
188
193
192
183
181
175
169
164
155
140
115
90
77
74
71
72
76
77
72
69
62
63
76
81
83
86
86
89
93
94
91
87
85
85
85
82
81
79
76
75
75
74
71
70
78
81
56
12
73
82
93
118
157
174
179
187
186
188
189
189
190
195
198
200
201
199
200
201
204
208
208
210
208
205
200
195
194
177
159
143
125
103
112
148
177
198
207
202
188
166
141
111
118
131
152
177
185
179
175
167
156
150
137
117
96
78
64
55
51
58
70
78
77
71
64
63
69
77
81
80
83
87
90
92
91
89
86
85
86
86
81
79
81
76
72
72
77
69
66
49
25
4
69
80
78
98
156
179
181
187
186
190
186
187
189
194
198
200
202
201
198
198
201
204
205
207
206
203
199
194
189
174
156
132
114
107
140
179
198
202
206
205
189
157
114
70
54
63
98
145
172
174
161
145
127
119
109
93
77
61
48
41
43
56
70
76
77
75
70
67
67
73
79
81
83
85
89
90
91
88
86
87
87
87
81
79
77
72
71
73
77
65
40
24
13
5
53
65
61
83
150
173
180
185
190
186
185
186
188
193
196
199
201
202
200
199
201
202
203
205
204
202
198
193
181
168
149
123
110
127
167
195
209
211
212
212
201
179
141
107
93
100
122
149
167
160
138
110
86
80
76
70
64
54
43
40
46
63
75
79
80
82
78
71
67
70
78
82
85
85
88
89
90
88
88
89
88
86
80
78
74
69
71
75
76
58
25
10
5
4
31
42
44
66
137
173
186
176
188
191
188
188
190
192
194
197
200
201
203
202
203
203
203
205
204
201
198
191
173
159
139
124
127
158
188
203
211
216
217
211
207
202
187
174
172
173
172
168
169
156
129
90
59
54
53
51
52
49
45
47
54
68
77
78
79
83
82
75
69
72
77
83
86
88
89
90
89
90
90
90
87
83
79
76
73
72
75
76
73
55
26
8
4
3
19
26
34
81
161
183
189
178
182
191
191
191
192
192
193
195
198
201
203
202
204
205
205
206
203
199
195
188
169
150
132
133
152
182
200
209
213
213
214
212
209
204
201
196
193
189
181
171
172
161
130
90
55
49
47
44
49
52
51
57
63
70
77
79
78
82
82
78
75
75
77
82
86
88
89
90
91
91
91
90
86
81
79
75
72
75
79
75
74
57
22
7
5
4
19
22
39
120
208
194
181
183
181
186
192
192
192
191
192
194
197
200
200
201
203
205
206
206
203
197
193
183
167
146
134
147
170
189
202
205
208
209
214
215
210
205
204
202
196
192
186
174
169
157
130
102
72
61
54
47
51
56
60
67
70
72
78
79
80
82
82
82
81
79
79
80
83
86
88
90
90
90
90
88
84
80
78
75
71
74
77
73
74
59
19
6
6
4
19
23
55
147
224
210
181
177
181
190
190
191
191
191
191
193
195
197
198
197
201
205
207
207
202
196
191
180
165
146
146
162
180
191
203
203
204
206
211
211
206
206
205
203
200
195
190
178
167
154
135
129
110
91
74
58
54
54
64
71
72
72
76
79
78
80
84
84
84
81
79
79
81
82
86
88
88
88
86
84
81
76
77
76
72
73
74
68
72
56
18
6
5
3
17
24
73
169
228
224
190
177
189
185
189
189
191
191
191
192
194
195
196
196
199
203
206
206
201
193
190
178
162
147
158
174
186
192
200
204
205
201
202
204
203
204
201
199
197
192
190
180
166
152
146
158
150
127
103
80
67
63
64
70
70
70
77
79
79
82
83
85
83
81
78
79
80
80
85
87
87
85
83
80
78
74
76
78
74
74
73
68
70
51
14
4
3
3
15
29
98
200
243
228
193
180
182
187
188
190
192
191
192
193
193
196
195
197
198
202
203
201
199
193
188
171
152
143
159
175
190
199
201
201
200
198
198
200
199
199
198
195
195
197
194
180
164
154
156
163
163
147
131
112
88
77
71
70
73
72
74
79
78
78
79
79
82
82
80
78
78
81
82
84
85
85
83
80
75
73
75
76
76
78
74
71
68
50
14
6
3
1
17
34
118
213
249
239
208
184
179
185
187
189
192
193
194
193
192
194
194
196
197
201
201
200
199
193
185
168
155
156
176
184
190
195
202
201
196
190
188
190
193
195
193
192
192
196
191
177
162
153
153
160
165
156
144
129
110
100
88
77
71
70
73
77
77
79
76
79
80
81
79
77
78
81
81
83
84
84
82
79
75
73
74
74
75
78
73
72
67
44
12
4
2
1
20
47
151
230
251
244
219
187
178
188
190
190
192
192
192
190
190
195
195
196
197
200
200
200
199
193
177
160
152
164
184
186
185
187
189
188
186
185
184
186
188
190
189
186
189
193
189
173
158
152
154
163
174
168
151
135
122
115
105
87
73
69
71
75
75
75
74
76
79
80
78
77
78
80
81
82
83
82
81
79
75
73
73
73
75
77
71
72
67
38
11
4
2
1
29
66
169
239
250
250
232
196
178
184
190
191
192
192
192
189
189
193
195
196
195
197
197
197
197
191
173
157
151
166
182
181
180
182
181
182
183
185
187
189
191
191
189
189
193
198
191
174
161
156
160
167
176
170
150
133
123
117
115
99
84
74
70
74
71
67
70
73
76
78
76
75
75
78
80
80
82
81
80
79
77
75
73
72
75
77
71
73
68
35
12
5
3
2
37
85
184
242
250
251
239
206
182
182
187
189
192
193
193
190
189
191
194
195
193
193
192
192
192
186
174
162
159
171
180
179
177
178
176
176
177
180
184
188
192
194
192
190
195
200
194
176
164
159
173
178
183
175
154
134
123
116
106
93
84
75
69
70
68
65
65
67
70
73
73
72
73
76
80
80
81
80
80
79
77
76
75
74
76
76
69
73
66
32
14
8
6
4
43
104
199
245
248
249
240
217
190
181
185
187
188
188
188
188
189
193
195
196
194
193
192
190
190
183
172
165
163
172
175
175
171
171
168
169
174
181
189
195
200
204
203
200
203
205
198
184
171
167
181
192
197
186
158
132
121
115
102
87
83
78
69
65
65
65
61
62
65
68
70
70
73
76
79
80
81
81
79
79
77
76
77
76
76
75
69
70
61
27
12
8
7
6
51
124
208
244
250
252
247
231
197
178
184
187
188
186
187
189
190
193
196
198
197
196
194
191
189
182
171
162
156
162
162
165
166
168
170
174
183
192
198
202
205
207
207
203
200
201
198
191
186
186
194
206
205
189
161
136
128
125
109
93
89
86
75
68
64
62
60
60
61
64
66
68
72
76
77
79
80
79
78
77
77
76
77
76
74
74
69
68
54
20
7
3
4
4
58
139
219
245
249
251
248
239
205
183
181
188
193
193
193
193
190
189
194
197
197
196
193
191
188
179
174
159
147
149
149
157
164
171
176
179
184
188
188
186
186
188
189
183
178
178
180
182
186
192
202
202
185
162
141
122
117
115
100
89
87
84
77
74
70
63
61
59
58
60
63
66
70
74
76
78
79
79
77
76
76
76
76
76
73
73
71
67
49
15
3
0
2
2
65
159
230
250
253
251
252
244
218
188
175
180
191
193
193
192
188
194
195
196
196
195
195
193
188
181
179
158
133
125
143
159
166
162
155
148
151
161
165
161
159
161
159
158
157
156
156
161
169
170
171
157
133
117
102
93
90
80
72
71
69
67
69
70
69
65
62
60
59
60
62
64
69
73
75
77
77
77
76
75
74
74
74
77
72
68
70
64
38
7
2
0
4
4
77
173
245
251
247
253
254
247
230
196
173
175
186
187
186
190
189
191
196
195
193
190
191
191
189
185
177
157
133
119
147
164
160
138
110
108
112
125
138
141
141
143
142
138
138
135
136
142
143
145
127
108
90
82
79
76
71
59
52
49
46
46
49
53
58
61
57
57
58
59
61
64
69
74
74
76
76
77
76
75
74
74
74
73
72
66
64
58
35
8
3
3
7
6
90
187
252
252
246
252
251
248
244
209
171
172
182
186
186
191
191
190
191
192
191
189
190
192
191
188
178
154
134
126
156
168
166
148
148
145
138
138
146
145
130
116
114
116
115
120
123
124
125
116
90
71
62
63
68
69
58
46
43
40
38
36
35
35
37
41
46
50
54
56
59
63
70
74
74
75
77
77
76
75
74
74
73
71
71
63
63
67
45
16
4
2
3
3
104
200
246
251
251
252
250
253
251
224
183
172
179
186
185
188
188
188
190
192
191
190
190
191
190
187
180
155
137
137
162
175
183
184
193
198
190
182
188
187
165
142
121
109
104
92
89
94
87
84
66
50
44
44
45
46
41
38
37
37
37
35
32
29
29
30
37
41
46
49
53
59
64
68
74
75
76
77
76
74
73
72
70
68
68
59
69
94
72
31
7
3
1
0
122
212
247
251
252
250
250
253
249
231
209
180
176
185
187
189
191
194
196
195
193
188
186
187
186
184
176
160
143
144
164
185
197
201
203
213
213
208
210
209
196
185
183
175
153
133
108
85
68
47
42
35
38
39
36
36
33
34
39
41
42
40
40
42
43
44
43
44
45
45
49
55
61
64
72
73
74
75
75
73
72
71
65
67
64
54
77
118
100
51
12
4
2
1
137
220
251
252
252
247
248
251
248
246
229
188
172
179
184
184
185
190
192
193
191
188
185
184
182
178
170
163
152
157
171
192
200
204
203
207
208
210
212
209
205
206
202
200
202
191
176
161
134
118
106
94
82
67
54
50
49
46
54
57
59
58
60
64
65
63
54
50
45
45
48
54
61
66
71
71
72
73
72
72
72
72
64
67
64
57
86
130
120
76
20
5
3
3
151
226
252
252
252
250
249
247
243
239
215
182
172
179
182
183
183
187
185
188
189
187
185
183
179
176
169
165
161
168
182
195
202
208
209
205
204
208
208
204
200
200
203
204
200
197
192
190
187
177
165
156
141
122
106
95
85
71
69
69
70
72
75
77
75
71
60
54
47
46
47
50
57
63
67
67
69
69
70
71
72
71
65
66
64
71
103
137
131
101
41
12
1
4
162
233
252
253
251
251
246
235
218
189
161
146
154
169
176
180
182
188
186
189
189
186
183
182
181
179
174
168
165
168
185
197
205
206
204
204
207
208
206
203
199
195
202
200
198
194
191
194
190
184
180
178
166
154
140
126
112
90
81
77
74
74
77
75
72
70
68
61
54
52
51
50
54
60
64
63
65
66
68
68
69
70
67
64
64
85
119
142
137
117
68
22
2
6
178
240
254
249
252
248
225
196
162
123
103
104
126
151
166
177
183
184
185
187
190
183
182
184
180
180
176
174
173
178
189
199
204
204
206
204
204
205
205
202
196
192
194
197
197
192
188
188
186
181
180
171
160
143
122
110
102
91
81
74
71
71
73
76
76
73
74
68
61
57
57
57
57
58
61
64
63
65
65
66
71
67
65
62
72
103
132
147
146
134
93
38
5
4
195
248
250
252
246
221
182
146
117
96
86
79
91
120
154
175
179
180
183
185
187
182
180
183
180
178
179
179
180
185
192
199
203
204
205
203
202
203
203
201
197
192
189
190
189
186
181
179
175
168
158
146
129
112
95
86
81
76
70
68
69
70
72
75
77
76
73
68
62
59
56
55
55
56
61
63
63
66
68
69
69
63
58
65
88
122
143
148
146
140
107
52
11
3
214
252
247
249
222
171
127
99
87
90
86
71
62
83
129
165
174
178
178
180
184
181
178
180
179
177
180
184
187
191
194
198
202
203
204
201
199
199
198
196
193
190
186
182
176
165
149
136
125
116
108
98
86
76
68
65
64
63
61
63
66
68
70
73
76
74
69
67
65
62
59
56
55
56
61
64
62
64
66
67
66
60
59
74
104
137
150
146
145
143
122
72
22
4
225
247
247
228
178
119
86
76
74
81
80
64
48
53
92
136
161
175
179
180
185
183
177
175
176
177
182
185
189
193
196
199
201
203
203
200
197
195
194
192
190
188
179
173
162
144
118
95
82
75
66
59
54
53
51
51
53
57
59
60
64
67
69
72
72
69
68
68
70
69
66
62
58
58
60
61
59
59
62
63
62
60
66
92
122
144
149
147
147
145
132
91
37
5
234
245
228
180
125
85
67
59
52
53
53
44
38
41
62
101
141
172
174
174
176
178
176
173
177
181
184
185
188
192
197
201
204
204
201
200
197
196
194
192
191
190
181
173
162
144
119
97
83
76
69
63
57
53
50
45
47
53
59
61
64
65
65
68
70
69
71
72
73
73
71
67
62
60
61
59
57
58
62
62
59
58
74
111
142
151
150
151
151
144
139
108
55
13
242
238
189
132
93
74
57
43
36
38
41
34
38
42
47
69
112
154
168
170
169
173
177
176
179
182
184
185
187
191
197
202
204
204
202
200
199
198
196
193
191
189
185
176
167
156
141
124
109
100
95
90
83
77
68
56
51
53
58
61
64
64
62
64
68
70
71
70
70
70
69
67
64
64
63
60
58
59
64
62
58
62
97
129
149
149
150
153
151
141
143
122
78
30
238
203
146
100
77
66
46
34
30
36
39
36
38
40
40
46
75
116
153
167
170
172
178
176
177
178
182
184
188
192
196
199
201
200
201
200
200
200
199
195
192
190
185
178
172
169
163
154
142
133
127
123
116
110
102
86
71
68
69
66
66
67
66
66
68
70
70
69
67
67
66
65
65
64
62
61
60
58
58
58
65
86
124
141
147
147
150
152
150
142
143
131
99
54
225
159
109
76
62
51
39
37
35
36
34
37
36
35
40
41
53
82
120
147
159
164
172
172
174
176
182
185
190
194
196
198
198
198
197
198
199
201
200
199
196
194
191
185
182
181
178
173
165
158
161
156
147
141
135
116
98
91
85
76
71
74
76
75
73
72
72
71
70
67
64
62
62
62
56
57
59
53
50
55
77
114
136
144
148
151
154
150
148
149
141
133
113
72
199
124
84
67
49
47
48
63
79
65
41
30
27
28
32
42
54
56
80
110
142
159
168
172
174
177
184
188
187
188
196
197
194
194
196
197
199
200
202
203
201
198
197
195
195
195
193
190
183
175
177
170
166
161
150
137
124
115
104
93
87
88
88
86
83
77
75
73
71
67
65
65
62
60
57
53
54
52
54
72
102
133
143
145
153
157
151
151
152
149
141
131
115
90
157
102
72
63
62
66
77
98
99
72
40
27
24
26
29
36
45
48
52
78
105
127
147
159
164
172
179
181
182
187
195
196
195
196
196
197
199
202
204
203
201
201
202
203
204
205
203
198
189
179
177
175
175
173
165
152
142
133
120
112
111
112
107
100
92
84
80
75
73
68
64
63
61
58
49
47
48
50
66
101
127
142
144
146
153
157
153
152
151
146
136
129
121
99
127
93
67
69
76
65
64
82
73
49
33
23
21
24
25
34
43
44
49
54
62
85
120
141
151
163
174
177
180
183
186
188
190
192
197
197
200
205
205
203
204
206
204
206
208
207
203
200
189
177
170
172
177
178
171
162
153
145
136
129
129
130
125
115
103
91
78
71
69
66
60
62
60
56
47
45
49
62
89
124
141
140
148
148
152
154
152
153
150
143
135
126
117
93
108
80
69
89
88
50
32
40
37
29
26
22
22
20
22
34
45
45
47
47
45
54
77
106
131
147
158
166
174
176
177
183
191
193
197
199
203
204
204
205
208
210
208
208
208
205
200
196
186
174
168
172
177
179
174
166
158
150
140
130
126
128
125
117
104
90
83
74
71
66
59
59
54
48
44
44
62
91
118
137
143
142
150
151
152
152
150
151
148
141
139
126
113
80
94
70
91
128
109
50
25
28
30
28
26
23
22
18
14
25
38
42
43
50
51
45
54
87
123
137
143
148
157
165
169
177
186
190
196
200
203
202
202
205
209
211
208
209
207
202
197
193
184
172
168
173
179
181
177
170
160
149
138
127
120
116
112
105
95
84
82
75
73
68
63
58
50
46
49
61
89
119
134
139
145
148
149
151
153
152
150
151
146
139
137
125
108
68
89
92
147
180
133
57
31
30
32
28
28
20
16
14
11
18
32
41
47
49
52
53
56
81
121
149
146
142
144
156
167
173
180
187
192
198
201
198
198
202
206
206
204
204
203
198
193
189
180
169
165
170
178
182
179
171
156
141
132
122
114
106
96
89
83
76
70
67
66
61
58
56
51
53
65
92
116
130
135
140
146
148
147
150
153
153
153
150
144
136
132
116
95
51
100
144
201
202
129
51
28
29
31
28
23
16
13
11
11
24
39
44
44
45
48
54
55
64
105
153
157
150
143
148
161
170
179
188
188
192
196
195
195
197
198
198
197
195
193
190
186
181
172
162
159
166
174
176
173
164
148
131
121
112
103
93
82
77
75
72
63
63
59
52
50
51
56
69
89
114
128
132
139
145
150
149
148
150
151
152
153
148
139
133
126
99
68
29
133
199
226
192
102
33
21
24
26
24
19
16
14
10
14
35
51
49
47
50
47
50
58
65
93
139
168
161
145
135
144
157
167
176
186
188
191
193
193
193
191
191
188
183
181
178
175
170
161
152
152
159
166
167
163
154
137
121
111
101
90
80
73
72
73
70
63
64
57
47
48
56
70
94
113
128
132
138
147
148
148
150
151
150
149
149
149
144
135
130
113
76
39
10
174
232
210
147
70
34
26
23
23
17
15
13
16
11
19
44
66
59
48
48
48
49
61
64
82
123
168
163
157
152
143
144
151
165
174
177
179
185
191
192
188
186
181
177
172
169
167
160
149
142
143
151
158
155
149
141
124
106
97
86
79
74
66
66
69
66
57
56
51
49
54
71
96
117
126
131
138
142
144
147
151
152
150
148
148
146
145
141
136
119
88
48
19
9
204
223
158
85
41
38
32
25
20
12
10
9
9
10
15
48
73
67
49
49
52
55
60
61
77
114
157
164
163
160
149
143
142
149
161
167
172
176
180
181
179
179
178
171
165
165
162
150
137
133
137
144
150
147
137
123
105
91
81
70
66
65
60
60
59
55
51
52
53
59
75
94
114
127
130
136
143
145
147
148
148
149
152
149
150
148
144
139
125
93
53
26
10
8
217
179
93
34
17
30
27
19
13
9
6
7
2
11
8
50
84
80
56
51
56
61
64
66
78
105
147
167
167
163
153
144
140
141
150
156
160
164
169
171
167
163
154
151
149
150
144
129
117
116
128
133
137
130
115
98
83
73
63
58
57
58
56
55
53
49
48
56
65
80
97
115
125
128
132
136
142
144
147
149
150
148
149
145
148
146
140
131
107
61
26
14
9
9
166
116
43
22
13
14
13
8
4
8
6
8
3
13
6
50
93
94
64
51
52
62
63
66
75
96
142
172
172
166
159
153
149
146
146
147
145
146
149
151
148
146
141
139
133
126
117
106
96
93
102
106
106
97
84
72
63
59
51
50
52
54
52
50
50
48
52
68
86
101
113
123
126
128
134
140
144
145
148
151
155
154
155
148
146
143
137
114
77
31
11
13
12
8
65
41
14
19
11
6
7
4
4
6
8
11
9
14
9
49
102
107
82
60
53
60
61
64
68
89
135
174
180
178
175
170
161
154
145
141
133
127
122
118
118
122
122
114
100
91
88
82
76
72
74
78
76
69
62
58
55
52
49
51
54
54
50
48
51
55
67
86
106
116
122
126
130
133
138
142
145
146
146
150
153
154
150
149
142
135
124
88
44
10
10
13
11
7
11
6
12
10
2
4
6
4
6
4
6
8
10
11
13
50
103
118
105
77
56
57
62
67
66
80
126
170
188
191
190
188
179
172
164
156
144
135
125
111
100
97
96
89
81
80
81
78
74
75
77
78
74
67
64
62
59
55
53
54
54
51
49
53
64
76
94
106
118
123
127
130
133
137
137
142
146
146
146
149
150
149
142
148
141
122
97
50
18
7
13
11
8
10
7
5
13
5
1
3
5
4
5
6
5
6
7
8
17
53
100
121
119
95
66
58
62
68
61
76
114
162
192
198
198
200
193
191
190
182
170
161
150
129
103
88
90
91
90
90
88
83
79
79
76
72
68
65
61
58
55
51
48
49
50
50
56
67
83
98
114
119
122
125
129
131
134
137
140
144
147
147
149
152
151
148
144
147
131
96
60
21
7
9
12
8
6
12
11
7
7
7
7
3
5
6
2
7
7
7
6
8
20
56
96
121
125
114
84
66
60
63
58
79
105
156
194
202
200
203
198
200
198
193
183
173
159
137
109
90
84
88
86
78
75
74
67
60
51
46
42
43
44
42
40
39
39
44
52
63
75
88
102
115
117
120
122
127
132
135
137
140
141
144
144
144
146
150
148
144
141
130
102
60
28
9
10
10
12
10
10
12
7
8
3
5
6
4
3
4
5
5
4
6
6
6
25
64
97
120
131
133
114
76
62
63
64
77
109
160
197
200
200
204
199
195
193
183
171
157
136
113
98
92
81
71
66
63
57
50
43
36
37
39
38
36
37
38
41
47
53
56
66
82
97
108
115
119
116
121
126
129
131
134
138
140
144
147
146
147
150
143
138
144
135
104
62
30
12
7
8
8
9
10
10
9
6
6
4
6
6
4
3
4
4
4
6
6
6
6
28
70
102
117
131
141
128
96
74
66
66
77
106
151
186
192
193
196
190
184
173
151
127
112
104
92
79
71
67
60
55
51
44
39
39
38
40
40
37
38
44
50
57
63
72
80
90
101
109
113
118
120
122
125
129
130
131
135
140
142
144
147
147
147
146
145
143
139
111
66
27
14
8
7
8
7
8
9
9
8
9
9
5
6
6
4
3
4
4
4
7
6
6
6
30
75
106
114
128
145
143
125
95
76
68
71
100
146
182
189
189
189
177
164
144
121
95
83
80
74
64
57
53
52
52
48
39
34
36
38
40
43
45
49
58
64
71
75
89
96
106
111
113
116
119
121
124
127
129
128
131
135
139
140
141
144
146
144
140
143
137
108
62
25
6
9
8
5
8
7
7
7
7
6
