34
35
35
35
35
35
35
37
38
38
39
34
33
35
37
35
33
34
31
28
24
31
58
102
146
171
182
192
199
209
217
219
223
222
222
222
224
225
223
221
220
218
215
215
215
214
213
211
208
205
201
203
204
201
199
200
200
197
192
193
190
190
191
186
183
178
165
160
152
143
135
134
134
132
129
123
108
82
54
34
29
36
33
32
32
33
34
33
33
32
32
33
34
35
33
35
35
35
35
33
33
35
35
35
40
33
31
35
38
36
31
31
32
32
32
62
106
147
181
185
188
201
211
218
222
223
225
226
225
224
224
224
223
223
222
220
216
215
213
212
211
211
207
203
201
201
201
197
192
191
193
194
191
191
187
187
190
186
183
180
164
159
156
146
137
134
131
131
129
126
128
119
92
58
34
28
33
34
34
33
33
36
35
32
31
33
35
36
32
32
33
33
33
32
32
34
35
35
31
35
36
36
33
39
38
31
25
35
69
112
156
179
190
187
196
211
221
223
223
224
225
225
224
224
224
224
223
222
221
220
217
215
215
214
211
209
205
200
199
200
199
193
188
186
187
188
189
185
183
184
185
186
185
181
177
171
159
147
137
132
130
130
127
128
133
134
128
107
68
35
32
35
36
37
33
35
32
33
31
33
34
35
32
32
33
33
32
31
32
34
34
34
30
34
35
34
33
37
34
31
34
67
122
157
178
186
187
195
213
220
223
223
224
225
223
222
225
226
226
226
224
224
224
224
222
217
214
210
208
207
205
201
202
202
199
193
188
186
186
186
185
182
180
181
181
182
180
177
177
175
169
161
148
137
133
134
133
138
134
132
139
141
114
73
44
28
38
37
34
37
35
33
32
33
35
36
32
32
32
32
32
31
31
33
33
33
28
34
36
33
33
32
25
35
64
114
162
182
186
190
195
212
222
225
224
223
223
224
225
225
229
231
231
228
228
229
229
229
225
218
212
208
205
204
202
198
196
195
192
188
185
185
185
185
182
180
179
179
177
177
176
173
172
173
174
170
159
146
140
141
136
144
141
144
146
146
142
122
71
27
37
39
37
37
36
32
31
32
33
34
33
32
30
31
32
32
32
32
33
30
32
33
34
34
34
32
28
52
103
153
175
187
192
199
211
216
219
223
224
224
223
223
226
231
233
236
236
234
233
235
235
232
227
219
211
207
203
200
195
189
185
185
184
183
182
182
182
182
180
178
177
176
174
173
172
170
168
169
170
168
161
152
146
145
146
142
140
150
149
141
145
145
108
44
35
37
38
33
33
33
32
32
32
32
33
32
30
31
33
33
34
33
32
30
36
33
31
31
33
38
52
95
148
178
182
194
204
214
220
217
219
221
223
224
224
223
226
232
236
239
239
238
239
240
239
234
227
219
211
206
202
197
190
185
181
180
180
180
179
177
176
175
174
172
170
169
168
168
167
164
165
167
167
162
156
151
146
143
147
142
141
142
144
146
148
151
138
80
41
34
33
32
34
35
34
33
32
31
33
33
31
31
32
34
35
35
33
31
34
36
34
29
29
48
90
144
181
186
194
203
213
221
220
223
221
221
221
223
227
228
231
235
237
239
240
241
240
240
237
234
226
216
208
204
199
194
189
183
178
176
175
176
176
173
171
170
167
162
159
161
162
163
161
156
158
162
163
157
151
147
144
141
141
140
139
133
132
141
145
146
145
116
62
38
30
33
34
34
35
34
32
31
34
34
32
32
32
34
35
35
34
32
32
38
34
28
36
77
132
175
188
186
204
215
221
222
219
220
219
220
221
225
230
233
235
238
239
239
241
240
237
234
230
227
218
209
203
199
194
189
183
179
172
168
166
168
170
171
170
168
163
157
154
157
162
164
160
153
150
153
154
151
147
144
141
138
138
134
126
123
121
122
122
116
119
122
81
49
34
35
33
32
34
33
33
33
35
35
33
33
32
33
34
35
35
34
35
37
29
30
53
113
166
187
193
192
208
218
220
219
223
215
216
220
223
227
232
234
235
238
241
241
241
239
234
227
222
220
210
203
198
195
190
183
178
173
169
163
159
162
166
169
168
167
164
157
154
158
166
168
162
154
146
145
145
146
145
142
137
134
129
128
121
118
110
99
97
89
84
107
86
59
41
35
32
34
33
33
33
34
35
36
36
34
32
32
33
34
33
31
33
34
28
36
95
151
175
181
195
204
213
218
221
219
217
217
218
220
224
231
236
235
233
237
239
238
236
232
227
223
220
215
203
197
193
189
183
178
173
170
163
156
154
156
162
169
167
166
163
162
159
158
160
160
156
152
145
145
145
141
138
136
133
127
128
125
118
116
103
89
87
79
70
78
82
66
48
37
30
32
36
33
33
36
34
36
35
34
34
33
33
33
32
32
34
32
26
57
126
176
186
192
201
211
217
218
219
220
219
218
218
220
223
230
234
231
228
229
235
234
230
222
215
213
212
207
199
192
187
185
181
176
170
166
161
154
152
153
159
166
165
163
161
161
158
157
155
153
150
147
146
145
144
138
131
127
124
120
119
120
115
110
98
87
86
77
69
72
72
60
48
40
33
34
35
33
32
34
34
34
34
35
36
35
33
32
32
32
36
35
37
91
158
187
186
197
209
218
220
216
216
218
218
217
216
217
219
224
228
226
222
223
224
225
222
213
206
205
205
201
196
189
184
184
181
175
167
161
159
152
148
147
154
161
160
159
156
156
155
152
148
144
141
139
138
134
132
127
122
119
117
114
112
109
99
95
91
87
83
69
62
64
65
59
50
42
34
35
36
34
34
34
33
33
33
35
37
36
33
32
32
34
35
33
55
127
183
191
188
204
213
217
218
214
214
215
215
215
213
212
213
217
221
219
218
220
218
217
213
207
200
200
201
199
196
189
185
184
179
171
163
156
157
149
143
141
147
155
156
155
153
153
150
146
141
137
134
132
128
121
115
115
114
114
112
110
106
97
85
81
80
82
77
63
61
61
61
58
52
43
35
35
36
36
36
36
33
33
33
35
36
36
34
33
34
35
38
34
78
158
203
197
197
210
211
212
212
213
213
211
210
211
210
210
209
211
215
215
214
217
219
212
206
202
196
195
197
196
191
184
179
174
167
160
154
149
153
144
139
138
144
150
148
148
149
146
141
135
130
127
124
121
117
109
103
102
100
100
99
97
95
89
83
79
73
72
71
65
67
62
55
53
52
45
39
34
34
35
36
36
33
33
32
33
34
34
34
35
36
37
40
44
109
181
208
201
204
208
210
211
211
212
211
207
204
206
205
207
207
210
213
213
214
216
216
208
203
201
198
194
192
191
186
179
171
163
156
153
150
147
145
136
131
132
138
142
139
140
146
139
129
120
117
115
112
110
107
100
96
92
86
84
85
85
84
81
82
80
72
66
67
67
66
63
55
54
54
45
39
34
33
34
36
36
33
32
34
32
31
32
35
38
39
39
40
63
140
194
202
203
207
210
209
212
213
211
208
203
201
202
204
206
207
208
209
209
211
215
212
205
201
198
193
188
184
182
179
172
161
152
148
149
148
143
130
120
116
120
127
131
130
133
145
135
121
111
107
106
104
102
97
93
90
85
80
79
81
82
77
74
77
78
73
69
68
66
61
63
59
58
55
45
39
35
33
34
35
35
32
32
34
31
29
30
35
40
41
40
48
82
158
200
197
208
208
208
204
211
214
210
206
204
202
203
207
208
208
205
204
204
206
211
214
206
197
188
180
177
175
172
164
157
146
138
136
140
138
129
119
107
103
108
116
122
123
129
139
128
113
101
97
97
96
94
88
83
79
76
74
76
77
77
74
71
75
76
73
72
70
67
65
66
57
57
55
49
41
35
33
34
34
34
32
33
31
38
33
35
41
44
48
48
51
109
171
203
200
204
209
207
203
204
205
207
205
202
203
207
208
208
206
205
204
202
205
211
206
193
183
179
173
169
165
160
151
143
134
128
125
127
122
111
101
95
96
104
110
115
116
117
119
109
98
93
93
94
90
86
78
77
77
76
76
75
76
76
74
71
71
72
71
70
68
64
62
59
58
56
55
50
43
35
34
33
33
35
32
33
33
39
35
38
44
47
52
52
59
122
184
207
200
202
210
210
203
202
201
202
203
203
203
204
202
202
201
202
203
202
201
204
198
184
174
171
167
163
158
151
146
137
127
118
112
112
108
100
92
91
98
109
117
116
108
101
93
90
86
85
86
87
84
81
77
75
74
73
75
75
76
77
74
70
69
70
69
66
65
62
64
61
59
58
56
51
45
36
34
34
34
35
32
34
35
41
38
40
47
49
54
54
66
136
200
215
206
204
212
210
206
203
200
200
203
205
203
200
196
196
195
197
199
196
194
195
190
178
169
164
158
153
147
141
135
128
119
109
100
100
99
93
91
91
100
114
120
114
101
88
80
82
83
83
82
80
78
79
78
75
73
73
73
74
74
73
72
69
69
70
67
66
65
65
68
64
64
62
57
53
46
38
35
35
35
35
33
36
35
41
39
43
49
49
53
53
74
146
209
216
209
204
209
205
205
204
201
201
204
206
204
199
193
192
192
195
195
190
186
186
187
176
167
159
146
136
130
125
121
113
107
101
97
100
102
98
93
91
97
107
109
102
92
84
82
83
84
82
78
75
74
75
77
75
74
73
75
73
72
71
71
68
70
72
69
66
66
68
70
69
66
64
59
55
48
40
35
35
34
34
34
37
38
43
41
45
50
48
50
50
85
153
208
211
206
201
204
198
198
199
200
199
201
203
200
196
191
191
193
198
200
191
181
177
173
163
156
149
135
124
116
110
104
99
97
95
96
101
103
98
89
85
89
96
95
88
84
83
86
85
83
81
79
76
76
76
73
73
74
75
75
74
71
70
71
69
72
73
69
66
66
67
70
67
66
64
60
54
48
41
35
34
33
33
35
37
40
45
42
46
48
45
46
47
90
159
207
209
205
203
201
195
196
198
199
199
199
200
197
193
191
189
191
198
199
187
171
164
156
145
139
136
128
120
111
103
96
92
91
92
93
97
96
92
84
82
87
95
92
85
83
85
87
85
83
82
81
80
78
76
71
74
76
77
75
71
69
68
69
69
71
72
69
67
68
68
68
66
66
65
62
57
49
42
36
34
32
32
36
37
41
44
40
43
45
40
42
44
95
167
211
211
204
206
202
195
195
195
194
193
194
195
191
188
186
184
183
184
179
164
152
148
145
134
126
122
114
107
101
95
93
91
90
90
88
89
90
86
85
84
88
92
89
85
85
85
84
82
80
79
79
78
76
73
73
74
77
77
74
70
67
66
67
69
71
71
69
69
70
69
68
68
69
70
68
61
52
43
35
34
32
33
37
37
41
44
39
41
43
38
42
44
103
178
215
209
199
205
201
196
190
187
185
185
189
191
188
185
179
178
173
166
152
136
131
136
131
121
114
108
99
94
95
94
90
89
90
89
84
84
85
83
85
84
83
82
79
79
81
79
81
80
79
78
78
77
76
75
74
74
76
77
75
72
69
68
68
70
72
69
68
69
69
66
69
69
72
73
71
64
53
43
34
33
33
34
35
36
40
42
37
39
39
41
40
45
104
186
213
203
196
196
195
190
186
181
180
182
184
187
186
183
177
169
162
151
137
133
132
125
108
101
99
100
96
91
89
87
86
87
87
87
86
85
85
85
84
83
81
80
80
80
79
79
80
79
78
78
78
78
77
76
76
74
75
77
75
71
69
70
69
71
70
67
65
67
67
66
69
69
72
75
75
69
54
42
34
30
34
36
33
34
39
40
36
38
40
43
43
48
107
186
209
200
193
192
192
186
184
181
182
185
185
183
178
173
170
164
158
150
139
136
130
119
102
98
96
97
94
89
85
83
83
84
87
88
87
85
83
83
83
82
81
81
80
80
78
77
80
79
79
78
78
78
77
76
76
74
73
73
72
70
70
72
71
70
67
64
64
65
66
66
69
69
72
74
76
71
56
44
33
29
34
36
32
33
42
43
40
45
49
53
52
58
111
186
203
195
192
189
191
187
184
182
184
187
186
181
175
170
168
161
154
145
136
132
122
108
96
95
92
90
89
86
83
83
84
85
88
89
88
85
82
82
84
84
83
83
82
80
78
76
75
75
76
76
76
76
76
75
75
73
72
70
68
69
71
72
72
69
64
63
64
65
65
65
67
67
70
73
76
72
60
46
32
28
33
36
40
44
53
55
54
62
68
71
68
72
116
182
193
188
189
189
193
190
185
182
181
185
186
185
184
182
171
159
146
134
124
117
108
97
94
95
90
85
85
84
82
84
85
86
87
88
86
84
82
82
85
85
84
83
82
79
76
73
71
71
72
75
75
75
74
73
72
72
71
68
67
68
70
70
71
67
64
65
66
67
66
66
67
67
68
73
75
74
65
50
35
29
34
36
55
63
69
74
77
86
91
92
88
91
122
176
182
182
185
188
192
191
187
182
180
181
181
179
177
174
166
152
137
126
115
104
96
91
93
93
88
82
81
81
80
83
82
82
84
85
84
83
82
82
86
84
83
81
78
76
75
73
72
73
74
76
76
75
74
73
72
73
70
67
66
68
70
71
72
68
65
65
66
67
67
67
68
70
72
76
76
74
70
56
41
33
35
36
70
80
91
100
106
113
117
118
112
111
135
173
178
181
185
186
189
189
188
184
182
180
175
169
161
155
153
146
140
136
124
107
94
90
88
88
86
82
81
81
81
82
81
81
83
86
87
86
84
83
84
83
80
78
76
76
75
75
77
77
77
77
77
76
74
72
72
71
69
67
66
68
71
75
74
70
65
64
65
68
69
70
71
73
74
78
76
74
74
59
45
36
36
36
86
98
114
127
133
139
142
143
137
134
150
174
180
184
185
186
184
184
182
182
181
178
172
165
156
148
142
143
144
143
133
116
102
99
96
93
91
89
85
84
84
83
81
80
81
84
85
86
84
83
83
81
80
77
76
77
78
78
78
77
76
75
75
74
71
68
69
68
67
66
66
66
69
73
75
72
68
64
65
68
70
70
73
75
75
79
76
75
76
61
44
36
37
36
100
115
130
144
152
157
158
159
153
151
158
174
182
185
184
183
179
178
178
179
178
172
163
155
148
139
139
140
138
136
129
118
111
113
112
106
102
98
91
87
86
82
80
78
78
79
81
82
81
81
81
80
79
78
78
78
79
80
76
74
72
71
73
71
68
65
65
64
65
65
65
64
66
69
76
76
72
68
68
71
73
71
74
76
76
79
77
77
79
63
42
35
35
36
110
132
142
158
167
169
171
169
164
162
165
175
179
183
186
182
178
174
174
175
172
163
153
145
141
139
139
143
143
146
140
113
115
127
126
122
117
104
95
95
90
84
82
80
80
82
83
83
83
83
84
81
80
81
79
80
83
82
78
76
74
71
70
69
67
65
64
63
67
68
67
67
66
69
74
73
75
73
72
75
79
77
77
78
76
79
80
78
83
68
43
32
35
36
121
142
156
170
179
180
179
175
169
167
172
176
178
182
183
180
177
174
172
171
168
163
154
146
141
140
146
153
157
162
151
124
126
137
138
130
118
100
89
90
89
84
84
83
83
84
85
85
85
85
83
80
80
81
81
83
83
82
79
77
75
74
74
72
69
67
67
65
67
68
69
73
71
73
70
71
74
76
75
76
78
76
74
77
77
79
81
80
86
72
46
33
34
37
134
153
170
180
186
186
188
187
180
172
174
175
176
179
177
174
176
177
178
173
167
160
151
146
148
151
159
165
169
168
158
143
148
149
140
129
114
95
86
89
88
86
83
84
84
85
86
86
86
86
83
80
80
80
79
80
78
74
75
73
72
70
68
66
65
63
60
57
58
58
62
68
69
71
67
67
72
75
76
78
79
78
73
75
76
77
78
79
87
75
50
32
33
35
143
158
171
182
185
182
183
187
183
173
175
176
176
177
174
170
174
177
177
170
164
157
154
161
173
180
184
187
186
177
173
174
177
166
149
136
119
100
89
89
87
84
82
83
85
85
86
87
87
87
85
82
78
77
75
71
65
60
55
53
49
47
44
42
41
41
36
35
37
38
45
56
64
70
68
68
70
74
76
78
80
79
76
76
76
77
78
79
84
73
47
29
31
31
147
160
172
182
188
184
178
180
182
179
183
181
175
172
172
171
174
174
176
173
172
171
174
186
196
196
196
195
195
189
187
189
187
167
152
138
121
102
90
88
85
84
84
86
87
86
86
86
87
87
86
81
75
70
65
58
50
43
36
33
29
26
23
22
23
23
20
18
19
19
25
38
53
65
72
72
71
74
77
79
80
81
79
78
78
79
80
80
81
66
41
30
38
35
149
160
173
176
183
186
181
179
183
186
188
185
171
165
171
177
178
175
176
176
180
183
185
189
184
169
161
161
169
170
168
160
151
137
127
117
108
95
87
86
84
85
85
88
88
86
84
83
84
85
84
79
71
63
54
46
38
30
26
24
21
19
16
17
17
18
20
17
17
14
16
26
41
55
67
72
73
74
77
79
79
79
79
77
79
80
82
80
76
60
45
46
58
52
150
159
170
168
174
183
185
184
184
184
185
187
171
161
172
181
182
180
180
180
186
186
179
171
156
133
121
120
130
132
123
108
101
96
86
82
81
77
74
77
79
82
83
86
88
85
82
82
84
85
84
77
70
62
54
48
43
39
33
30
26
24
24
26
30
32
34
31
32
31
29
31
36
45
56
66
71
73
75
78
76
77
77
75
78
79
81
79
76
60
55
66
79
80
150
158
167
171
178
183
185
190
189
183
182
190
177
163
173
183
183
182
179
178
180
173
155
138
121
101
89
85
88
81
68
53
49
49
48
46
49
51
54
63
72
80
81
85
87
84
82
83
86
87
82
77
72
67
63
60
59
57
57
53
49
44
45
49
55
60
59
55
56
54
48
38
31
33
46
60
69
70
73
75
76
78
77
75
76
76
79
80
78
65
61
78
91
102
148
159
165
176
179
184
195
208
203
195
187
192
181
162
175
187
184
181
175
169
161
149
131
111
90
72
63
55
48
46
42
35
32
35
32
34
38
38
38
47
59
71
77
82
84
83
82
83
87
90
84
79
76
75
73
74
78
80
82
78
75
73
73
73
75
77
76
73
74
69
63
56
42
37
40
48
65
72
73
77
81
82
77
75
75
77
78
81
77
66
61
81
92
113
146
157
166
170
177
186
200
218
221
210
204
191
177
164
176
188
184
180
170
159
146
129
107
88
73
62
56
52
49
49
51
47
44
45
45
46
50
49
46
49
57
67
76
79
82
83
83
83
85
87
86
83
83
83
83
85
87
87
87
83
80
78
78
77
77
77
75
72
73
72
70
66
57
49
43
45
59
70
74
77
80
84
81
77
75
77
82
85
79
67
64
83
93
119
144
155
165
169
180
186
191
206
218
213
210
189
175
168
178
185
184
180
170
156
139
119
92
76
70
65
70
70
69
69
70
68
66
66
64
64
68
69
69
68
69
76
78
79
81
81
82
82
84
87
86
85
86
88
88
91
90
86
80
75
72
72
73
73
72
71
73
72
72
73
71
70
70
64
50
46
54
66
73
77
79
84
80
78
76
78
84
86
80
72
74
92
96
122
139
151
162
171
182
178
169
170
185
192
203
195
177
173
180
185
188
182
167
155
139
115
87
75
75
73
72
76
77
77
77
76
76
79
73
70
74
81
85
83
78
80
80
82
81
82
81
81
84
88
87
86
87
87
87
87
82
75
69
68
66
66
68
69
68
67
68
70
69
70
68
71
80
78
63
54
55
63
70
73
75
81
76
77
77
80
86
85
83
83
95
104
101
117
131
145
159
171
178
169
149
137
148
167
194
202
174
166
177
184
189
179
164
156
140
113
87
79
79
75
75
75
74
73
74
73
74
77
71
64
68
74
78
78
75
76
81
81
81
79
77
79
84
90
87
86
86
84
81
79
71
63
58
56
55
56
56
56
57
58
59
62
62
64
64
70
83
83
76
68
63
62
67
71
74
79
77
77
79
84
90
88
89
95
111
110
100
103
129
144
155
169
176
169
138
116
123
152
186
197
167
162
175
183
190
175
167
159
139
111
91
85
82
76
76
71
64
62
63
61
57
56
57
53
54
57
60
61
65
70
76
78
78
75
72
75
81
86
84
81
79
77
72
68
60
52
44
44
44
45
45
45
47
50
53
56
55
58
61
66
75
81
85
79
71
63
65
72
74
79
81
80
80
86
94
95
97
102
110
101
91
86
124
140
149
161
172
174
136
108
108
134
164
179
168
173
183
188
191
182
172
160
132
104
91
84
74
66
65
62
54
50
51
50
45
41
38
36
38
38
40
45
51
59
67
71
73
71
70
74
80
82
78
74
71
68
62
56
49
42
40
41
40
42
42
44
47
50
52
55
55
54
57
59
66
79
87
84
76
65
67
73
76
80
80
79
80
85
90
97
102
102
100
91
82
78
116
131
146
150
163
176
137
109
100
116
135
154
168
187
189
190
189
187
178
161
128
100
90
79
63
53
52
52
48
40
39
37
32
28
29
27
29
30
33
39
44
50
61
66
70
70
71
76
79
79
77
72
67
64
56
49
43
38
36
35
35
36
38
39
41
44
44
48
50
44
44
46
53
75
85
83
76
66
67
73
75
80
75
76
79
81
84
96
103
100
94
85
81
80
106
121
131
147
149
170
133
105
100
109
119
134
165
187
193
193
188
186
182
174
137
102
84
67
50
37
38
40
37
30
26
24
22
23
22
23
24
24
28
31
35
49
57
65
69
71
76
81
79
72
69
72
70
63
55
47
38
32
27
27
26
26
25
24
26
28
28
29
32
33
31
31
48
71
81
80
77
75
74
72
73
78
77
73
72
76
83
98
105
104
96
94
85
86
98
111
121
133
139
162
131
100
107
123
126
131
157
182
199
203
194
183
183
177
140
101
77
58
45
33
33
36
35
30
24
22
22
24
23
24
25
22
24
28
32
44
55
63
72
75
80
84
79
70
66
68
67
62
55
46
36
29
25
25
24
25
24
24
25
26
28
30
31
30
28
31
46
66
81
84
83
81
80
76
74
77
79
72
71
77
86
101
110
109
101
100
90
86
86
98
109
119
128
156
139
106
120
149
147
135
155
180
202
202
190
176
179
167
128
91
70
60
57
52
54
55
53
46
39
34
32
33
32
32
33
26
23
28
36
44
56
63
71
76
81
83
77
68
63
63
64
60
53
44
35
30
28
28
29
31
33
35
36
36
40
46
49
49
48
48
55
64
77
83
84
82
82
80
76
78
83
74
71
78
87
99
104
102
97
98
92
86
73
84
93
98
110
142
142
116
130
170
151
123
144
179
202
193
184
182
182
161
124
103
95
92
95
92
88
85
81
72
64
59
54
49
48
47
46
36
30
35
45
52
58
65
73
77
81
83
76
69
62
60
58
57
52
46
41
38
36
40
42
45
50
58
61
61
65
71
74
73
72
71
69
71
75
81
79
77
80
81
77
80
82
74
73
81
86
91
90
86
84
89
90
88
60
68
77
81
90
120
139
132
137
175
136
103
136
186
205
186
181
192
193
169
141
133
124
109
98
86
85
84
84
81
77
76
74
68
59
53
48
39
38
46
54
58
59
69
79
85
86
85
77
71
64
58
53
54
55
52
47
43
41
46
52
58
64
72
77
79
79
79
77
75
75
74
75
79
81
83
78
75
78
79
78
80
78
72
73
83
86
86
80
73
73
79
88
91
51
55
61
66
74
100
136
154
151
163
120
99
147
199
209
187
180
192
191
174
160
158
146
123
106
90
79
75
75
74
70
66
65
60
57
48
42
40
45
54
57
60
63
75
89
96
97
90
81
73
71
61
52
52
57
55
48
40
38
43
48
54
60
64
70
72
71
69
65
64
68
70
74
80
81
80
76
74
76
79
79
80
78
70
72
82
86
85
76
65
64
71
85
94
47
49
49
54
56
75
124
166
175
147
106
110
169
210
204
190
187
195
191
183
174
171
157
142
131
112
86
71
65
68
64
59
58
57
51
45
43
48
57
61
60
66
77
87
100
107
106
97
86
78
78
70
61
57
56
54
49
43
42
42
44
46
49
51
55
58
59
61
62
65
70
73
74
78
78
75
75
76
76
78
82
82
81
72
73
83
91
90
77
60
58
66
85
99
49
49
48
50
45
53
108
170
197
144
98
122
187
211
193
190
191
196
192
191
185
179
169
166
164
145
116
87
68
68
64
55
51
50
49
48
52
60
68
68
66
77
91
99
109
114
111
103
93
85
78
75
69
62
57
54
55
55
55
50
46
44
45
46
50
54
56
61
65
69
75
79
79
79
79
74
76
79
76
79
86
86
84
74
73
85
96
96
80
59
55
65
89
106
52
51
49
48
47
47
97
174
214
138
90
131
186
205
179
185
187
193
187
184
181
183
180
177
181
180
156
120
91
76
64
58
54
53
53
61
73
74
71
71
79
92
106
113
117
120
114
102
94
88
84
76
77
73
59
51
57
59
60
54
52
55
54
52
53
58
64
69
77
80
78
79
82
85
85
84
82
79
80
81
85
91
88
80
74
83
97
104
82
61
59
76
96
109
53
53
53
55
51
53
103
178
211
155
125
154
190
203
181
184
186
193
183
179
174
175
178
183
188
182
163
137
111
90
78
74
67
61
62
70
81
80
78
80
89
102
119
127
130
126
115
101
93
86
86
81
81
79
66
58
58
58
59
56
58
64
67
65
65
67
69
72
79
83
82
82
83
83
83
84
84
83
84
84
85
90
89
81
73
82
99
108
89
72
72
88
97
103
54
56
58
61
57
63
108
180
205
179
167
184
198
201
183
181
182
187
182
175
171
177
185
189
188
176
164
155
136
107
86
80
74
70
68
75
83
81
81
86
95
108
124
143
153
144
124
105
93
85
83
83
83
82
75
69
64
63
63
62
67
72
77
77
75
74
74
76
81
86
87
86
85
82
84
86
87
87
88
86
88
91
90
83
74
83
102
110
91
80
88
96
97
106
53
57
63
65
66
76
106
174
198
199
207
211
203
193
181
176
177
179
180
174
177
187
190
186
182
176
179
176
158
121
92
80
75
76
77
82
87
87
90
97
102
112
126
156
174
163
133
107
93
85
81
84
84
83
83
79
74
75
74
73
73
74
77
80
80
80
78
79
85
90
89
87
86
83
85
87
88
89
90
89
90
94
93
87
80
88
105
109
89
82
97
102
100
114
53
58
65
67
74
87
101
164
198
214
224
216
197
179
173
172
178
177
173
174
183
189
185
182
185
188
187
174
150
118
95
85
81
85
87
91
94
95
100
104
104
111
134
168
188
172
134
102
90
84
84
87
86
85
87
84
80
83
84
81
77
74
75
80
82
82
81
83
88
92
89
85
83
82
84
86
88
90
92
91
93
97
98
93
87
95
108
109
91
88
103
109
111
117
52
58
62
66
78
93
99
157
205
228
222
212
200
180
173
172
180
179
169
173
181
184
184
189
191
188
171
150
126
105
92
84
84
90
91
94
95
95
99
101
100
110
149
179
194
175
135
102
88
83
81
83
83
83
85
81
79
82
86
85
80
76
76
79
82
83
82
83
88
91
87
80
79
78
79
83
88
92
95
94
96
100
103
99
95
101
110
113
101
101
115
112
120
118
50
56
59
66
77
90
96
149
206
229
216
201
202
186
177
173
178
174
168
169
176
180
183
187
177
163
145
126
111
98
87
83
83
87
91
93
92
88
91
95
102
121
170
187
191
170
134
104
90
84
79
77
75
76
78
73
72
75
81
82
80
78
77
79
82
84
83
83
87
91
89
84
80
78
79
84
89
94
97
97
99
103
106
102
99
104
111
117
111
112
123
112
127
118
47
52
61
70
76
86
93
140
200
220
197
173
180
173
173
174
177
169
168
167
174
176
174
170
152
138
119
104
98
94
88
87
88
87
89
90
86
80
82
89
106
135
191
195
185
161
128
103
92
87
81
75
71
72
71
68
67
70
75
77
79
79
80
82
85
87
84
83
87
93
93
88
84
81
82
86
90
95
98
99
102
106
106
102
101
105
109
117
114
117
122
116
136
116
43
48
57
68
70
83
85
133
193
207
171
150
154
152
169
173
173
167
166
167
170
169
168
149
128
111
99
94
91
88
86
90
91
87
90
88
81
78
88
106
133
161
195
190
169
140
117
100
91
92
82
76
73
72
70
69
68
67
72
76
81
81
84
90
91
91
87
86
90
97
98
96
92
89
90
92
95
96
100
103
104
104
104
107
100
101
112
112
108
115
118
125
135
104
41
45
51
62
69
77
77
120
177
192
165
137
139
136
171
181
174
167
162
163
164
158
153
134
115
102
95
92
92
90
86
87
91
93
91
86
79
81
99
126
157
182
195
175
146
119
102
94
91
88
79
77
77
76
73
72
70
69
70
74
81
83
85
92
95
99
95
93
96
101
102
99
97
96
96
98
101
101
102
104
106
106
108
109
105
106
108
104
104
113
111
126
121
79
38
41
48
54
65
73
75
109
159
186
170
146
135
136
173
186
176
169
158
157
155
146
135
117
105
97
94
94
95
93
90
90
94
95
88
80
78
89
115
150
181
199
183
157
127
103
89
87
88
83
79
78
79
79
77
76
75
70
70
72
78
80
84
91
97
105
105
104
103
103
102
102
102
103
103
104
107
105
103
102
104
106
109
109
107
109
110
105
102
105
108
133
116
68
36
37
44
47
57
70
81
98
137
180
182
171
139
150
172
185
174
167
152
150
146
137
123
109
103
100
97
99
100
98
99
101
97
89
81
73
78
96
123
156
178
183
164
142
115
97
87
87
88
85
84
83
84
85
88
89
83
74
71
72
77
77
78
84
93
104
110
110
107
103
101
102
103
105
106
106
108
107
105
105
105
106
110
113
108
107
108
103
104
113
148
177
158
109
34
34
41
43
49
64
82
88
113
159
180
177
146
153
168
179
169
162
147
144
139
131
117
107
105
105
100
101
103
107
109
103
89
77
72
68
79
101
127
150
161
156
145
130
107
92
92
94
94
95
94
95
98
99
101
101
91
81
75
75
77
75
73
77
87
99
113
114
109
103
102
102
103
105
105
107
108
108
108
108
108
110
113
114
107
101
102
100
117
152
199
224
220
198
35
34
35
42
46
59
77
87
103
136
161
162
157
149
163
173
167
163
144
141
136
130
115
107
106
107
102
103
107
113
109
93
75
69
68
67
79
100
118
129
131
123
123
121
110
102
105
105
102
104
106
104
102
96
93
93
89
83
76
75
76
73
71
74
81
91
107
114
113
105
104
104
104
106
107
108
108
108
108
108
109
109
113
113
107
112
121
129
160
206
236
246
249
245
36
34
33
38
42
56
65
85
103
117
134
142
156
148
159
170
170
163
144
140
136
131
113
107
107
109
110
111
110
108
99
82
70
69
70
70
78
92
97
97
92
85
97
106
114
119
120
119
112
107
102
95
85
75
70
73
77
77
72
71
73
72
73
76
77
81
93
107
111
107
105
104
105
106
108
107
109
108
107
107
108
111
119
116
119
136
158
181
212
241
250
250
246
244
37
35
36
35
38
53
53
80
103
106
113
128
141
145
155
168
174
159
143
139
136
132
113
108
108
110
116
119
113
99
88
79
73
72
71
72
79
87
87
81
74
69
76
88
108
123
129
130
121
104
87
77
66
57
56
62
67
68
66
66
69
71
75
79
75
75
78
97
108
106
105
104
105
107
107
107
108
110
110
110
114
118
120
120
131
150
174
208
235
241
244
247
246
244
38
38
38
36
33
40
54
74
95
101
107
110
119
131
146
167
164
159
141
141
135
123
114
110
111
115
121
118
105
92
78
79
74
75
74
73
78
84
85
80
72
71
65
74
88
107
119
119
110
100
76
65
63
59
56
62
68
68
68
67
71
73
72
77
79
73
75
79
98
109
105
104
106
106
108
108
108
109
110
113
120
127
125
120
120
136
151
173
211
236
244
249
251
250
35
35
36
34
34
40
48
59
79
92
98
107
112
112
127
158
160
153
140
140
132
119
111
109
113
119
123
113
97
82
76
80
78
76
75
76
79
81
82
80
75
72
65
73
80
91
99
101
98
91
79
71
70
68
65
69
72
73
71
69
72
74
74
76
79
78
74
72
85
103
107
105
107
108
106
106
107
107
107
109
116
122
120
118
123
140
147
158
195
225
240
246
249
252
33
33
31
36
39
41
42
51
72
86
99
110
117
118
140
176
171
152
141
137
125
113
108
110
115
121
124
106
86
76
78
84
83
77
76
78
81
81
82
82
79
76
71
76
79
85
91
94
92
85
75
71
72
70
68
72
75
75
79
77
77
80
81
81
84
88
82
73
75
98
109
105
107
106
104
105
105
106
105
107
115
122
126
123
130
145
142
144
182
220
239
243
247
248
34
38
31
33
34
37
44
56
81
99
125
142
170
194
208
207
177
157
139
132
119
108
107
110
115
120
121
99
79
81
86
91
87
81
83
85
85
87
87
83
79
76
77
78
76
79
85
88
86
78
75
73
78
80
79
82
84
85
84
83
82
85
88
87
87
90
91
80
72
94
109
105
106
103
104
104
103
104
104
107
117
125
131
129
133
146
141
136
172
214
236
244
251
251
37
39
39
44
52
71
95
122
155
180
196
214
230
233
237
237
198
160
138
130
117
108
106
108
112
118
116
93
73
91
94
96
91
88
88
92
90
91
90
87
84
78
81
80
74
71
73
75
76
71
72
75
85
90
91
91
87
87
89
89
88
90
94
94
90
86
93
85
72
88
105
105
106
103
102
102
102
103
103
106
116
123
126
124
128
144
140
133
160
196
219
232
247
249
38
50
79
112
145
171
194
212
228
237
243
241
242
247
250
241
196
158
137
129
118
111
106
105
108
116
111
89
71
97
96
99
93
92
89
97
96
95
94
94
95
86
83
83
78
76
74
74
78
76
79
81
89
91
91
91
88
90
90
89
87
88
92
96
93
86
92
88
77
84
101
107
106
103
101
102
103
104
104
105
112
119
121
120
124
141
141
132
153
183
201
214
234
246
99
140
177
206
224
229
233
238
242
241
243
244
247
247
246
240
198
163
142
129
115
110
109
106
107
113
110
88
72
95
97
99
95
92
86
95
97
101
100
96
100
97
92
92
88
90
91
90
92
90
90
88
87
85
84
85
85
90
89
81
76
72
74
85
91
88
91
92
83
83
98
106
102
101
100
101
101
103
103
103
109
115
119
119
123
140
140
129
148
178
191
197
219
240
193
223
232
236
233
236
242
242
243
247
249
249
250
251
251
246
205
171
149
129
111
109
113
110
108
111
110
88
73
94
98
99
97
89
75
82
89
105
107
99
107
112
109
104
100
105
110
110
108
105
103
100
98
91
89
90
90
95
91
79
68
59
57
70
86
90
89
93
86
83
96
104
99
100
97
97
97
99
98
100
106
112
112
114
121
139
137
123
140
170
185
178
192
214
240
240
234
237
236
236
239
241
243
248
252
252
250
251
253
248
216
180
154
135
108
107
110
113
108
106
107
93
83
86
98
98
92
77
55
49
82
118
122
121
125
122
116
114
116
118
115
111
109
115
118
115
106
108
112
110
113
113
110
98
78
46
39
55
80
92
92
92
87
85
95
102
100
97
94
94
95
99
98
99
99
106
107
108
119
138
133
123
136
162
177
172
175
186
237
232
239
239
238
240
243
245
246
248
250
255
252
252
251
251
218
180
155
137
112
106
107
110
106
106
105
97
87
83
92
96
89
67
37
25
58
109
140
152
147
135
125
127
134
135
127
118
121
134
136
132
123
126
130
131
140
140
125
112
82
37
26
48
77
88
91
90
86
87
97
102
100
97
93
94
94
97
96
97
94
99
103
107
119
139
130
120
131
157
173
165
166
174
229
242
237
236
239
244
246
247
246
245
250
255
252
252
249
251
217
181
156
139
116
107
104
108
104
104
105
100
90
81
89
92
83
59
32
13
30
74
116
145
150
150
142
140
146
148
144
137
138
149
156
148
139
150
146
133
137
136
111
91
58
22
25
56
81
87
88
86
83
89
99
102
99
97
94
94
94
96
93
94
89
93
98
105
118
140
126
117
129
154
172
158
158
171
227
232
234
232
239
248
248
246
245
242
250
252
251
252
250
244
214
184
160
142
122
108
104
107
105
103
107
99
89
82
87
86
80
62
39
13
13
30
54
72
80
92
101
106
123
132
130
123
122
132
131
122
115
127
118
97
99
96
64
44
25
19
42
73
88
87
83
79
81
90
99
100
97
96
95
95
94
94
91
91
86
90
100
106
120
140
122
114
128
152
169
154
157
173
232
234
237
236
243
252
249
245
245
245
252
251
253
250
251
238
216
190
164
143
126
111
105
107
107
106
107
97
86
80
84
83
82
70
55
25
14
17
24
26
25
35
48
60
78
87
86
82
82
90
86
78
66
69
61
51
53
45
21
15
18
34
61
86
90
86
81
76
79
90
97
96
93
93
93
94
93
93
89
87
83
89
108
108
122
140
119
110
125
147
159
155
160
167
230
241
248
243
246
253
250
243
243
247
251
251
254
251
249
234
216
194
166
143
129
113
108
108
108
108
105
96
85
76
80
83
86
78
59
35
19
17
23
23
19
20
19
27
39
45
43
39
36
39
43
36
29
34
36
33
31
22
7
14
30
52
73
93
92
83
80
75
79
89
93
92
91
91
92
92
92
93
88
83
81
91
116
110
122
138
119
107
123
142
152
158
161
156
234
245
252
246
244
249
249
242
241
246
250
248
253
252
245
225
208
194
168
144
132
115
108
106
107
108
104
95
83
73
77
82
88
82
69
51
29
22
28
35
38
33
30
35
47
49
43
35
30
35
32
27
28
34
34
26
18
16
20
35
53
69
81
96
90
80
79
74
79
89
90
89
90
91
90
90
91
91
85
80
84
100
130
113
122
135
119
105
123
139
149
160
160
150
237
246
250
244
240
245
249
243
238
243
250
244
248
253
243
217
199
192
171
146
135
118
109
105
105
108
104
93
81
73
76
79
87
85
82
63
30
17
30
54
73
68
62
51
44
44
42
37
31
32
32
35
40
36
33
31
28
31
45
60
77
87
85
92
83
77
78
74
79
88
89
88
91
92
90
88
88
88
81
78
87
109
144
120
124
133
119
102
123
137
147
158
155
144
247
250
249
241
237
239
248
236
230
241
240
242
245
250
237
214
190
191
179
152
141
127
112
108
103
107
104
96
82
72
73
80
86
85
85
73
50
34
37
62
86
100
97
77
64
62
59
52
47
46
51
60
60
47
42
45
50
52
65
76
84
87
93
93
86
81
75
76
80
86
89
89
89
91
91
85
86
81
80
81
96
117
145
121
121
132
116
100
124
139
145
153
149
140
251
254
250
241
230
230
243
235
228
237
240
238
242
246
236
212
188
189
184
159
144
131
118
111
104
107
103
95
83
73
73
79
84
84
89
85
70
50
43
57
82
99
105
94
87
86
82
75
71
68
70
74
71
64
60
60
64
68
75
82
88
90
93
90
83
78
76
78
82
86
88
88
89
90
88
83
82
81
80
80
101
125
142
122
123
129
110
96
123
139
149
152
143
132
247
249
250
239
222
214
231
230
224
231
233
236
239
243
235
211
185
183
182
162
143
132
124
114
107
107
104
95
82
72
70
75
81
87
95
92
83
68
58
61
71
80
86
84
84
84
82
78
74
70
68
67
65
65
67
68
73
81
86
91
94
92
92
88
81
76
76
80
85
87
88
88
88
89
87
83
81
80
78
76
101
132
140
123
122
125
105
95
124
140
152
148
135
124
246
249
250
242
223
210
226
228
221
227
226
233
240
242
233
208
181
172
175
162
140
131
127
118
112
109
107
98
82
70
65
71
80
90
97
93
89
84
81
79
75
71
74
72
72
73
72
71
69
66
65
63
63
69
74
74
79
87
92
95
96
94
89
84
78
74
76
82
87
88
87
87
88
87
85
82
83
80
75
73
97
135
140
124
122
121
104
101
130
140
149
140
124
118
243
247
248
246
234
221
230
228
220
222
227
230
237
244
232
200
175
165
169
162
140
132
129
122
118
113
110
102
87
73
65
68
79
86
91
93
95
98
98
96
90
88
87
84
84
83
79
78
80
81
79
78
80
86
90
90
92
95
95
94
94
92
85
80
76
74
76
82
87
88
87
87
86
84
80
77
84
78
72
75
99
138
139
127
124
119
104
108
136
141
142
128
114
116
239
241
248
250
248
238
239
230
221
224
239
227
231
243
232
193
171
164
165
162
143
131
127
123
121
115
111
106
95
80
71
69
76
82
88
96
105
110
109
107
105
104
96
96
98
97
91
89
92
96
99
100
100
101
102
100
98
99
95
93
93
89
82
77
76
75
77
82
86
87
87
87
84
82
77
75
82
74
69
77
105
137
135
128
127
118
103
111
140
141
136
120
110
118
234
235
241
242
243
237
233
221
219
227
242
219
218
233
224
188
169
156
157
156
140
124
118
121
120
116
112
111
101
86
74
72
78
82
90
101
110
115
116
114
113
113
110
111
114
113
110
109
111
113
111
110
107
105
103
99
95
94
94
91
90
87
80
76
76
76
80
83
86
88
89
86
82
78
75
76
75
69
66
79
116
135
131
127
124
114
102
115
142
139
128
113
109
123
221
223
225
221
222
215
210
203
208
222
237
210
207
221
214
184
165
145
150
148
136
118
111
118
120
116
115
113
104
86
73
74
82
88
91
99
107
108
109
112
116
118
113
111
111
112
111
111
111
107
105
102
98
97
99
96
93
94
94
89
86
84
77
74
77
77
81
82
84
87
88
86
80
76
73
76
67
65
64
79
125
136
130
124
119
110
102
117
144
136
119
106
107
127
202
201
202
204
196
195
187
183
191
208
220
197
189
200
198
180
165
139
137
138
127
114
108
108
117
120
117
116
108
91
78
77
83
88
91
98
97
101
110
114
112
108
108
107
107
107
107
106
103
99
100
100
100
99
98
96
95
94
91
88
84
81
76
72
74
79
80
84
83
81
83
80
76
77
74
70
69
57
61
77
133
133
128
125
116
107
105
123
141
133
111
98
111
133
185
177
176
182
187
189
180
171
172
193
203
182
172
178
182
176
166
137
123
125
120
110
106
106
109
114
120
118
111
98
86
84
84
85
92
96
96
100
108
110
107
104
97
99
102
101
98
95
94
95
97
97
97
97
96
93
90
89
88
85
84
82
77
74
76
80
81
84
83
81
80
77
73
73
72
67
64
54
60
83
130
131
127
124
115
107
108
125
138
124
106
102
118
135
167
161
158
165
180
185
181
176
172
195
193
178
167
165
170
174
166
133
107
107
111
105
102
103
101
107
113
115
113
105
96
91
87
85
92
96
95
99
104
103
101
96
93
93
92
90
87
85
83
82
86
86
87
89
89
87
85
84
85
84
82
80
78
77
78
81
82
85
83
81
77
74
69
68
69
66
61
54
62
95
129
130
127
121
114
108
112
129
134
113
99
109
127
136
135
137
148
157
172
175
178
176
170
181
170
163
161
157
161
170
167
136
100
91
103
100
95
95
96
100
101
108
112
109
103
96
90
86
92
97
98
99
101
98
94
88
88
84
80
77
74
74
71
70
74
75
78
81
82
82
81
81
84
82
80
78
77
77
80
84
83
84
83
79
75
70
66
64
66
66
62
57
67
108
129
130
127
119
112
108
115
133
131
103
94
116
134
135
94
104
132
153
164
169
177
176
171
164
147
146
152
152
153
161
164
143
101
76
95
95
88
85
91
90
96
101
107
111
108
102
94
89
93
100
102
101
100
97
93
84
81
79
77
72
71
69
70
70
71
71
73
76
77
78
78
77
81
79
78
76
76
77
81
83
83
82
79
75
70
67
64
61
63
67
64
58
73
117
131
131
128
118
110
107
119
133
123
98
99
126
137
132
40
68
113
146
158
164
172
172
174
159
147
143
152
152
149
153
159
149
107
70
83
88
81
77
84
83
91
94
100
106
111
110
102
96
95
100
103
102
98
95
92
82
82
79
77
77
76
75
73
72
71
71
72
74
76
77
76
76
76
77
76
76
77
79
81
80
81
78
75
72
68
66
64
60
61
64
63
57
81
121
131
131
129
117
109
112
123
129
113
98
110
134
136
127
12
44
101
140
156
162
170
168
175
163
149
139
145
148
146
150
158
153
113
68
67
78
73
71
74
77
84
86
92
100
107
109
106
104
100
100
100
102
99
95
90
82
83
80
77
76
77
77
75
72
74
74
74
76
78
77
75
74
72
75
74
74
75
79
80
79
78
74
73
71
67
67
65
60
60
59
59
59
93
124
129
128
127
112
108
118
129
121
102
101
120
139
129
121
10
32
78
117
139
152
163
161
167
159
150
134
138
143
144
149
157
153
117
69
53
68
66
66
65
75
79
83
89
95
100
102
105
105
107
101
99
103
101
94
90
83
83
82
80
78
76
77
78
81
79
78
79
80
80
77
74
71
72
74
73
72
74
78
80
79
76
71
72
71
68
69
67
61
60
55
57
63
104
126
127
124
123
106
105
122
132
113
93
102
125
139
124
117
16
16
44
82
117
137
150
150
151
160
152
139
133
137
140
141
147
153
125
80
49
60
63
63
64
69
75
76
82
89
90
92
98
104
105
103
103
104
102
97
90
86
83
82
80
81
82
84
86
87
87
84
84
85
82
81
76
71
71
71
73
75
75
76
75
74
71
70
68
66
66
66
65
63
59
59
57
69
116
129
127
126
121
97
105
126
128
105
88
106
129
133
124
111
11
14
27
56
92
121
138
140
140
146
143
140
136
138
138
134
138
151
131
99
55
49
54
58
64
66
70
71
77
83
84
86
90
95
98
100
104
106
105
102
97
94
92
92
92
93
95
96
96
97
94
92
92
92
89
86
81
77
73
74
76
78
77
77
75
73
71
71
69
67
67
67
65
62
58
60
57
74
118
129
126
126
117
93
104
126
124
100
91
119
128
128
120
110
27
27
34
41
65
95
115
123
125
123
136
140
134
130
133
132
130
136
133
116
69
51
53
53
57
57
63
66
73
77
78
80
83
86
93
99
105
107
107
107
106
104
103
104
105
106
106
106
105
104
102
99
98
95
89
86
83
79
78
78
78
79
78
77
75
73
71
71
69
68
68
67
64
61
55
60
58
83
121
128
125
123
109
91
105
126
119
97
98
130
130
126
117
108
55
62
57
50
58
77
92
108
116
110
123
122
124
132
135
125
122
134
135
127
84
52
46
51
54
50
56
60
67
72
74
76
81
82
84
91
98
102
106
112
118
120
117
119
118
117
116
115
112
112
111
108
105
99
92
89
88
85
83
81
78
76
75
73
73
72
69
70
69
69
68
66
62
59
54
60
60
93
126
127
124
117
102
94
113
127
114
98
106
135
131
125
115
108
164
177
178
176
179
175
159
150
136
113
115
113
114
121
131
135
126
112
128
131
104
57
40
51
54
43
52
55
61
67
68
72
78
82
78
84
89
93
99
110
120
125
126
126
128
126
123
121
119
117
115
112
110
104
96
93
92
90
85
81
78
73
71
70
69
69
68
69
68
68
66
63
60
59
58
57
62
101
128
126
126
115
95
98
120
127
107
95
110
137
128
121
111
107
247
248
249
250
250
238
223
217
206
187
148
120
97
96
112
129
132
124
118
127
124
82
48
44
49
51
51
52
57
62
62
65
72
78
76
80
82
84
89
99
109
116
122
125
129
129
126
124
122
118
115
112
109
104
97
92
89
86
81
79
76
73
71
68
66
65
67
67
67
66
64
60
59
59
60
53
65
108
129
124
127
113
93
101
124
124
98
91
114
139
127
120
111
105
240
243
245
248
250
249
247
246
239
228
219
197
159
124
108
112
124
131
120
124
129
107
71
41
42
59
52
50
53
57
56
57
65
72
69
72
74
77
81
88
97
104
111
115
119
121
119
117
115
113
110
107
104
99
93
89
86
83
78
77
75
73
70
68
67
65
65
65
66
64
61
57
58
61
59
47
70
115
129
120
124
107
91
103
122
116
92
96
121
136
127
121
112
106
182
183
192
202
216
231
243
247
246
244
241
237
218
188
147
107
92
101
118
121
127
123
97
52
39
46
52
49
50
54
52
51
58
67
68
70
73
75
76
78
85
91
95
99
103
105
103
103
102
101
100
96
92
89
86
84
84
81
78
76
74
72
70
69
68
67
65
65
65
63
59
57
57
61
56
42
74
119
130
117
120
99
90
104
120
109
90
105
128
129
126
120
112
106
55
55
67
85
117
161
193
220
238
245
243
243
237
236
219
175
126
76
90
105
110
132
120
79
48
40
41
46
44
52
51
48
54
64
63
68
73
74
75
77
81
83
86
85
87
91
93
93
93
93
92
89
87
85
86
86
84
82
78
75
72
70
70
69
68
67
64
64
63
62
59
57
60
60
54
33
85
129
127
119
108
92
92
113
123
104
83
110
132
121
120
124
111
107
9
16
21
20
32
56
84
131
176
212
228
234
235
240
239
225
193
144
101
67
93
126
128
109
75
40
40
41
40
47
46
45
48
55
57
62
68
72
75
77
78
79
79
81
83
88
91
94
93
93
90
89
87
87
87
87
84
82
79
76
73
72
70
69
67
66
64
63
61
61
59
59
62
59
50
31
88
134
129
121
109
78
98
119
122
99
84
111
130
124
121
121
111
107
29
37
41
41
39
39
47
61
84
136
191
227
238
233
235
239
230
211
150
95
72
90
126
131
103
70
45
35
35
41
46
46
46
49
51
55
60
66
71
74
75
74
78
80
82
85
88
92
93
92
89
88
87
87
87
87
84
82
80
77
73
72
71
67
65
63
62
61
60
62
63
62
64
59
46
36
97
138
122
115
110
78
103
123
116
94
92
116
129
132
124
119
111
109
50
53
62
67
60
57
63
56
47
72
102
149
192
222
237
236
229
233
212
164
93
64
86
118
120
98
67
44
39
37
43
43
45
50
49
50
53
58
64
69
72
73
76
78
79
78
80
83
86
86
89
87
85
85
85
84
82
81
78
75
72
70
68
66
63
61
60
61
61
64
64
64
64
60
42
47
105
136
114
107
107
85
108
122
107
91
103
121
126
136
126
117
114
111
39
36
38
46
45
38
29
30
29
28
38
56
92
135
169
206
225
231
236
217
162
88
60
86
112
121
83
54
44
40
44
44
44
48
49
49
50
53
56
62
68
70
72
75
75
74
74
78
82
83
85
84
84
84
84
82
80
79
75
73
70
67
66
63
61
60
59
63
65
67
65
63
63
58
40
57
106
129
114
106
98
90
114
123
100
88
109
127
124
131
126
116
115
111
26
24
20
16
12
16
15
22
26
21
26
24
27
41
71
136
190
227
230
223
217
153
72
43
92
116
104
73
48
38
43
45
44
43
50
49
50
51
53
57
62
65
68
71
74
75
75
77
78
78
78
79
82
85
85
81
78
76
73
72
69
67
65
62
59
60
62
67
69
70
65
61
58
51
38
70
110
119
110
103
90
98
120
122
95
86
113
135
129
128
124
117
118
112
59
60
50
43
36
35
27
20
15
21
20
23
22
25
30
53
84
139
178
204
220
197
138
61
66
95
122
103
69
46
36
39
42
45
47
48
48
50
52
54
58
62
65
67
69
71
72
71
71
70
71
73
78
82
82
77
73
71
70
70
68
67
64
60
60
59
64
67
68
69
65
59
51
41
34
80
117
109
101
99
85
108
122
116
91
89
118
139
133
129
125
120
120
113
174
171
164
147
139
119
88
67
40
23
13
20
24
21
17
27
30
56
90
139
190
203
185
116
57
65
105
115
98
74
46
40
43
48
44
45
46
48
51
54
57
61
65
65
65
68
71
71
69
69
66
68
73
77
76
71
67
66
66
65
66
65
62
59
58
58
64
65
65
66
63
56
46
33
29
81
119
104
97
98
82
110
125
108
86
95
122
138
131
129
125
122
120
113
235
235
231
230
225
215
203
181
133
84
58
40
23
14
10
19
25
27
31
55
126
183
193
164
91
47
61
106
117
100
66
53
41
45
47
44
44
49
52
51
53
57
60
62
66
67
66
69
68
66
62
64
66
68
69
67
66
63
63
63
64
65
63
60
59
59
62
63
59
60
58
52
44
28
35
80
123
100
92
90
88
112
125
105
84
100
127
134
133
128
126
122
120
116
245
245
241
246
249
244
238
232
222
210
180
130
85
52
29
21
22
22
25
21
54
124
174
174
146
75
35
69
106
123
99
70
49
45
42
46
49
49
48
51
54
55
58
60
63
64
63
66
68
66
62
62
62
64
65
65
65
63
64
64
64
65
63
61
61
63
61
61
57
57
57
50
41
28
41
88
120
101
96
85
91
116
119
94
82
106
130
132
131
134
129
123
120
117
232
231
237
236
233
232
236
240
240
239
227
221
202
144
84
37
20
18
24
24
11
71
139
170
172
121
45
39
75
118
121
98
70
52
38
46
51
52
50
51
51
51
55
58
62
64
63
67
71
71
68
66
64
63
64
64
65
63
64
64
64
64
63
62
62
64
63
62
55
53
54
45
35
28
49
95
117
102
96
79
96
122
114
88
88
114
132
131
128
134
131
123
120
118
