95
92
88
89
93
99
102
108
117
128
136
142
150
155
159
161
164
165
166
167
167
168
168
169
169
169
171
172
175
177
177
176
177
179
184
186
187
188
188
188
188
190
191
191
192
193
193
193
193
192
190
190
191
191
192
191
190
189
188
183
177
173
172
165
157
158
161
156
150
151
150
137
120
113
107
104
102
102
102
105
106
105
100
99
97
94
90
87
83
81
76
71
69
69
88
85
89
90
91
95
99
107
120
131
139
144
151
156
160
163
165
166
165
166
166
166
166
167
168
168
171
170
171
173
174
175
178
182
184
187
187
188
190
190
189
191
192
193
194
194
194
193
192
192
190
190
191
193
194
193
193
191
191
189
185
182
178
168
160
160
159
157
152
151
152
143
129
123
112
107
104
102
102
105
106
104
101
100
98
94
90
86
82
81
75
72
68
69
86
89
93
96
96
95
100
112
125
139
142
148
156
161
164
165
167
168
166
165
165
166
167
168
169
169
168
168
169
170
173
177
181
184
185
187
189
190
191
192
191
190
193
193
194
194
194
193
192
190
190
191
194
194
194
192
191
192
192
191
189
186
183
176
168
161
160
157
154
154
152
146
138
130
120
110
105
106
103
104
106
103
101
98
97
94
89
85
82
78
72
71
69
69
90
92
93
96
95
96
105
120
135
145
147
152
159
163
166
167
167
168
166
166
164
166
167
169
170
170
170
170
171
172
174
177
180
182
184
186
189
190
192
192
192
191
193
193
193
193
193
192
191
190
190
191
193
193
193
191
190
191
193
192
191
189
187
180
172
165
162
161
158
155
154
152
144
136
123
111
106
104
102
102
104
101
100
98
96
93
88
84
81
77
72
71
70
70
94
93
95
97
94
98
112
130
144
151
152
157
162
165
166
166
166
166
166
165
165
166
168
169
170
170
172
173
174
174
176
178
181
182
183
185
188
190
192
193
192
191
193
192
192
193
193
192
191
190
191
190
190
192
192
192
191
191
193
192
192
192
190
185
178
171
167
168
164
159
156
155
149
140
128
115
107
104
101
102
103
100
99
97
96
92
87
83
80
76
73
72
71
70
95
95
95
96
98
105
120
135
146
153
156
159
163
163
163
162
163
163
164
164
166
166
168
168
169
168
170
172
174
175
177
179
182
183
182
184
187
188
190
191
190
191
192
191
191
192
192
192
191
191
188
188
188
189
190
190
190
191
191
191
191
192
193
190
184
179
174
173
169
164
161
160
155
148
137
122
110
104
102
103
102
99
98
96
94
91
86
82
79
76
74
73
72
71
93
95
96
98
105
115
128
138
146
152
159
160
161
161
160
160
161
161
163
163
164
167
168
168
167
167
167
169
172
173
175
178
181
182
182
184
186
187
189
190
189
190
191
191
191
191
191
191
190
190
187
186
185
187
187
189
190
189
189
189
189
190
192
191
189
185
178
175
172
169
167
165
161
158
145
129
112
104
103
103
102
98
97
95
93
91
86
82
79
76
73
74
72
71
94
98
99
105
115
127
137
143
148
154
159
160
159
159
159
159
160
161
161
162
163
165
168
168
168
167
167
169
171
172
173
176
179
180
184
185
187
188
189
190
190
191
191
191
191
191
191
191
190
189
187
186
185
185
187
187
188
187
188
187
187
188
191
192
190
189
182
177
172
171
167
161
159
159
151
137
118
107
103
103
100
98
96
93
93
90
86
82
80
76
74
72
71
70
98
102
104
116
127
136
142
147
151
154
157
156
155
155
157
160
161
161
160
162
163
165
167
169
169
168
169
171
172
172
172
174
177
179
183
184
186
188
189
190
191
190
188
189
189
190
190
190
189
188
188
187
186
186
186
186
186
187
187
186
185
186
187
190
190
189
186
180
173
170
167
161
158
159
158
146
127
112
105
102
98
97
97
94
93
90
86
82
80
76
73
71
70
70
103
105
112
125
136
139
145
150
153
154
154
153
153
154
157
160
161
161
161
161
163
164
166
168
169
169
171
172
172
171
170
172
176
178
179
181
183
186
186
187
188
187
184
185
186
187
188
188
188
187
187
186
186
186
185
185
185
185
185
185
185
184
185
187
188
188
190
184
177
174
171
166
164
165
163
153
135
117
106
100
96
97
98
94
92
90
86
82
79
75
72
70
70
69
102
111
118
130
137
136
139
147
152
153
153
153
153
154
157
160
161
160
161
162
163
165
167
168
168
169
169
170
172
172
172
172
174
176
178
180
182
183
186
188
187
184
182
182
183
184
186
187
186
185
186
185
184
183
183
183
183
183
183
185
183
180
182
184
184
182
184
184
183
181
178
174
168
165
159
152
140
123
109
100
98
97
95
94
90
88
86
85
80
75
71
69
68
69
104
115
124
133
137
135
137
144
148
149
152
152
154
155
158
160
160
159
161
161
162
163
165
166
166
167
169
171
172
172
172
172
173
175
177
179
180
182
185
187
187
184
182
182
182
182
184
185
185
185
185
183
182
181
182
182
182
182
184
184
182
179
179
182
183
182
182
185
186
182
176
173
169
165
157
153
144
131
114
105
99
96
93
92
89
87
84
82
78
74
71
69
68
69
105
117
126
131
134
132
134
139
142
145
148
149
152
155
157
158
158
158
158
158
160
161
163
164
166
166
169
171
173
174
173
174
175
176
178
179
180
181
184
186
186
184
183
182
181
181
183
184
185
185
182
181
179
179
179
180
180
180
181
180
179
178
177
179
182
184
181
187
189
180
173
170
172
172
165
161
150
136
118
105
98
93
91
90
88
84
81
80
76
74
71
69
68
69
108
118
127
128
129
129
132
135
138
142
143
145
148
152
154
155
157
158
158
158
159
160
162
164
165
166
170
171
172
173
173
175
176
177
180
180
180
180
182
184
183
182
183
182
181
180
181
182
183
183
181
179
178
178
179
179
179
178
178
178
178
179
179
178
180
182
182
186
186
180
174
174
175
177
171
166
157
142
123
108
99
92
89
90
89
84
80
77
75
73
70
68
68
69
111
119
128
128
127
128
131
132
135
139
140
141
144
147
149
151
153
156
156
156
157
158
160
162
164
165
168
169
170
170
171
173
175
176
178
178
178
178
180
181
180
179
180
179
179
178
179
179
179
179
180
179
179
178
179
179
178
176
176
176
179
181
180
177
176
178
179
179
181
181
181
178
175
173
170
166
162
150
133
117
102
92
88
89
88
83
79
76
73
72
69
67
67
70
113
119
126
126
126
127
130
131
133
138
139
138
141
144
146
147
149
152
151
152
153
155
158
161
163
165
166
167
167
167
168
170
172
174
177
176
175
176
178
179
178
177
177
177
176
176
176
176
176
176
176
176
176
177
177
177
175
174
171
173
174
178
178
176
176
176
175
175
178
179
178
175
173
175
170
166
162
152
138
123
106
94
86
86
84
80
77
75
72
71
68
67
68
70
113
120
123
123
124
125
127
128
131
136
136
135
137
142
144
144
146
149
148
149
151
153
156
159
162
164
164
165
165
166
168
169
171
172
175
174
174
174
176
176
175
174
173
173
173
173
173
174
174
174
174
174
174
174
175
174
173
172
168
168
170
171
174
174
174
175
173
174
175
173
172
172
173
175
171
166
161
153
142
126
109
94
85
85
81
77
74
73
73
71
69
68
69
71
114
121
124
125
124
124
125
125
127
131
133
133
135
140
142
143
145
147
149
150
151
153
155
156
158
161
163
163
164
166
167
169
170
171
173
172
171
172
174
173
172
171
169
170
170
170
171
171
172
172
174
174
174
174
174
173
172
172
172
170
169
169
170
172
173
172
174
171
169
169
173
177
174
170
167
164
162
158
147
131
111
93
84
83
80
74
73
74
73
72
70
69
70
71
113
119
122
123
123
125
125
121
122
129
128
128
131
136
139
140
144
148
151
151
150
150
152
154
157
158
159
161
163
162
163
165
167
167
168
170
170
169
169
171
170
168
167
167
168
167
167
168
169
169
172
173
173
173
171
171
172
171
172
173
173
172
171
171
171
171
171
169
164
168
172
175
176
172
169
165
161
158
147
138
123
96
85
83
77
73
73
74
71
71
71
70
70
71
111
118
119
119
120
121
121
122
124
129
126
127
130
136
140
140
142
144
148
148
148
149
151
154
156
157
158
160
161
161
161
163
164
164
166
167
166
164
165
168
168
167
166
166
166
166
166
166
166
167
170
171
172
171
170
170
169
168
168
169
170
171
171
170
171
171
170
168
164
166
171
175
177
175
169
167
161
160
155
146
124
96
85
81
75
72
72
72
71
72
71
71
71
71
112
116
114
114
115
115
118
121
124
127
122
124
129
135
140
140
140
142
144
145
147
148
150
151
154
156
156
158
160
160
160
162
163
164
163
163
163
162
164
166
166
164
164
165
166
166
166
165
165
165
167
168
169
168
168
166
165
163
163
166
169
169
170
169
170
171
173
170
164
165
168
171
175
173
168
169
162
159
160
150
126
100
85
78
72
72
71
69
70
73
71
71
72
72
112
114
110
110
109
112
115
119
122
120
119
122
127
134
137
138
138
140
141
143
146
147
148
149
150
152
153
155
158
159
159
160
161
161
161
161
161
162
163
164
164
162
161
162
163
163
164
164
164
164
164
165
166
167
167
165
162
158
162
165
168
169
169
169
169
170
175
172
165
164
166
168
170
169
167
167
162
157
156
150
133
111
88
79
73
74
72
69
70
74
71
72
73
74
110
112
106
106
107
110
113
118
119
114
117
120
125
130
131
132
135
138
138
141
144
146
146
146
147
148
151
153
156
157
156
155
154
155
158
157
157
158
160
161
161
159
158
158
158
159
160
161
161
161
162
163
165
166
166
166
162
159
160
163
166
166
167
167
168
169
170
169
163
163
164
166
169
168
166
162
159
156
151
150
143
122
94
80
73
75
74
70
71
74
72
73
74
75
106
107
105
102
104
108
111
117
117
111
115
120
123
126
126
128
131
134
137
140
143
145
145
145
145
146
146
147
150
152
152
151
151
152
156
155
154
154
155
156
157
156
156
156
156
157
158
158
159
159
159
160
161
162
164
164
161
158
160
162
163
163
164
165
166
167
165
165
161
160
162
164
167
168
165
158
156
156
152
153
150
131
102
83
73
74
73
72
72
73
73
74
75
76
103
101
104
98
100
106
110
115
117
111
113
118
122
123
124
125
128
131
134
137
140
142
143
142
142
142
140
142
145
148
148
147
148
150
153
152
152
152
152
152
152
152
152
152
152
153
154
155
154
154
153
154
156
157
159
159
158
156
160
160
159
159
160
162
164
165
164
163
159
158
158
161
165
165
164
160
157
157
156
156
152
138
111
87
72
71
72
72
73
73
73
74
75
76
102
99
103
96
98
103
107
113
115
110
113
116
120
122
124
126
128
130
131
134
137
139
140
140
140
140
139
140
142
144
143
142
143
145
149
149
150
152
151
149
147
146
146
146
147
148
150
150
149
148
149
150
151
152
154
155
155
154
159
158
155
155
157
159
161
162
164
162
157
156
156
159
165
166
164
165
159
157
157
154
150
143
118
91
72
69
70
72
74
73
74
74
75
76
98
100
99
93
94
99
106
113
114
108
109
114
115
117
123
127
128
131
130
133
134
134
134
136
139
140
137
138
140
142
139
136
137
142
148
147
146
145
147
147
146
144
143
142
143
144
145
146
145
145
149
150
150
150
151
150
153
155
158
155
151
149
149
153
157
159
162
162
158
154
154
160
165
168
168
166
162
159
157
153
150
150
130
95
73
71
73
74
75
77
73
74
76
76
99
98
94
91
92
97
102
109
111
107
108
112
113
115
120
124
126
130
129
130
131
131
132
135
137
138
137
136
136
138
136
133
135
140
145
144
143
143
144
147
147
146
144
142
142
143
146
148
148
148
154
154
152
152
151
152
153
154
156
153
148
145
146
149
154
157
161
161
158
155
155
159
165
168
167
164
161
157
155
153
153
154
137
101
76
74
77
79
78
77
75
75
76
76
99
97
94
92
93
96
100
105
107
105
107
109
111
113
117
120
123
128
128
128
127
128
130
133
135
135
134
131
131
133
133
131
132
135
138
139
139
139
141
144
146
147
146
144
142
144
146
148
148
148
153
153
152
151
150
150
151
153
153
151
147
144
144
148
151
154
153
155
154
151
151
155
159
163
163
160
156
150
147
150
152
154
142
109
82
75
75
77
79
78
77
75
75
77
98
98
94
92
91
94
99
104
105
103
106
108
111
115
117
117
120
124
124
124
124
125
127
129
130
131
128
127
127
129
130
130
129
129
132
135
139
139
140
141
142
143
143
143
142
143
145
147
147
146
148
149
150
149
147
146
147
148
148
147
146
144
145
147
149
150
149
150
148
146
145
147
152
155
156
155
149
144
142
145
150
151
145
118
90
78
76
77
81
81
79
77
77
78
94
97
93
89
86
89
96
102
103
101
105
107
113
117
116
115
117
119
118
119
121
122
122
123
125
126
125
127
128
128
130
132
130
127
128
133
139
142
142
140
140
140
141
143
145
146
145
145
145
145
145
147
149
150
148
146
144
146
147
146
146
145
146
148
149
151
150
151
150
147
144
145
148
151
151
149
146
142
142
146
149
151
149
123
92
81
79
83
86
82
81
79
79
81
93
95
94
91
85
86
94
99
99
98
103
106
112
116
114
112
113
115
113
114
116
118
117
117
118
121
124
126
128
129
132
134
133
130
130
135
139
141
140
140
140
139
143
146
148
147
144
142
142
144
145
148
151
152
152
151
150
151
150
148
147
146
147
150
152
153
153
152
152
149
146
145
146
148
145
145
143
143
144
146
148
149
149
124
92
80
81
83
85
80
80
81
82
83
91
92
95
93
87
85
91
95
96
98
102
104
110
112
108
108
113
113
112
113
115
116
115
114
116
119
124
124
126
128
130
132
133
135
135
135
135
134
134
136
138
140
145
146
147
145
142
142
144
147
149
150
152
153
154
154
153
152
150
149
148
147
148
150
152
153
152
152
153
151
148
146
145
147
145
145
145
145
144
143
145
148
146
127
101
100
106
102
96
84
80
82
85
87
89
90
90
91
86
84
88
92
96
101
102
104
108
109
104
106
111
112
114
114
115
116
115
114
116
119
123
121
122
125
127
128
132
137
138
134
129
126
128
133
137
139
141
142
142
142
141
144
150
154
155
153
153
153
154
154
152
150
150
148
147
148
149
148
149
149
149
151
152
153
150
148
147
147
148
148
149
147
144
141
143
146
146
132
117
132
148
140
117
92
82
84
87
89
87
88
89
92
90
86
85
91
98
101
102
103
105
103
101
104
109
115
114
113
113
115
116
119
122
123
121
123
124
127
129
130
133
138
142
134
127
128
130
130
134
139
142
139
137
139
143
148
154
159
158
156
152
151
154
153
149
147
150
152
154
155
153
150
149
149
153
154
154
154
153
150
147
148
149
149
150
147
143
139
140
143
145
145
134
156
186
172
140
97
88
84
91
92
87
89
89
90
90
87
87
91
98
102
103
105
106
104
103
106
110
114
113
112
111
113
115
118
120
123
124
125
126
127
131
133
135
138
140
136
132
132
131
130
132
135
138
140
145
147
150
154
157
159
155
154
151
149
152
153
152
150
151
153
156
157
156
157
157
158
158
156
154
153
154
153
151
152
147
147
147
146
144
142
142
143
143
147
142
162
189
178
149
105
90
88
92
93
89
91
91
91
91
91
89
88
92
97
102
104
105
103
103
107
110
111
111
110
113
116
118
120
123
125
128
129
129
129
132
136
139
141
139
139
138
136
132
129
130
132
137
146
153
155
154
155
156
155
153
156
157
154
153
154
153
151
154
157
158
157
156
156
159
161
162
158
153
150
150
150
150
152
148
146
146
146
146
146
144
145
144
147
146
163
180
169
148
113
96
92
95
92
90
92
92
91
93
95
91
85
87
92
99
103
105
104
104
108
111
110
110
112
116
120
122
123
124
126
131
133
131
129
132
138
142
144
143
145
144
140
135
133
135
137
144
152
158
158
155
154
154
155
157
159
163
162
161
161
158
156
160
160
159
156
148
142
144
149
158
160
157
151
149
149
150
152
150
147
145
146
148
149
148
147
149
141
144
162
170
152
137
118
102
97
98
94
89
90
91
90
93
96
92
85
87
93
98
104
108
108
108
111
113
112
115
115
118
121
122
122
124
126
133
136
136
133
137
144
148
149
150
152
152
147
143
143
144
146
146
150
153
152
150
149
152
156
160
157
158
161
161
161
160
156
153
148
142
134
120
108
108
115
131
146
153
151
149
151
153
155
152
149
146
147
148
150
150
148
147
137
143
161
161
140
129
121
108
101
101
98
89
90
90
90
91
92
88
85
87
93
98
102
107
108
110
113
114
115
116
116
117
118
120
123
126
130
135
140
142
142
146
150
151
151
154
156
156
154
152
151
151
152
151
150
149
148
146
145
148
152
157
156
157
153
145
140
137
134
120
113
106
96
82
70
70
79
92
115
135
143
147
153
157
157
154
152
150
151
152
154
152
149
140
139
148
153
140
121
121
127
114
102
102
100
89
88
89
89
89
88
86
84
87
90
95
98
102
105
107
109
111
111
114
114
115
117
120
124
129
133
137
143
146
147
149
150
150
152
152
154
156
156
154
152
152
152
155
155
151
149
145
143
142
142
144
143
139
123
104
98
96
87
75
72
66
60
52
46
49
55
63
82
103
118
133
145
153
155
152
152
153
156
159
157
152
147
139
142
153
146
125
105
114
132
123
105
103
102
88
86
87
87
87
87
87
88
89
89
93
94
97
100
103
105
107
108
114
114
115
117
120
123
127
130
136
142
145
145
145
146
147
149
150
151
153
154
152
150
150
152
150
150
147
143
140
137
132
127
123
115
98
75
58
58
56
43
37
39
39
37
36
37
40
43
46
56
70
88
110
128
139
145
148
150
153
157
161
159
151
144
143
145
154
147
127
107
113
133
134
109
105
105
85
84
89
86
86
87
88
90
90
88
92
92
94
96
98
101
105
108
109
112
116
120
122
124
127
130
131
139
144
144
145
143
141
143
146
149
153
154
151
147
144
144
142
141
138
136
135
132
119
102
85
71
52
36
28
26
22
14
12
18
21
25
33
40
43
45
46
53
59
66
82
102
122
133
143
149
153
158
162
160
152
145
144
150
151
152
146
119
109
128
135
117
108
107
83
82
87
85
84
85
85
86
87
85
88
91
95
100
102
103
105
106
114
115
115
117
121
123
124
123
123
134
141
141
142
140
137
136
138
142
148
151
149
143
137
134
129
130
129
125
120
113
95
75
48
36
26
21
19
17
14
13
15
20
30
38
45
53
61
65
62
66
63
58
62
81
109
128
142
148
154
158
162
161
154
148
147
148
150
159
160
135
118
124
136
118
107
105
79
80
82
82
82
83
84
86
87
87
91
94
98
101
102
102
103
105
108
110
111
112
115
117
118
116
115
128
134
135
136
135
132
128
131
134
141
147
147
141
133
127
118
117
113
107
99
90
74
58
38
29
25
28
27
24
24
27
33
39
53
62
65
68
73
76
78
82
80
69
63
73
97
117
135
146
154
158
161
162
156
151
148
148
153
165
169
153
135
132
134
119
104
102
75
75
77
78
80
82
86
89
91
91
94
95
99
100
100
99
100
102
102
106
111
112
112
115
115
115
114
121
127
130
132
133
130
127
125
127
131
138
141
138
130
125
123
120
113
100
87
77
69
60
50
44
43
46
44
41
46
49
57
64
69
74
75
73
73
76
78
85
93
91
82
81
92
105
122
137
150
156
159
160
155
151
148
148
151
158
164
165
158
147
140
126
106
103
73
73
76
79
79
81
88
92
92
93
91
94
99
102
103
102
102
103
105
108
110
112
113
115
115
115
118
119
123
129
132
132
130
128
120
119
122
129
133
132
128
125
128
125
116
99
80
68
66
62
58
60
59
57
54
58
64
66
73
75
67
62
64
60
56
62
69
79
95
108
102
94
98
105
116
134
151
158
161
161
157
154
146
145
142
140
150
169
171
156
153
137
112
107
71
72
80
84
83
83
88
91
91
93
93
95
100
104
108
111
114
116
114
112
112
116
121
124
126
125
124
119
121
126
127
125
122
119
117
115
117
123
127
126
125
122
121
119
111
96
77
69
67
69
70
74
73
65
61
66
70
67
68
67
57
48
53
48
42
45
54
62
89
115
118
108
106
108
119
134
150
159
163
161
156
154
141
139
133
125
131
156
168
162
161
140
111
107
68
73
84
89
87
84
88
89
89
93
98
100
103
107
113
116
119
121
117
114
112
116
122
124
123
122
117
112
112
115
114
115
115
113
108
106
107
111
114
115
116
119
117
113
106
95
85
79
78
78
77
77
72
63
57
60
58
52
47
48
49
50
56
61
60
57
51
48
70
103
118
114
113
116
126
136
147
156
161
157
152
149
141
134
122
111
113
137
159
167
165
140
108
107
66
74
84
90
87
82
85
87
88
92
100
102
107
112
115
117
116
115
103
99
98
99
99
95
91
91
85
81
81
83
84
91
95
95
97
94
94
97
99
103
108
114
115
110
105
99
93
87
81
75
73
68
61
54
49
47
44
37
37
38
48
58
65
78
86
83
64
46
51
84
107
116
124
132
138
142
149
157
162
159
154
149
147
131
110
100
104
126
154
170
171
142
109
107
69
75
83
87
84
84
87
86
87
89
95
103
108
114
117
116
106
91
74
70
67
67
67
61
52
45
44
45
43
42
44
51
63
72
74
78
77
80
88
92
95
101
106
113
108
100
92
85
78
71
63
52
44
42
39
34
33
33
35
35
37
41
50
50
47
55
49
34
37
65
96
119
134
143
149
151
150
151
157
156
150
149
149
135
110
94
100
117
144
171
175
147
118
107
65
70
84
89
87
88
90
86
84
83
89
96
99
101
99
93
80
61
44
42
40
40
38
34
29
25
22
21
19
18
20
27
36
43
54
59
63
69
79
82
85
93
99
107
104
96
88
82
77
67
58
45
35
35
33
29
28
28
24
22
21
23
24
21
18
21
33
33
37
53
76
98
118
136
142
148
150
154
158
156
151
151
151
146
131
111
102
112
141
168
176
150
121
110
63
68
83
88
89
90
90
86
81
76
79
81
77
73
68
61
49
33
22
26
30
27
24
21
18
17
13
15
18
23
27
32
36
39
47
54
59
67
74
75
82
93
100
107
103
94
89
84
73
60
48
41
37
35
30
27
31
38
26
17
15
16
17
28
41
51
64
80
86
84
82
81
92
112
124
133
141
147
154
155
151
149
150
158
159
137
111
115
144
170
177
155
124
111
64
66
79
85
88
90
89
84
79
74
69
62
52
46
41
35
31
23
21
28
32
31
25
22
22
22
24
27
31
38
44
46
46
45
50
54
58
63
66
68
80
97
112
120
117
108
99
90
75
58
50
46
42
37
29
29
43
58
51
33
27
25
26
47
74
88
112
130
139
136
134
134
130
131
133
139
143
147
152
156
152
148
149
164
175
150
119
125
154
173
176
160
130
111
69
68
76
84
89
91
87
83
79
72
57
45
34
33
31
28
29
29
32
37
42
41
39
40
43
44
44
39
37
39
41
41
41
43
45
47
51
56
57
62
79
101
122
136
140
129
116
101
87
73
59
47
39
34
30
35
50
63
60
49
52
57
64
86
110
123
127
138
141
133
136
154
163
157
159
160
160
158
159
160
156
152
147
162
176
153
126
137
161
168
174
163
132
109
71
68
75
84
90
93
90
84
79
68
49
36
28
32
35
35
41
45
48
51
54
55
54
54
53
52
44
38
33
31
29
29
32
37
37
40
48
55
57
65
86
109
132
146
150
144
131
116
103
91
70
58
49
47
47
50
58
66
66
66
76
86
94
106
115
120
117
120
121
115
111
122
136
140
147
152
159
161
161
159
158
154
152
164
181
168
150
163
174
170
172
162
131
107
68
68
78
85
92
94
90
85
77
63
49
41
37
44
49
50
52
51
50
48
45
43
40
36
30
25
22
23
24
22
19
17
21
28
30
34
47
57
63
75
100
124
145
154
155
150
142
129
118
108
91
80
71
70
68
66
68
71
74
77
84
91
98
101
101
104
106
111
123
136
141
137
134
134
131
136
146
153
154
154
155
152
146
154
173
173
167
179
181
175
174
161
130
108
68
70
82
88
92
93
89
85
77
61
53
51
54
62
66
62
54
44
40
33
26
21
19
16
13
10
10
15
21
21
16
14
17
24
25
32
48
62
72
88
117
140
155
163
163
156
147
135
128
122
110
93
78
73
70
67
67
68
76
79
80
82
89
91
89
94
108
128
143
154
164
162
153
150
151
147
148
148
148
150
152
151
144
146
165
170
173
188
192
189
180
163
132
111
74
75
78
86
94
93
92
90
77
66
60
65
68
71
75
65
42
24
18
15
13
12
12
11
11
11
12
18
31
36
28
22
25
29
27
34
51
68
79
98
126
146
161
168
168
159
150
145
139
135
128
109
88
73
64
60
60
59
66
68
69
70
75
79
88
102
125
139
140
137
141
148
159
168
169
167
164
159
154
149
148
149
143
143
158
167
172
179
190
196
192
166
133
110
77
74
74
82
91
91
92
92
83
75
73
77
74
73
71
53
28
19
17
22
28
28
26
28
30
31
31
35
47
54
53
47
45
47
45
51
62
73
84
104
130
149
157
165
170
167
159
150
141
136
139
129
115
102
87
76
67
62
60
64
65
68
85
102
116
133
145
152
145
138
136
137
150
163
170
172
173
170
162
153
148
147
145
143
154
163
163
171
184
195
194
171
136
112
81
78
75
83
90
90
90
92
86
81
83
84
76
72
65
40
27
39
43
53
60
57
54
56
59
60
61
62
66
72
71
63
57
61
63
68
74
80
90
109
130
147
161
169
175
174
167
155
146
144
139
138
136
132
125
118
109
99
91
93
94
98
119
142
153
162
166
173
171
169
163
152
150
154
159
163
168
168
161
151
146
144
142
138
146
163
163
169
175
189
192
170
135
111
81
82
78
82
88
87
88
88
83
80
83
81
72
63
57
48
52
70
74
79
82
80
79
81
82
81
81
78
73
70
66
57
56
64
76
80
81
86
99
112
128
144
163
172
179
178
172
163
156
153
145
142
141
143
145
144
138
127
122
123
124
124
137
154
160
165
177
180
179
182
182
175
169
166
163
165
166
163
155
147
141
138
139
131
138
163
169
173
172
181
185
166
133
108
74
81
76
78
84
86
88
87
82
79
76
77
72
65
67
78
86
87
83
86
89
91
91
91
89
87
81
77
67
61
60
60
67
78
87
87
87
95
107
116
130
147
160
173
182
181
177
172
166
162
151
143
140
143
150
152
150
145
140
140
142
140
145
155
165
174
180
181
178
180
183
184
183
180
177
173
167
161
153
145
139
136
139
130
133
159
168
172
167
175
179
162
129
108
72
80
78
79
86
89
91
89
84
82
80
79
83
85
86
89
92
87
83
85
84
81
78
74
71
71
67
65
60
59
67
78
89
95
95
91
92
102
113
122
137
152
163
176
183
182
178
176
172
169
163
157
152
150
149
149
148
146
147
143
144
145
152
160
168
176
178
184
186
187
186
185
186
183
182
176
168
161
153
147
140
137
139
133
137
157
165
167
161
167
172
152
124
107
82
90
86
85
89
90
91
89
87
88
92
89
91
94
90
84
83
87
91
91
88
80
73
68
65
64
69
71
72
72
81
96
104
101
98
93
97
108
117
128
144
156
169
178
184
182
180
178
175
173
168
165
160
156
152
153
154
151
154
148
148
150
155
163
165
166
173
179
184
185
183
183
187
184
183
179
172
163
154
146
141
139
137
136
143
156
165
166
160
162
161
141
118
108
94
104
90
87
88
87
86
87
88
92
95
98
92
86
89
94
98
103
110
113
113
107
101
99
94
89
91
96
99
98
100
111
114
107
96
94
100
112
121
134
149
157
166
175
183
185
184
179
174
173
173
172
168
162
158
162
164
160
158
155
155
152
151
155
159
161
169
175
180
182
177
175
179
178
178
175
171
163
153
145
143
143
137
137
143
153
165
168
165
164
158
137
115
108
105
106
90
82
85
89
87
86
86
88
91
92
93
95
100
104
107
110
116
124
131
134
131
127
122
117
117
119
120
119
119
121
116
107
97
95
105
115
121
134
149
157
164
174
180
183
181
175
173
172
172
176
165
159
162
166
169
166
165
160
156
153
152
151
153
155
161
167
173
174
172
172
171
172
171
171
167
161
154
147
143
141
138
139
142
151
163
170
172
163
151
127
111
111
107
107
89
77
77
84
88
91
91
93
96
99
100
101
105
109
112
115
123
130
138
142
143
141
138
135
137
134
133
134
132
128
118
107
99
96
104
113
118
129
144
154
163
174
180
181
179
173
170
168
171
168
157
150
151
155
159
164
159
159
155
151
150
151
153
153
155
159
164
165
164
165
164
164
163
162
160
155
149
143
139
138
138
136
138
148
159
169
169
157
137
118
108
109
109
107
90
76
74
82
89
93
94
95
98
103
103
103
105
109
112
115
127
132
139
145
149
152
152
151
148
144
143
142
135
126
115
107
103
98
104
111
113
123
137
148
161
173
178
180
178
174
172
168
161
155
147
140
138
137
139
146
150
152
149
145
145
147
148
146
149
152
154
155
155
156
156
154
153
154
154
149
145
141
137
136
138
134
134
142
153
163
162
145
121
110
106
108
110
108
89
76
77
84
88
90
91
95
101
105
106
105
107
110
116
120
126
131
136
141
146
151
154
155
151
149
148
145
136
126
117
112
105
99
103
108
109
117
130
142
157
169
174
176
177
175
172
166
155
149
147
137
127
119
112
117
126
129
131
132
134
137
139
138
144
146
147
147
147
148
146
144
144
146
147
146
142
140
138
136
137
134
133
138
143
151
148
131
112
107
108
108
108
108
88
75
75
81
85
88
91
96
99
104
108
109
112
114
120
126
127
132
137
141
145
149
151
152
152
151
149
146
141
134
124
113
107
101
101
103
105
114
128
144
155
165
170
173
175
173
168
161
154
155
157
147
131
116
98
92
96
99
106
116
123
124
126
128
137
139
141
142
142
141
139
137
136
138
141
141
139
138
137
136
138
136
134
134
133
134
130
116
109
109
109
109
110
110
94
75
69
75
81
87
91
95
98
103
109
113
116
116
119
125
130
134
139
145
148
150
151
149
149
151
151
147
141
135
123
109
104
101
100
100
102
113
128
144
156
165
170
173
175
172
167
159
154
163
172
167
149
129
103
81
74
74
82
97
107
111
116
123
127
130
134
135
137
138
136
135
131
133
136
137
136
135
134
134
138
138
134
133
128
120
115
107
109
109
109
108
120
113
99
75
64
69
79
86
88
91
98
103
108
114
117
114
117
123
131
133
136
140
145
148
147
144
142
146
149
145
137
128
115
101
99
101
105
103
103
111
124
139
154
165
170
176
179
175
170
165
162
172
179
178
167
150
122
93
72
67
66
76
86
92
102
113
112
116
122
127
132
136
135
133
131
132
134
134
133
132
132
132
139
138
133
130
124
112
106
106
108
109
108
107
128
113
98
73
61
67
77
84
85
89
94
96
102
109
111
110
114
122
130
129
130
133
139
143
143
140
137
137
138
135
130
121
105
89
95
102
109
107
105
109
119
132
148
159
168
176
180
177
174
172
176
179
178
178
172
162
144
115
92
79
66
63
64
69
80
91
100
105
110
119
126
131
132
130
130
132
132
131
130
129
130
131
138
137
129
128
124
109
102
107
108
108
107
107
126
115
99
76
64
63
68
79
86
89
94
97
100
104
108
112
116
119
125
125
125
128
132
134
134
134
133
133
132
127
120
108
91
83
91
106
117
115
110
112
122
132
145
154
165
174
178
179
175
174
178
177
178
177
173
164
142
128
114
109
89
68
58
52
55
69
83
93
104
110
115
119
123
124
127
130
130
129
130
130
131
133
135
132
131
129
121
111
106
107
104
105
107
108
123
117
103
82
72
68
68
76
82
86
91
95
99
104
107
109
111
113
117
118
119
123
126
128
129
130
128
127
123
115
103
88
78
79
94
112
124
121
114
113
121
130
139
148
158
166
172
176
177
175
179
177
176
174
170
160
144
134
134
129
110
87
70
57
51
55
63
76
90
99
104
109
118
124
123
126
127
127
129
129
130
132
135
133
132
127
119
110
107
107
104
105
107
108
119
113
96
83
77
74
73
76
81
83
87
89
94
100
103
105
108
109
109
111
114
117
120
121
122
123
122
119
114
101
87
74
73
83
100
115
124
121
115
114
118
124
127
135
146
155
166
174
176
173
177
176
172
163
158
149
137
134
138
133
120
102
85
70
60
55
49
57
71
85
99
108
118
124
122
124
124
127
128
128
128
130
134
133
132
127
118
111
108
107
104
105
107
109
118
110
101
91
85
79
75
78
81
85
87
88
89
93
97
100
104
106
104
107
110
114
116
116
116
115
111
107
99
86
75
69
74
87
100
110
116
114
112
112
114
116
119
125
133
140
151
162
169
170
169
166
155
133
127
126
127
131
137
130
122
109
93
79
68
59
49
46
52
70
89
103
112
117
123
125
125
127
126
124
124
128
130
132
131
126
119
113
109
106
104
105
106
107
119
117
110
100
89
77
72
76
82
88
88
87
87
88
92
94
98
101
101
102
106
109
112
111
108
106
104
96
85
73
68
73
80
89
96
102
105
105
106
107
109
110
110
116
125
133
139
145
148
150
148
135
118
97
100
110
125
135
139
129
122
114
99
85
73
65
57
48
46
57
73
87
100
111
119
123
124
124
123
120
121
124
129
130
128
123
117
113
109
105
103
104
105
106
119
121
114
105
92
77
72
77
80
84
81
80
81
85
88
91
95
97
99
99
101
103
105
104
101
99
98
89
75
66
71
81
86
90
93
95
96
96
95
95
99
105
106
109
114
119
126
129
125
120
115
97
87
82
95
109
127
138
137
125
119
115
103
89
79
72
65
54
46
48
58
73
92
107
112
118
121
121
120
120
121
124
130
128
126
120
115
111
107
104
105
105
106
106
116
115
117
112
100
84
78
78
77
78
74
75
77
81
85
88
92
95
96
97
98
99
98
96
93
91
84
74
64
62
74
86
88
91
90
85
78
73
70
69
76
87
99
100
98
96
103
110
110
103
88
78
84
88
103
116
131
132
131
123
116
112
102
90
80
74
67
61
49
43
49
67
86
97
106
113
117
118
119
121
121
121
127
126
125
121
115
110
106
106
108
107
107
107
109
106
110
107
97
82
76
78
77
78
75
75
78
81
84
86
90
93
92
94
98
99
96
91
86
83
69
60
57
63
79
91
92
94
86
73
55
46
43
45
53
65
76
88
93
89
90
97
97
90
79
79
94
94
104
116
130
125
126
121
113
108
101
93
84
78
70
71
62
48
48
65
82
89
102
110
114
115
118
121
119
119
123
125
126
124
117
110
106
106
110
109
108
108
114
100
92
96
95
86
77
75
78
74
74
75
77
80
81
84
89
92
93
96
97
96
97
90
80
70
59
53
59
71
77
86
93
94
84
72
56
44
39
39
42
43
55
68
80
83
83
84
80
75
69
77
97
97
102
114
122
121
122
122
116
112
104
95
89
78
70
70
68
59
52
59
75
86
98
108
115
116
116
117
116
116
124
128
127
127
121
109
105
109
109
107
109
108
133
117
104
104
106
102
83
74
78
78
76
75
76
77
78
83
87
89
91
95
96
96
94
86
72
62
55
54
63
76
82
84
86
88
87
81
72
61
52
45
39
34
41
48
55
61
66
69
67
62
67
69
85
92
100
101
109
119
117
121
120
120
114
104
93
78
66
65
67
63
54
59
75
84
95
103
111
113
113
112
113
117
128
132
130
127
121
111
108
108
107
106
107
106
151
142
134
129
135
126
97
78
79
82
80
76
76
78
78
81
86
88
91
94
96
95
90
79
64
55
55
62
68
71
76
80
80
80
75
74
70
63
57
51
45
41
38
42
47
51
53
56
59
61
67
69
80
96
108
106
111
121
125
127
125
125
122
114
100
84
72
66
69
67
55
61
78
86
92
98
105
110
110
109
113
120
131
133
129
125
120
112
109
107
106
107
108
106
155
155
150
149
152
141
109
82
75
79
81
78
78
79
80
83
86
87
90
92
92
91
85
72
59
54
60
67
66
62
68
75
79
81
76
74
70
65
60
55
53
52
50
50
51
53
51
51
56
62
69
75
86
99
113
123
129
128
132
132
125
114
100
88
85
87
77
73
72
66
58
63
77
84
90
96
102
106
109
111
117
126
132
132
127
123
118
112
109
107
105
105
105
104
152
151
151
150
149
143
121
89
70
79
77
77
78
80
80
82
85
86
86
89
89
87
79
66
55
53
60
62
60
64
72
74
75
82
81
78
75
73
68
61
57
56
57
54
53
54
55
56
60
66
75
87
104
115
122
138
140
128
121
112
97
77
59
49
57
76
80
82
78
68
65
67
73
78
89
96
100
102
107
116
123
129
133
130
126
124
117
110
109
108
106
105
106
106
149
148
153
146
145
144
132
96
68
77
75
76
79
80
80
81
83
84
83
85
88
87
78
62
51
53
60
62
59
64
72
73
73
78
76
72
71
74
72
67
64
66
65
66
68
70
71
73
79
85
93
100
115
117
113
120
112
104
110
98
78
53
31
21
37
68
83
87
79
66
65
67
70
76
85
93
95
96
104
117
124
127
130
127
124
125
117
109
109
108
108
106
109
110
149
149
152
145
146
145
135
104
71
70
77
75
78
79
80
81
82
81
82
85
88
87
76
59
52
55
62
67
65
63
68
73
74
75
79
79
78
77
77
77
77
78
78
83
88
88
87
90
95
98
102
99
99
94
93
100
89
95
128
119
100
65
29
17
37
79
86
86
77
64
59
62
68
74
82
89
92
93
103
118
124
126
128
128
126
125
116
108
109
108
106
104
112
112
150
146
148
146
150
146
137
116
84
72
77
76
77
78
79
81
81
79
82
85
87
85
74
57
52
59
65
67
68
69
72
73
75
80
86
89
90
86
84
86
88
86
87
91
92
91
92
95
95
94
82
80
83
87
107
122
110
126
158
144
117
79
47
36
54
92
91
88
83
73
62
64
71
76
81
87
91
94
105
119
126
128
129
131
132
129
119
112
113
110
107
106
116
117
153
151
149
146
149
145
140
126
92
70
74
76
74
78
78
82
77
79
83
85
87
83
72
59
53
57
65
64
65
70
76
75
74
76
81
85
86
84
84
84
84
80
74
76
78
80
81
79
81
86
92
104
115
118
139
159
147
150
161
147
110
64
41
59
94
104
94
85
76
68
65
68
75
79
84
88
92
96
105
117
125
127
131
129
132
125
114
112
110
115
115
109
105
105
152
151
148
149
149
145
143
133
100
73
71
75
76
79
77
79
76
78
82
84
86
84
75
61
54
57
64
68
69
68
65
58
54
57
67
73
76
74
76
78
79
75
73
77
83
88
88
85
93
107
130
146
146
143
155
168
156
153
149
120
74
35
48
89
121
112
94
84
73
67
66
71
77
79
82
85
88
91
101
115
124
126
131
127
130
131
119
109
109
112
111
116
130
147
152
151
149
152
148
144
144
136
109
75
69
74
77
78
75
76
76
78
83
83
84
84
77
63
54
55
61
69
70
61
50
36
29
34
53
69
84
86
84
86
91
94
91
95
105
116
116
113
121
136
145
157
151
150
159
158
133
118
107
62
31
38
82
112
126
117
96
86
75
70
71
75
80
81
83
85
86
88
100
116
127
128
129
132
154
177
167
146
134
122
123
144
180
212
153
152
149
153
146
144
144
139
118
82
71
75
78
77
72
73
77
81
84
83
83
83
77
63
53
53
59
68
68
55
39
22
14
18
33
59
89
102
101
98
103
109
114
117
126
138
139
130
129
138
148
156
144
131
128
112
69
42
47
30
36
70
111
126
124
114
99
90
81
77
77
82
84
83
82
85
86
89
101
119
129
130
130
138
185
225
224
211
200
188
204
217
235
244
153
153
149
152
145
147
146
141
129
99
76
75
77
76
73
72
78
81
83
83
82
81
76
64
55
54
59
68
68
56
41
25
13
12
17
33
58
78
83
85
91
98
105
108
116
126
125
112
102
101
117
116
98
64
50
49
26
17
28
52
85
115
127
131
120
112
103
95
87
81
81
84
87
85
83
86
87
91
104
119
128
129
129
141
204
242
244
247
245
244
240
239
239
241
152
153
151
150
146
148
145
141
135
114
81
73
74
75
74
71
76
77
80
81
81
79
75
66
58
56
59
66
67
61
51
38
23
11
10
10
18
32
41
43
48
54
55
59
67
74
72
59
51
49
53
48
46
32
25
31
29
43
67
99
128
140
127
122
112
112
109
101
94
86
84
86
89
88
85
86
89
95
109
123
129
131
132
152
223
251
245
250
247
248
250
244
238
240
152
153
151
149
146
146
141
140
138
123
90
75
71
73
74
71
75
75
78
81
80
78
77
69
61
58
56
60
65
67
65
60
43
22
10
8
10
19
24
20
17
17
19
20
24
29
28
22
19
23
35
26
33
43
44
53
65
88
121
140
144
131
117
122
117
114
112
106
100
93
90
92
93
91
87
86
89
99
115
128
134
136
143
166
233
254
245
251
249
248
252
244
238
238
153
153
150
148
146
145
139
141
143
132
101
78
70
70
75
71
76
76
78
81
82
80
79
74
65
59
54
56
63
73
77
78
62
39
19
13
15
25
35
36
34
34
33
28
24
28
29
26
28
36
41
41
52
70
77
96
121
140
150
149
143
129
125
129
124
120
113
109
104
99
97
97
95
91
87
84
86
100
117
131
137
139
145
168
228
253
246
253
252
247
244
239
237
239
152
152
148
148
145
141
141
141
139
140
113
88
77
76
78
75
75
78
81
81
84
82
86
79
71
60
54
55
64
71
75
81
77
65
41
26
20
34
51
58
62
65
65
53
46
49
47
41
42
50
67
77
89
101
121
145
157
156
148
137
131
131
131
129
126
122
117
112
107
102
100
100
97
93
86
84
88
100
115
131
142
142
143
165
219
245
251
251
252
253
250
239
230
233
151
151
149
147
143
140
139
138
136
138
130
98
83
77
79
77
75
74
81
79
79
78
82
79
71
62
56
57
65
73
77
81
84
79
62
45
35
44
61
73
81
87
83
75
73
81
83
81
85
93
106
119
129
135
143
153
155
149
136
132
129
130
133
133
129
122
118
113
108
105
104
104
99
93
86
85
92
103
117
133
144
146
144
157
205
242
252
253
254
253
250
242
233
231
150
149
148
147
144
142
142
138
135
136
137
113
101
85
79
79
74
69
82
78
74
77
80
82
74
66
60
60
69
77
76
78
82
85
87
76
67
69
74
79
82
86
89
87
92
105
113
117
122
129
140
146
151
152
154
153
144
131
127
130
132
133
137
141
136
127
119
114
109
108
107
107
102
94
87
89
98
111
124
136
144
149
146
152
196
238
252
250
254
253
252
249
240
231
151
149
148
147
144
142
143
141
137
137
133
126
119
92
75
76
77
73
80
78
73
76
80
87
79
71
64
64
72
78
78
77
80
82
85
85
87
91
92
94
96
99
105
106
113
125
133
135
134
136
141
142
142
139
140
139
130
119
124
129
131
133
138
141
137
129
121
118
114
113
111
108
104
97
90
93
103
119
131
139
144
145
146
157
189
231
250
247
250
254
254
253
247
236
151
148
149
148
143
138
139
140
139
138
132
133
129
104
84
78
80
81
73
75
71
74
78
88
83
74
66
67
71
77
81
82
82
81
83
86
92
96
99
101
106
110
117
117
121
128
133
131
126
122
124
126
124
120
120
121
119
116
121
127
130
132
136
138
132
127
123
123
123
120
115
110
104
97
88
94
105
121
135
141
140
140
145
159
179
216
246
251
251
254
254
254
250
242
149
146
147
147
143
140
141
141
137
135
128
133
137
138
127
96
81
79
69
71
70
71
77
86
84
78
71
71
72
75
81
84
84
83
80
80
82
90
98
105
109
113
114
112
113
117
120
119
115
111
108
107
105
104
106
109
109
108
118
125
129
134
139
137
129
126
124
124
125
123
116
109
101
94
90
97
108
122
135
139
136
134
147
158
165
196
235
253
253
251
253
253
252
248
148
146
147
144
142
144
145
140
134
132
134
145
160
185
178
121
87
77
71
71
71
69
75
81
84
84
79
78
76
77
81
82
83
85
86
83
83
89
96
99
100
100
98
97
95
96
97
95
93
91
89
87
86
89
94
99
104
105
116
126
131
136
143
141
133
129
127
125
123
119
113
107
99
92
94
105
114
122
132
135
132
130
144
152
156
179
213
245
252
250
253
253
253
251
149
147
150
143
138
141
143
137
134
137
151
169
184
213
204
134
95
84
75
72
71
68
73
75
83
87
86
84
82
82
82
82
84
90
87
84
83
87
91
92
90
90
84
82
81
80
80
77
75
75
74
75
77
81
86
94
104
111
120
132
138
142
149
149
142
137
136
129
122
116
111
107
102
95
98
111
119
123
128
130
128
128
138
145
154
171
195
233
251
254
252
253
254
251
151
152
154
151
154
157
151
145
154
166
191
192
204
217
195
142
109
84
78
77
72
70
71
74
81
87
89
91
90
87
85
86
87
87
85
81
80
82
84
81
80
80
76
71
68
69
71
68
64
63
65
67
73
80
88
96
110
121
129
134
141
145
150
153
150
146
143
133
120
116
115
109
101
100
108
117
119
125
128
127
119
123
129
143
159
164
168
213
247
253
253
253
254
253
155
157
173
178
186
189
185
185
193
202
213
198
209
207
197
163
109
88
84
80
75
70
69
68
74
80
88
92
94
92
89
87
88
89
89
87
84
86
86
84
78
77
73
69
66
67
69
66
63
64
63
74
86
95
103
114
128
138
138
142
145
147
149
150
150
148
144
133
121
117
113
105
100
104
110
117
119
122
126
121
115
120
130
138
151
150
153
191
239
251
253
253
253
254
179
189
201
204
212
219
220
220
219
217
217
201
211
197
192
169
111
95
85
80
76
74
71
66
69
75
84
89
95
96
92
89
89
91
92
90
90
90
90
88
84
81
78
76
74
76
78
77
78
85
90
100
112
122
132
142
149
153
151
152
151
149
148
148
148
146
141
130
120
115
109
98
98
108
113
117
119
120
123
115
113
121
132
138
152
149
153
177
231
249
253
253
252
254
211
215
214
208
210
219
224
222
215
209
204
202
205
194
185
158
117
97
84
78
76
76
72
67
67
70
77
83
91
96
95
91
90
91
93
94
94
94
95
96
94
92
87
87
90
95
99
103
110
120
124
129
137
144
152
156
157
155
154
153
151
147
145
143
141
139
132
126
118
112
103
95
98
110
115
117
120
119
119
111
115
125
135
144
156
157
164
174
221
245
254
252
252
254
221
219
215
209
206
207
210
212
212
210
201
206
204
195
183
152
122
97
85
77
73
72
70
68
66
64
69
74
83
91
94
92
90
90
92
95
98
101
102
104
103
102
102
105
108
111
114
118
127
138
137
139
143
148
151
151
151
152
149
146
142
139
137
135
131
126
122
120
115
107
101
98
104
112
117
117
121
118
116
107
114
127
137
148
152
158
170
173
208
239
254
252
250
252
224
220
217
216
212
208
205
210
213
212
205
210
209
196
184
154
120
103
90
79
73
71
69
70
70
66
65
67
72
80
87
88
87
86
86
91
98
104
107
107
108
108
109
112
114
116
118
122
128
135
137
135
137
141
143
143
142
142
138
134
130
126
125
123
120
116
112
115
111
103
100
103
108
113
118
117
118
117
112
107
116
128
138
148
150
159
169
172
198
235
254
252
249
250
230
224
218
217
216
211
206
206
206
203
207
211
210
193
189
157
113
108
93
79
73
73
71
71
72
69
64
63
64
68
76
82
83
81
80
84
91
99
103
103
103
104
101
106
108
110
115
120
123
125
126
126
127
130
132
131
128
126
123
121
117
116
113
112
108
105
103
108
107
101
100
105
110
113
115
115
114
116
112
112
118
129
138
144
150
158
163
168
196
235
252
252
249
249
219
225
218
215
215
213
207
202
203
205
211
214
206
190
195
160
108
106
93
77
72
75
72
68
69
69
67
65
60
62
69
78
81
79
80
80
84
92
96
97
96
96
100
104
104
104
109
112
110
107
108
114
119
120
117
116
114
112
110
111
109
109
106
104
99
98
99
104
105
101
101
105
110
112
113
111
111
116
113
117
122
131
138
139
148
151
153
161
197
238
251
252
250
248
195
213
216
215
214
214
214
211
204
203
209
211
205
186
185
175
111
108
87
80
76
77
71
68
64
67
68
67
64
61
63
68
75
79
82
81
79
81
85
89
92
93
97
98
98
99
102
104
100
95
95
106
109
103
101
104
105
103
100
102
102
104
102
99
96
94
97
98
101
102
102
102
107
112
111
108
109
112
113
115
123
132
133
140
141
145
148
152
200
242
251
252
249
251
192
212
222
222
223
221
217
208
202
201
203
209
208
194
189
179
125
104
92
81
77
73
71
70
68
68
68
66
64
62
62
62
65
70
74
74
75
75
78
83
85
86
88
88
89
92
94
96
96
95
97
99
98
92
91
96
98
95
89
91
93
96
97
97
96
95
96
99
102
102
100
100
105
110
110
109
110
114
116
117
124
131
136
139
141
141
148
149
212
244
252
254
250
251
187
201
209
215
219
215
206
197
194
196
203
207
207
201
189
179
138
99
88
76
73
66
69
69
70
67
67
64
64
64
62
59
60
62
68
69
71
73
75
77
79
80
83
84
85
86
87
88
91
93
92
88
87
88
88
90
88
82
79
80
83
88
93
95
96
96
98
100
102
100
99
99
103
108
109
110
113
116
119
122
127
132
138
141
142
142
146
152
226
245
250
254
250
251
183
190
198
204
207
204
199
197
200
200
206
206
204
201
187
180
148
102
88
73
72
68
70
70
70
69
68
67
69
69
66
62
61
61
63
66
69
70
71
73
74
75
75
78
79
78
78
80
83
84
81
77
82
87
84
82
80
74
74
75
79
85
92
96
97
97
99
99
97
97
97
99
102
105
107
110
113
117
121
126
132
135
141
145
143
146
144
169
237
246
247
254
251
251
182
188
198
203
203
201
203
209
213
206
203
206
206
200
189
187
159
113
92
74
71
71
65
67
64
67
69
72
73
71
68
66
64
62
62
65
67
66
66
67
68
69
67
72
76
73
72
75
76
73
70
69
75
80
76
72
74
73
74
76
80
87
94
97
98
96
96
93
92
92
94
98
100
101
103
106
110
114
120
127
134
139
146
148
145
144
147
189
245
248
242
252
252
251
182
185
196
205
207
207
205
211
217
206
197
207
211
203
194
193
169
124
95
74
69
68
59
63
60
66
64
69
71
68
66
68
67
66
65
66
66
65
65
64
64
64
66
72
74
73
72
73
71
67
63
66
74
77
72
69
71
73
75
76
81
87
93
97
96
94
89
88
87
88
92
96
97
97
98
101
105
110
118
126
135
141
151
146
144
140
159
206
249
247
242
252
252
251
185
184
192
203
209
212
210
210
215
204
192
204
214
210
196
191
179
142
101
76
72
66
59
62
62
67
61
65
67
66
66
68
70
70
70
70
69
68
66
65
63
63
65
67
71
71
68
66
64
62
65
69
75
77
75
73
71
71
75
75
79
85
89
90
89
86
81
85
88
91
94
95
96
93
96
98
102
108
116
125
136
144
149
144
143
146
182
224
250
245
246
252
252
251
189
190
190
197
202
212
214
214
215
202
191
198
210
216
197
186
187
160
103
78
76
65
59
61
62
63
65
66
68
68
67
68
71
73
74
73
72
70
68
67
65
62
62
64
65
69
68
65
64
66
71
74
73
73
77
76
73
72
73
74
78
82
84
84
81
79
79
86
92
95
95
96
94
93
96
98
102
109
117
126
137
147
148
146
143
159
202
240
250
242
249
252
251
250
195
190
186
188
189
199
209
214
211
195
188
194
210
216
199
184
184
169
119
84
68
71
62
53
61
55
61
61
63
64
64
66
70
73
73
73
71
70
72
74
72
69
67
68
69
71
71
71
74
77
77
77
76
75
71
68
69
69
70
72
78
84
84
82
80
78
80
88
92
91
88
89
91
92
95
98
109
117
118
129
143
145
144
142
140
174
232
244
244
245
252
250
251
250
197
195
193
189
183
188
198
206
208
196
190
191
205
216
203
187
185
181
137
89
68
76
69
55
59
56
59
59
62
62
62
64
66
67
68
69
69
70
72
75
77
76
75
76
76
77
78
79
78
78
76
73
69
66
64
66
68
70
76
76
81
86
86
87
87
83
82
89
92
88
83
84
90
95
100
107
112
117
124
134
142
144
148
138
151
202
246
244
241
244
251
249
250
248
203
195
194
191
184
181
188
198
204
198
191
194
203
211
204
191
186
182
153
105
75
71
72
61
58
59
58
57
59
59
59
60
61
62
66
68
70
70
72
76
79
81
78
78
77
76
77
79
78
75
70
68
66
63
64
69
74
76
79
76
81
85
87
93
96
91
83
86
87
85
81
82
89
96
102
108
113
121
130
133
135
140
150
144
174
223
248
243
241
244
249
249
248
244
