28
29
30
32
29
27
30
32
40
55
70
79
103
138
158
174
177
176
176
177
177
177
180
178
177
178
178
172
168
171
173
170
166
165
164
162
158
153
150
148
145
143
138
133
132
132
131
128
124
120
116
116
112
106
102
99
95
92
93
93
93
92
90
88
85
83
83
80
77
76
75
72
70
68
69
69
69
70
71
72
74
76
81
82
80
68
61
58
47
37
37
39
33
25
24
25
26
28
26
25
29
35
49
69
86
100
129
160
170
174
175
177
178
178
177
179
183
182
179
179
181
174
170
172
173
170
168
168
163
161
156
151
148
146
144
140
134
130
129
131
129
125
121
119
117
115
110
103
98
97
95
92
91
93
93
93
91
87
84
81
79
76
73
72
71
70
69
66
69
69
69
69
69
69
72
75
76
75
76
72
68
62
51
45
40
40
29
24
22
23
24
23
21
23
30
40
60
82
102
122
148
168
176
177
177
178
180
179
180
184
186
184
184
185
183
178
174
173
170
166
163
163
164
161
157
151
144
142
140
136
133
130
127
126
123
120
118
118
119
117
110
103
98
97
95
94
93
93
91
89
89
88
85
81
78
72
69
70
69
68
68
69
68
70
67
66
68
68
69
73
73
73
72
71
70
64
55
46
41
38
31
25
21
22
22
22
20
24
36
52
74
97
118
140
163
175
177
177
177
180
181
181
183
186
188
187
185
185
187
179
176
176
174
166
159
156
161
160
156
148
138
135
136
137
136
131
126
122
120
117
117
117
121
120
112
103
98
96
93
91
90
90
90
88
89
87
84
81
75
70
67
68
68
68
68
66
66
66
64
65
66
66
67
70
72
72
71
71
69
65
55
48
43
40
33
27
22
22
21
22
22
28
44
65
90
110
130
156
173
176
178
176
177
182
181
183
186
189
191
190
187
184
183
179
178
182
178
167
159
156
158
156
152
144
135
133
134
135
135
130
124
120
117
115
114
115
118
117
110
99
93
89
87
85
83
85
87
86
86
83
80
77
71
67
65
65
66
68
67
64
63
63
64
65
64
65
67
68
70
70
71
71
70
66
59
52
47
44
39
32
24
23
23
25
26
34
54
75
99
119
142
165
176
176
178
180
179
181
182
185
189
191
191
190
187
185
180
178
180
182
177
165
158
158
154
150
145
141
136
134
133
131
128
125
121
119
117
114
111
110
110
109
103
94
87
82
79
80
82
84
86
86
81
78
74
72
68
65
63
64
65
68
67
62
61
60
63
65
63
64
67
66
68
69
71
72
72
69
63
57
52
49
44
39
24
23
27
27
30
44
63
83
107
129
150
170
177
173
177
180
177
177
182
187
192
193
193
192
192
191
188
183
181
179
172
161
154
155
153
146
140
136
135
134
131
127
124
121
120
118
116
110
105
104
104
102
97
91
85
77
76
81
87
88
89
88
81
76
73
72
70
67
65
65
66
67
66
62
59
57
61
63
62
63
66
65
67
69
71
72
72
70
65
60
54
51
48
43
26
25
28
29
35
53
74
92
116
141
157
172
178
174
176
177
177
177
183
187
192
195
195
195
197
199
199
190
181
176
171
162
154
150
151
145
139
135
131
129
128
126
123
120
117
115
111
106
101
99
100
99
96
90
83
76
77
85
92
91
90
86
80
76
73
73
73
69
67
67
66
66
64
62
60
58
59
62
62
63
65
65
65
67
70
71
72
70
65
61
57
53
51
49
28
27
28
32
46
67
89
104
127
152
165
174
177
175
177
180
182
183
183
186
190
194
194
194
197
201
201
193
184
180
175
166
154
146
144
140
137
133
127
123
124
123
121
118
114
111
107
102
98
97
98
100
98
89
81
77
80
88
93
89
85
82
79
76
73
73
73
69
67
67
66
64
63
62
62
61
58
59
62
62
62
64
62
64
67
68
69
67
65
61
58
54
53
53
28
28
27
38
56
81
102
117
135
158
170
172
173
172
176
181
183
182
185
185
187
192
192
191
193
197
196
193
189
185
178
167
152
141
136
133
132
130
125
121
119
119
118
115
112
109
105
101
98
97
96
103
100
87
79
77
82
89
92
86
80
78
78
75
74
73
70
66
66
66
64
62
62
63
62
62
57
57
60
61
60
62
60
62
64
65
66
67
64
61
56
53
54
54
28
30
28
40
65
94
111
121
139
160
170
173
167
166
177
180
177
184
195
190
183
185
192
194
187
179
186
190
192
190
183
167
148
136
132
131
131
128
122
118
118
119
116
113
110
107
102
97
95
95
95
97
93
85
69
74
83
91
92
85
79
78
77
74
72
73
70
66
65
68
69
65
60
58
59
59
57
57
59
62
61
60
59
60
62
64
66
66
64
62
57
55
54
53
27
30
30
46
74
103
119
128
143
161
172
177
169
165
172
178
181
188
200
191
184
187
195
199
191
179
187
193
197
194
183
165
147
137
132
130
129
126
121
117
115
114
113
111
107
104
100
95
92
92
91
93
89
80
65
71
83
93
91
84
78
76
75
73
72
72
70
67
66
68
69
66
61
58
58
59
58
57
60
62
61
60
59
59
60
63
64
64
63
62
57
57
57
56
27
29
32
52
81
111
128
136
148
162
171
175
169
162
166
176
186
195
194
185
182
191
202
210
205
193
195
200
200
194
183
166
149
140
133
129
126
123
118
114
111
108
106
104
103
101
98
94
93
93
88
90
86
78
66
72
83
91
87
80
73
70
70
69
70
70
67
65
64
66
66
64
60
57
58
60
59
58
60
62
61
61
59
58
59
60
61
62
63
62
58
56
58
58
27
30
37
59
89
117
136
145
155
165
168
169
165
160
163
173
186
193
185
178
180
189
201
215
218
211
208
204
195
185
177
165
152
144
137
130
124
119
114
111
108
105
104
103
100
97
95
90
87
86
84
85
81
75
70
74
80
83
79
73
67
64
64
64
64
64
63
62
60
60
60
60
58
55
57
60
59
58
61
62
61
60
59
58
57
58
59
61
61
62
58
55
56
58
27
31
42
67
98
125
144
155
163
170
167
164
161
162
163
170
180
188
189
180
178
184
194
208
216
213
212
201
183
168
161
155
149
146
139
130
120
114
109
107
105
102
101
98
96
93
90
85
81
79
78
80
78
73
73
75
78
78
75
69
64
62
63
63
62
62
62
60
58
56
56
57
56
55
58
61
58
57
59
60
60
60
58
57
57
57
59
60
61
61
58
54
54
56
28
33
48
75
108
132
149
160
166
169
168
164
161
162
165
170
178
185
190
183
181
185
194
203
205
200
200
188
167
150
142
140
140
141
134
125
115
109
105
103
102
99
95
91
87
87
86
82
78
76
76
80
81
75
79
81
82
81
73
70
67
65
65
65
64
64
65
61
57
55
56
56
56
57
60
61
58
55
57
58
58
59
56
57
57
57
59
60
61
62
60
54
52
55
29
34
53
85
118
139
150
159
164
165
167
165
162
159
161
165
174
181
181
181
183
186
190
193
189
181
180
170
153
139
133
131
131
132
127
119
113
109
106
104
101
97
96
90
86
85
85
83
79
76
80
83
82
79
87
88
86
81
72
70
68
67
66
65
64
65
65
61
58
57
56
56
57
59
61
61
56
52
54
56
57
58
57
57
57
58
59
61
63
64
60
56
54
54
30
35
61
94
126
141
150
157
164
166
168
169
162
155
152
156
165
175
175
180
182
181
181
178
173
170
166
159
145
135
132
130
127
125
123
118
114
113
110
107
103
99
95
89
84
85
87
88
86
83
81
81
79
78
91
92
85
74
69
69
67
66
64
63
63
63
62
58
56
57
57
56
56
59
62
61
55
50
52
55
56
57
58
58
58
58
59
61
63
65
62
58
56
57
27
38
63
102
131
146
152
160
162
163
168
166
161
151
147
152
168
185
187
184
184
179
168
165
165
163
161
153
142
137
136
135
131
127
126
124
118
113
112
113
108
101
96
91
86
85
89
93
90
86
79
72
74
83
87
85
80
73
69
69
66
61
60
61
61
59
58
57
56
56
55
54
54
55
58
54
49
47
49
52
55
56
57
57
57
58
59
60
62
62
61
60
59
57
28
38
65
105
134
149
154
161
163
163
165
168
160
150
146
149
164
187
193
184
179
175
170
171
173
170
161
152
142
139
140
138
134
131
129
127
120
111
110
112
107
98
94
89
85
84
88
91
88
84
77
82
90
95
94
88
80
74
67
66
62
57
56
58
60
58
56
54
53
54
54
53
54
55
54
50
46
45
47
50
53
55
57
57
57
58
58
58
59
60
60
61
61
61
28
39
70
110
138
150
154
159
162
162
164
169
160
152
152
151
159
179
187
178
175
177
181
184
183
178
160
149
141
140
141
138
135
133
131
128
119
109
110
115
110
99
93
88
84
82
86
87
84
81
82
95
104
105
101
90
76
66
59
60
58
54
54
58
59
58
55
53
51
52
52
51
52
52
49
46
44
44
47
50
53
55
57
57
57
57
57
57
58
59
60
62
63
62
28
40
76
116
139
150
151
157
159
161
163
165
160
154
155
155
161
171
179
178
177
177
177
177
174
165
158
148
142
141
139
134
131
132
134
128
116
109
113
119
113
99
92
87
82
80
81
82
81
80
85
92
94
88
81
71
58
51
54
56
58
59
60
62
61
58
56
54
52
51
50
51
50
49
47
45
44
45
47
49
51
53
55
55
55
57
56
57
58
60
60
62
62
61
30
42
80
118
141
150
151
156
159
161
161
161
160
154
150
154
163
166
167
176
175
169
164
165
168
162
157
149
145
143
137
129
128
132
138
127
114
109
115
119
109
95
89
84
78
75
73
74
76
79
80
82
76
67
61
54
52
55
60
64
66
66
65
64
62
58
56
54
52
51
50
50
49
47
46
45
44
44
46
47
49
51
52
52
54
55
56
56
58
60
59
60
61
61
34
48
84
121
144
152
154
158
160
161
163
160
160
157
151
155
159
155
165
181
179
167
157
158
164
159
157
151
147
144
136
128
128
133
138
127
115
110
116
119
109
95
92
86
79
73
69
69
72
76
77
76
73
73
73
71
71
73
74
76
75
71
66
63
59
55
54
53
53
52
52
51
49
48
47
46
46
45
46
47
49
50
52
52
55
56
56
57
58
60
60
61
61
61
39
56
93
127
148
154
154
159
160
160
161
159
160
160
158
155
152
149
165
182
180
173
166
167
172
166
160
153
148
144
138
131
129
133
135
130
120
116
120
123
115
105
101
95
86
80
76
74
77
82
82
83
87
93
94
92
87
82
82
82
78
70
62
58
55
51
52
53
53
52
52
51
50
48
48
47
47
47
47
48
49
51
53
54
55
56
57
56
58
59
60
61
63
61
44
63
102
133
150
153
153
158
158
159
156
157
158
158
158
151
150
156
182
195
190
185
180
179
179
170
164
156
149
145
140
134
132
133
135
134
128
121
122
128
122
113
109
102
95
90
88
88
91
95
96
99
107
108
101
94
90
82
82
81
76
67
59
56
53
49
51
52
53
52
51
52
50
47
47
47
48
47
48
47
49
52
53
54
55
56
55
56
57
58
57
60
63
62
49
68
106
140
150
155
154
154
156
155
155
153
153
155
153
151
152
155
178
192
193
191
190
183
179
177
167
160
153
145
135
134
136
133
136
138
134
126
125
128
124
118
112
105
98
95
94
94
96
99
107
117
119
113
104
87
73
69
68
68
63
58
56
59
61
61
58
56
53
53
53
52
49
47
47
46
49
49
47
47
45
47
51
55
56
54
54
55
56
58
57
61
63
59
50
71
109
142
151
156
156
155
157
155
153
153
154
154
154
155
156
154
159
171
179
186
186
179
174
172
165
159
155
149
139
133
135
137
143
141
132
124
124
124
118
111
107
101
95
93
91
90
92
96
106
116
118
111
102
86
70
66
63
62
58
55
59
67
71
71
66
63
57
53
51
51
51
51
50
49
52
49
46
45
44
47
51
54
55
54
54
55
56
59
57
59
61
57
51
71
114
144
152
157
157
157
157
155
152
152
153
152
153
159
160
153
153
162
176
180
179
174
165
159
154
152
151
150
142
135
137
145
148
141
127
120
121
121
114
107
105
99
96
95
91
87
86
90
105
114
113
104
93
79
65
59
57
58
58
61
65
69
68
64
59
59
58
56
54
52
52
53
52
52
54
50
48
48
48
50
51
53
54
54
56
56
56
58
57
58
60
58
51
71
117
148
156
159
157
155
156
156
151
150
151
151
154
161
162
154
156
167
179
173
169
169
158
147
147
148
150
150
144
136
138
148
146
136
122
116
116
114
107
102
102
98
97
97
92
85
82
84
97
103
99
88
78
69
59
53
52
54
57
60
59
56
48
40
39
42
46
47
46
45
45
45
45
44
46
45
46
50
50
51
51
52
53
55
57
57
55
55
57
58
59
59
54
75
120
150
159
161
157
154
156
157
150
147
149
154
156
158
157
152
156
168
179
171
167
170
162
152
149
152
152
149
142
135
136
144
142
133
121
115
114
110
102
98
97
94
94
95
90
82
77
78
83
86
83
73
65
60
52
47
46
46
45
41
36
31
25
20
20
23
25
25
24
24
25
28
25
25
29
28
31
38
43
48
52
51
51
52
56
56
52
53
55
56
58
60
61
81
122
151
158
160
157
153
155
155
148
146
149
155
158
152
148
149
158
166
174
173
171
171
165
161
154
153
150
144
137
133
135
138
139
133
127
123
120
110
101
97
95
93
92
91
87
79
72
69
70
73
72
65
58
51
42
35
35
33
27
19
13
10
8
7
7
8
9
8
7
7
9
10
8
9
13
13
13
20
30
41
49
51
49
49
51
53
52
51
55
56
59
61
68
87
123
149
152
155
154
152
152
151
147
148
150
155
156
147
143
150
159
166
169
173
175
169
166
166
160
151
145
140
133
132
137
138
140
136
130
125
117
105
95
92
90
88
85
84
83
77
69
64
65
67
68
65
57
47
37
27
26
23
15
10
6
3
3
2
1
1
2
3
3
2
2
3
2
2
6
5
3
7
16
29
40
46
48
46
47
50
52
51
56
56
59
60
71
90
123
146
146
151
152
151
150
146
148
151
152
154
155
147
144
155
165
170
169
176
181
176
174
176
167
153
144
139
133
134
139
141
141
138
129
118
107
93
83
80
81
78
76
76
77
76
70
65
65
66
69
67
60
49
38
29
25
19
12
8
6
6
4
3
3
2
2
2
2
2
2
2
3
2
3
3
3
3
7
17
31
41
48
47
47
50
52
51
54
56
57
59
76
99
133
148
149
149
151
151
144
140
148
155
151
154
158
152
153
159
170
171
174
181
180
176
175
172
162
153
143
135
133
135
137
135
132
120
106
94
82
69
62
61
63
64
63
64
67
70
68
64
63
70
70
66
63
51
36
31
28
24
20
17
14
15
12
7
6
5
4
4
4
4
4
4
5
5
4
4
6
4
5
9
19
27
38
44
46
49
52
53
57
57
57
56
80
105
135
151
150
150
151
148
143
144
153
156
151
152
159
159
159
163
171
176
179
179
177
172
165
152
142
136
127
121
117
114
109
102
94
80
62
49
40
35
35
37
43
45
48
50
56
61
63
60
61
67
66
62
60
51
39
34
36
33
31
29
27
25
19
14
9
8
9
11
12
11
11
12
13
12
10
9
8
6
6
6
8
15
27
36
41
46
50
52
56
54
54
54
83
112
134
151
151
151
148
144
142
150
154
157
153
148
153
158
160
167
174
181
183
182
176
168
151
131
113
105
98
91
83
76
66
56
47
36
23
16
12
12
14
17
24
30
36
41
45
51
54
54
58
63
62
59
58
52
43
40
38
36
35
37
36
34
30
25
18
18
19
21
23
22
21
21
24
22
19
18
16
14
11
8
4
7
16
27
36
44
50
52
55
54
52
53
82
111
132
147
153
155
146
143
149
157
156
155
153
147
149
154
157
167
174
178
177
174
162
143
120
96
77
66
56
48
41
35
26
19
16
11
9
9
10
10
11
13
16
23
31
36
40
44
48
49
54
58
59
57
57
52
47
45
45
41
40
39
37
35
32
27
26
26
27
29
29
27
25
24
28
26
25
25
23
25
23
17
8
9
12
20
32
41
49
53
54
54
54
55
78
106
129
138
150
156
143
145
157
160
159
154
151
148
152
156
155
163
171
170
163
153
135
111
85
64
47
38
28
22
18
16
13
8
6
6
6
7
8
10
12
15
18
23
29
33
35
39
45
48
48
52
54
55
55
52
48
46
46
42
40
39
36
32
30
26
27
26
27
28
27
25
21
20
25
24
26
26
26
30
32
27
19
15
12
16
24
36
46
52
52
53
55
56
77
103
132
138
148
153
141
148
161
158
158
154
152
153
154
153
150
154
154
148
133
113
92
71
52
32
19
12
9
8
7
6
6
5
5
6
7
9
10
13
17
20
25
28
31
31
31
35
41
45
43
47
51
53
52
51
48
45
40
37
36
36
32
27
24
21
22
21
22
24
23
21
19
18
21
22
24
23
24
29
33
32
31
25
18
17
21
30
42
51
50
53
55
56
79
104
148
152
150
150
146
156
163
157
157
155
152
154
152
144
138
132
129
117
97
79
60
42
30
19
14
10
9
9
10
10
10
10
9
11
14
17
19
22
25
27
32
33
34
32
32
33
37
39
40
44
49
51
50
48
46
42
39
36
33
31
25
20
17
15
15
15
16
18
19
16
16
16
16
20
22
20
22
25
30
35
40
36
30
25
22
26
38
50
52
54
55
56
79
105
160
161
150
144
146
157
159
151
159
157
149
151
150
139
127
111
95
77
61
54
42
29
25
24
20
16
14
15
15
15
16
17
16
17
18
20
22
25
28
30
31
32
34
34
33
33
34
34
37
42
48
50
47
44
42
37
33
28
25
22
17
14
13
13
10
10
11
12
13
12
12
13
13
18
20
18
19
22
28
36
45
43
40
32
23
23
35
48
55
55
55
55
80
103
163
155
146
137
139
154
161
152
159
162
151
149
147
137
122
98
70
54
45
50
45
31
28
26
26
26
25
23
22
24
23
21
18
17
16
18
20
22
24
25
25
25
27
29
34
34
29
33
40
48
50
50
47
40
36
31
25
23
21
17
11
10
9
8
6
7
7
8
8
9
10
11
11
13
17
19
18
17
23
32
45
50
46
39
36
30
31
42
54
57
57
56
78
99
163
156
144
136
135
148
160
159
156
156
149
150
149
131
105
80
62
54
51
55
50
38
33
32
30
29
26
23
22
23
21
19
13
11
10
11
13
16
16
18
15
17
21
25
30
29
25
32
44
54
56
53
46
39
35
30
26
21
18
14
9
7
7
7
5
5
5
6
7
8
8
9
10
11
14
18
19
16
19
25
37
47
49
46
45
40
37
43
54
57
57
55
83
108
158
155
142
137
135
140
157
163
157
157
150
145
137
114
87
73
72
75
75
75
66
48
34
27
24
22
19
15
12
11
10
8
7
7
7
7
8
10
12
13
12
13
17
20
24
25
28
36
51
62
63
57
47
40
35
30
24
19
15
10
7
6
5
6
4
4
4
5
6
7
7
6
7
6
8
12
16
15
14
17
31
45
50
50
50
47
41
42
53
57
59
57
88
107
152
157
148
147
143
142
157
162
159
158
150
137
124
104
85
84
95
98
89
76
62
43
30
21
13
12
9
8
6
6
6
5
3
3
4
4
4
5
7
9
10
11
14
18
26
30
36
43
58
69
68
60
50
42
38
33
25
17
12
11
8
5
7
8
3
4
4
4
4
3
2
2
4
4
4
7
11
12
12
13
21
36
45
47
50
51
49
47
49
55
60
60
107
104
143
156
157
160
156
149
161
164
159
156
151
135
125
113
98
103
120
117
95
68
44
26
16
10
8
7
6
5
4
3
3
3
3
4
5
5
5
5
7
8
9
10
13
22
30
40
50
56
68
75
70
60
51
45
40
35
27
20
15
13
9
7
7
9
6
7
9
8
4
2
1
1
3
3
3
4
8
10
10
10
15
29
41
44
49
54
55
55
49
56
60
61
138
110
135
147
153
160
158
153
164
167
158
159
154
142
133
124
116
120
126
113
82
50
27
13
9
7
9
8
7
6
5
3
3
3
5
8
9
8
7
8
8
9
6
11
17
23
28
42
65
78
85
85
74
60
52
47
42
36
28
21
15
12
8
6
5
6
6
8
10
9
5
2
2
3
3
6
7
8
12
12
10
10
14
24
34
41
48
55
58
59
55
59
61
61
172
141
149
143
141
148
151
153
163
165
161
160
155
148
141
133
129
131
128
98
56
29
18
16
20
17
15
12
9
8
6
5
4
4
7
9
8
6
4
6
6
6
6
11
18
26
37
60
91
105
105
99
81
63
52
45
41
36
31
24
17
12
8
8
8
7
7
9
10
9
6
5
7
9
11
16
19
24
27
28
24
23
19
22
28
35
45
54
61
64
61
63
63
62
180
171
176
152
138
141
147
154
160
160
161
155
150
151
150
144
136
132
109
72
35
28
40
56
64
59
48
42
34
28
21
15
9
7
10
11
10
6
4
4
6
6
11
15
20
40
66
98
124
129
119
109
85
66
53
45
41
38
36
28
20
14
11
13
14
14
14
15
15
15
15
15
18
21
24
29
34
39
45
47
44
40
37
32
29
32
40
48
55
59
62
63
63
63
167
176
189
165
148
144
149
154
158
159
159
152
150
152
153
145
123
102
78
66
58
69
90
107
111
102
85
68
54
48
41
29
20
18
21
20
18
14
10
11
14
13
19
24
32
58
99
131
144
141
124
106
84
66
53
45
43
40
38
34
26
20
18
17
17
20
22
23
24
26
28
31
33
36
39
41
44
48
50
50
50
50
49
47
44
41
39
43
50
51
57
62
65
65
148
164
177
168
160
152
153
156
154
161
163
152
148
149
143
124
101
85
91
100
107
115
121
125
123
111
96
81
65
54
47
40
34
32
34
30
24
18
14
15
19
22
26
37
54
87
126
148
149
139
120
102
81
66
55
48
43
39
38
36
31
26
25
20
16
14
20
23
27
30
34
38
41
42
43
46
49
50
46
40
37
38
41
47
51
53
53
53
55
56
55
58
61
62
145
146
158
162
163
150
150
152
150
163
162
155
150
146
133
117
111
111
127
128
125
122
117
110
101
88
76
67
55
46
42
40
35
30
31
27
22
19
16
17
22
28
38
55
80
116
147
156
150
139
119
100
79
66
59
53
46
41
40
38
33
30
27
21
14
11
13
15
19
23
27
31
33
33
35
37
40
40
37
33
34
36
41
45
49
55
61
61
58
60
59
58
58
59
149
135
145
156
158
147
143
145
149
160
161
159
156
152
145
142
144
145
135
121
108
108
108
97
81
67
53
48
40
34
35
34
31
25
24
20
16
16
17
22
34
47
58
83
113
142
159
159
153
144
122
102
80
69
62
56
51
44
43
40
37
34
32
26
17
13
13
12
12
15
17
18
19
20
25
27
29
31
36
42
47
51
51
52
48
49
55
55
54
61
65
62
59
59
151
165
137
152
153
150
142
143
158
163
164
161
159
161
161
160
150
137
119
116
121
133
131
109
84
63
54
44
33
27
26
25
21
18
16
16
17
20
26
34
49
66
84
111
139
158
166
161
154
146
126
104
81
70
63
59
55
50
47
44
40
39
42
39
31
26
25
18
14
15
15
14
14
18
25
31
35
37
43
52
56
56
56
58
54
50
49
46
48
58
63
62
61
61
157
169
147
160
154
149
138
141
165
166
159
157
158
159
153
146
136
127
135
145
158
164
152
129
103
83
70
58
43
35
29
26
21
18
19
22
25
32
44
55
73
92
115
134
152
164
166
161
152
142
126
105
84
71
66
62
60
56
54
49
41
40
44
46
44
43
37
30
25
25
26
23
24
29
35
46
54
56
56
57
56
52
51
54
55
55
55
51
49
52
56
58
60
62
176
186
173
182
164
146
136
142
160
159
150
153
156
154
144
139
143
147
153
159
163
163
152
135
121
107
98
87
72
62
55
48
43
38
38
42
44
51
66
81
102
121
142
154
163
171
174
165
152
140
121
102
83
74
68
63
62
61
59
53
44
39
42
46
48
50
47
44
42
44
44
44
44
46
51
59
67
70
69
66
61
57
51
51
53
57
62
62
57
53
54
58
60
61
190
198
187
194
170
146
144
154
160
156
147
150
154
155
154
158
163
166
166
167
170
172
163
146
131
121
117
107
92
79
71
66
63
59
65
73
82
93
110
121
131
144
154
164
172
183
186
171
151
135
116
99
82
74
68
64
62
62
60
56
49
46
46
46
45
46
50
52
53
55
56
58
57
56
61
62
65
70
72
70
66
64
59
57
57
59
62
65
64
59
58
61
61
59
191
182
175
176
155
145
152
158
158
155
150
157
153
154
163
166
168
172
176
181
186
189
176
152
136
127
121
108
95
84
78
74
71
76
86
99
110
127
139
148
148
154
162
167
174
190
196
178
151
130
112
97
81
72
68
65
63
59
60
63
60
53
51
49
46
45
53
57
62
65
66
67
67
67
68
69
70
70
71
70
72
73
70
67
64
62
63
64
65
63
62
62
61
59
181
156
140
134
126
135
151
155
156
155
152
158
155
155
159
160
162
168
184
195
199
194
179
160
144
130
123
110
97
86
80
76
74
81
93
113
123
136
151
167
168
169
175
175
177
190
198
181
149
124
108
93
77
69
65
64
63
62
66
66
62
56
53
52
51
51
59
60
62
64
67
69
69
69
71
73
74
74
74
73
74
74
73
72
69
66
65
65
67
66
65
66
63
59
167
126
110
101
109
134
147
146
150
153
152
151
149
152
156
160
165
171
190
203
206
194
175
160
146
132
124
111
98
88
82
78
78
88
99
119
134
152
169
181
179
183
183
181
179
192
200
182
147
119
104
87
73
65
63
62
64
64
67
65
61
56
56
57
58
61
64
64
64
65
67
71
73
74
75
76
76
77
77
75
74
72
71
73
72
70
68
68
67
67
67
67
65
59
146
100
84
88
119
149
145
136
142
148
146
143
146
149
155
161
171
183
196
203
201
191
176
160
146
134
122
110
98
88
83
81
84
95
104
119
135
155
173
180
174
176
179
178
179
192
202
181
145
119
101
85
71
64
61
61
63
63
64
61
56
55
57
59
61
66
67
66
66
67
69
72
75
76
78
78
77
77
77
76
72
69
67
69
72
72
71
69
68
66
66
66
64
58
131
86
71
97
148
177
157
140
142
144
138
141
150
152
152
158
171
189
199
202
199
195
184
167
147
130
119
108
97
88
86
87
90
99
110
122
132
143
150
161
165
167
174
171
174
192
203
182
146
119
102
86
71
65
62
60
59
57
60
57
53
53
56
56
58
63
67
68
68
68
69
72
75
76
79
77
74
74
76
75
71
67
65
67
70
71
72
70
69
67
65
66
63
60
114
72
63
101
162
183
158
142
141
140
137
140
149
152
153
159
166
182
201
211
213
206
189
166
144
126
115
105
95
87
87
90
91
97
105
108
113
112
101
121
151
168
174
169
172
195
206
182
143
117
103
87
73
68
63
59
56
52
53
52
50
51
53
53
53
56
62
64
65
66
67
70
72
73
73
71
70
70
72
73
70
67
67
67
67
67
69
71
70
68
65
65
64
63
101
59
62
106
165
179
158
146
146
146
141
141
144
146
156
162
162
173
196
212
217
205
181
155
137
121
111
102
91
83
84
87
85
87
93
85
89
84
69
101
156
181
175
171
176
201
209
178
136
111
101
87
76
71
66
60
56
53
51
52
52
52
51
49
48
48
51
53
56
58
61
64
67
67
66
66
67
68
70
71
70
69
68
67
65
64
66
69
69
69
66
65
65
64
103
65
66
112
168
179
156
143
140
141
146
144
144
143
154
161
158
169
186
195
197
186
164
140
124
112
107
99
88
78
79
82
77
75
75
62
62
57
51
104
164
179
173
173
183
208
211
173
129
107
98
86
77
74
68
62
58
57
56
58
56
54
50
47
43
42
42
43
46
50
56
60
62
62
63
65
67
69
69
70
71
72
68
66
65
64
65
67
68
67
67
64
65
64
109
71
68
115
167
177
152
132
131
141
146
141
141
146
150
152
156
163
172
172
170
159
140
126
113
102
100
90
78
74
74
72
67
62
64
51
44
44
51
112
162
174
175
170
180
199
197
160
120
102
95
86
76
71
69
65
61
59
60
60
59
55
51
46
42
38
37
36
36
40
47
55
60
62
62
61
68
67
65
70
69
69
65
65
65
64
66
68
68
67
66
65
62
62
120
87
79
114
161
175
151
128
125
139
140
139
140
145
148
148
150
154
156
153
148
138
124
113
103
93
86
78
69
65
63
61
55
51
51
40
34
34
56
127
172
181
178
174
175
179
171
143
111
95
90
81
73
70
69
66
62
61
63
62
61
58
54
49
43
40
38
34
31
32
40
49
56
59
59
58
61
62
63
67
68
68
65
64
63
63
65
67
69
68
65
65
63
62
143
123
109
123
154
166
146
128
120
135
142
142
143
143
142
141
143
147
145
137
131
122
112
105
96
86
79
72
63
58
56
54
49
44
40
33
29
33
73
150
180
186
183
179
172
164
150
128
106
94
83
76
70
68
69
67
65
65
64
63
62
61
59
54
48
43
39
35
30
28
31
39
47
52
54
56
56
59
62
64
66
67
65
63
62
63
66
67
67
68
65
65
63
61
169
165
147
137
146
153
139
129
120
131
141
143
144
141
138
137
140
144
141
134
127
120
111
103
91
80
72
64
55
50
50
50
43
36
30
29
32
43
96
163
176
178
169
164
160
154
141
119
99
87
73
68
64
67
68
69
68
69
69
65
63
63
62
57
50
45
42
42
38
32
27
29
36
42
46
54
54
56
61
62
67
68
67
63
62
64
66
65
65
66
64
63
61
60
186
190
169
145
142
146
135
125
119
129
131
137
142
140
136
135
139
142
138
129
123
117
107
96
83
71
62
57
50
48
47
45
39
32
26
29
39
58
112
162
160
159
156
148
141
136
124
107
88
73
66
62
61
65
68
69
70
71
72
67
65
67
65
59
50
46
48
49
47
40
32
27
27
29
36
50
52
53
56
59
65
67
66
63
62
65
66
65
63
62
62
61
59
59
193
191
169
149
148
151
138
122
122
131
132
136
139
136
132
133
138
142
133
124
116
111
99
87
74
63
54
52
50
47
43
38
34
32
30
36
46
63
108
142
133
128
128
120
115
112
109
102
85
64
59
57
58
63
66
64
63
62
61
57
57
60
61
55
50
47
50
51
50
45
39
32
25
22
29
41
48
51
52
56
62
63
63
62
62
65
66
65
62
61
59
58
57
58
196
184
161
153
157
156
141
123
130
130
138
138
134
131
129
132
136
139
130
119
111
105
93
80
67
56
48
45
43
40
34
28
26
28
33
42
50
58
90
113
103
91
73
65
66
78
90
92
77
56
51
51
53
59
59
53
46
42
37
34
34
43
48
47
46
47
51
51
49
47
43
36
30
25
27
32
42
47
49
54
57
59
60
60
61
63
64
64
61
58
57
56
55
57
197
180
154
157
164
153
138
125
135
126
137
134
131
129
130
133
135
135
128
116
108
102
89
75
61
51
49
43
35
31
27
22
24
28
38
50
55
56
77
99
90
72
49
28
24
40
58
68
65
55
47
47
51
55
52
42
30
24
20
15
17
23
31
34
39
44
49
50
50
47
43
38
34
32
26
24
36
43
46
52
53
56
58
59
60
61
62
62
60
56
56
55
54
56
188
172
151
153
151
143
139
123
131
123
132
131
127
126
130
133
132
130
123
112
104
97
83
69
57
49
45
41
34
24
21
22
26
29
41
50
54
58
78
111
120
106
74
46
19
16
30
51
57
54
52
48
46
47
44
35
23
19
17
15
16
20
27
32
37
40
44
50
50
45
40
37
37
38
31
19
26
37
48
50
52
58
61
60
58
56
58
60
60
59
55
53
53
53
179
165
149
151
155
149
148
128
127
124
130
130
126
125
130
132
128
124
120
109
101
92
78
64
53
44
42
36
27
21
20
24
29
33
41
49
50
60
94
132
147
143
117
81
41
22
22
30
42
49
47
44
43
42
38
31
23
18
19
19
22
25
30
36
39
39
41
46
47
44
36
31
33
38
34
26
19
29
38
43
50
55
61
59
58
55
56
58
57
57
55
53
53
52
175
169
162
161
168
168
172
141
126
127
132
129
125
124
130
132
126
121
117
107
97
87
74
62
50
40
36
30
23
20
21
24
31
37
40
49
55
73
112
143
152
151
141
112
77
49
31
25
31
37
39
36
34
32
30
26
22
18
19
23
27
30
35
40
41
39
38
41
42
40
35
29
28
33
33
35
18
24
27
34
47
53
61
61
61
58
58
58
57
57
55
54
52
53
175
181
181
175
173
181
187
144
124
129
137
132
125
125
129
131
125
119
113
105
94
81
67
58
49
39
29
23
20
21
23
25
30
35
37
51
69
95
126
142
139
134
130
113
87
59
35
26
24
23
25
26
26
23
21
20
19
17
19
23
28
33
37
41
42
40
38
38
37
37
39
35
29
24
27
37
24
22
22
28
43
52
59
62
64
62
61
60
58
58
56
53
53
52
165
184
191
186
179
189
191
140
126
132
136
132
126
124
128
128
121
115
111
102
90
76
60
53
46
37
23
18
16
19
23
24
29
33
37
55
85
114
134
141
134
124
112
102
83
61
40
28
22
17
17
20
21
19
16
14
15
16
22
24
29
34
37
38
39
39
38
37
34
35
40
40
31
21
21
31
31
20
21
25
38
50
52
56
60
62
62
60
58
57
55
55
52
50
143
170
182
185
183
194
188
133
128
132
126
125
123
124
127
126
118
112
108
99
87
71
55
48
42
33
20
17
15
18
22
24
28
34
40
64
99
125
133
132
125
112
102
90
75
61
44
31
23
19
18
20
21
18
15
14
15
17
26
27
31
35
36
36
36
38
38
39
36
34
38
38
33
25
26
31
35
20
20
25
32
43
44
50
57
60
60
58
56
55
55
54
51
48
117
142
155
162
167
170
160
119
123
126
121
123
122
123
124
123
116
111
105
95
81
67
53
45
37
27
19
17
16
19
22
25
29
34
48
79
111
126
127
121
110
101
96
81
65
50
37
28
25
24
22
21
21
21
20
19
21
23
30
32
36
39
39
39
40
40
41
43
42
39
40
40
35
31
32
33
36
24
21
28
32
40
44
49
56
58
58
56
54
54
54
54
51
47
96
116
133
136
140
135
127
106
121
125
125
127
126
124
122
118
112
109
102
90
77
63
50
43
34
24
16
16
17
20
22
24
28
32
56
91
117
124
123
117
107
104
95
86
69
51
38
33
33
29
24
21
19
21
23
24
26
29
32
38
43
44
45
47
47
46
47
48
47
46
47
44
39
36
30
33
35
30
22
31
36
45
47
52
57
58
56
54
53
52
54
54
51
47
79
91
110
119
122
115
109
103
121
124
128
125
125
125
120
112
109
107
99
84
70
60
52
46
36
25
16
16
19
22
23
32
30
39
69
110
127
132
128
121
111
105
96
90
78
68
57
55
52
45
34
30
27
29
29
33
37
39
43
44
51
46
50
52
46
50
51
50
53
56
54
50
43
37
32
27
31
29
25
29
36
42
46
52
55
56
55
53
51
52
52
53
52
46
77
81
89
97
101
100
98
101
122
127
127
125
125
127
123
117
111
107
99
85
72
63
54
47
37
27
18
17
21
25
25
32
34
47
87
131
144
139
130
125
120
113
103
99
93
84
76
71
66
56
48
45
43
44
43
44
46
47
50
50
58
51
51
54
50
52
54
52
54
56
55
50
43
37
29
27
32
30
26
29
34
40
48
51
53
53
54
53
50
50
52
51
50
45
79
75
77
82
84
85
89
99
122
130
126
123
123
125
123
117
111
105
96
85
75
64
53
46
37
28
20
19
24
28
28
34
41
56
92
130
143
133
119
112
107
100
94
87
83
77
71
63
58
54
52
49
48
48
46
43
42
41
39
39
50
41
38
43
44
44
46
43
43
46
47
45
40
34
28
27
32
32
28
31
35
42
49
51
51
53
54
54
51
50
50
49
47
44
82
77
77
79
80
81
86
98
121
132
126
122
122
123
121
116
109
102
93
85
77
66
53
45
37
28
21
22
28
30
30
36
43
53
75
98
103
95
81
73
67
61
58
53
53
51
49
40
40
46
42
40
41
42
40
37
35
32
27
25
41
33
28
36
42
39
31
25
23
27
32
37
38
35
32
33
34
34
30
31
36
43
49
51
52
52
55
54
51
49
49
47
46
44
83
79
77
79
80
81
83
97
118
130
127
124
123
121
118
114
109
102
92
86
79
68
53
44
37
28
24
25
29
30
31
35
38
38
44
49
47
41
44
49
52
47
39
45
49
39
40
36
37
43
36
31
33
34
40
40
42
39
35
32
50
42
39
46
54
46
28
19
12
12
20
32
40
42
39
39
35
33
29
29
35
42
47
49
52
53
54
53
49
48
46
47
48
46
80
80
80
80
81
82
82
94
111
123
124
123
123
120
115
113
108
102
93
87
81
70
56
44
36
30
24
24
29
30
33
36
34
26
18
18
15
15
37
68
83
74
69
83
84
59
60
66
65
63
58
50
50
52
63
65
69
65
55
54
73
62
60
69
75
61
41
27
13
9
14
28
39
42
42
41
34
32
31
30
36
42
44
49
51
53
54
52
48
46
47
48
49
46
80
80
81
82
81
83
81
92
104
116
119
121
123
120
113
110
107
102
96
90
84
74
58
45
37
31
25
24
30
33
36
35
34
23
11
11
12
15
50
97
119
108
104
118
113
80
88
100
96
87
82
71
70
72
85
87
86
79
73
76
95
77
76
89
91
68
46
32
17
12
17
30
39
40
40
41
33
32
34
32
36
41
42
46
49
49
52
50
48
46
48
47
49
47
81
80
80
80
79
82
79
90
101
112
115
120
123
120
112
108
105
101
101
92
86
77
62
46
38
33
30
26
32
34
36
32
31
20
8
8
11
17
56
110
139
131
134
144
137
106
116
125
112
99
94
83
83
85
99
97
94
82
81
87
104
81
80
93
90
60
40
29
19
16
23
35
41
40
39
40
32
32
34
31
33
35
39
43
45
47
48
50
48
48
48
48
49
47
82
83
80
81
79
74
80
89
98
109
116
119
121
121
113
107
108
105
98
91
82
74
61
46
37
32
29
23
31
32
32
37
37
27
13
11
10
14
46
92
129
129
123
137
130
107
127
134
120
107
98
88
81
84
94
99
94
87
83
97
94
74
73
87
76
49
28
23
22
29
39
43
40
36
40
37
34
32
32
32
33
35
37
39
41
43
45
48
49
48
50
53
49
48
80
81
83
82
80
77
81
88
98
112
120
123
122
120
113
106
105
102
96
91
83
77
63
45
36
32
28
22
26
31
33
42
43
40
28
14
11
12
19
49
86
90
72
78
82
68
82
100
104
89
77
71
66
67
74
77
70
61
55
65
63
50
50
57
49
32
24
26
32
43
50
50
43
35
38
34
31
29
30
31
33
35
37
38
39
40
43
46
49
50
51
51
47
48
78
80
83
82
83
81
83
84
93
110
123
127
121
118
113
104
98
96
93
89
85
80
65
46
36
33
29
23
22
29
32
39
41
49
46
24
10
9
8
24
40
35
18
23
36
16
31
42
47
43
38
36
33
32
34
35
29
19
11
14
15
13
16
24
29
28
31
36
44
52
57
55
46
39
34
29
26
26
29
31
34
36
36
37
37
40
44
46
48
52
51
49
45
47
78
79
82
81
84
85
83
79
85
105
122
124
117
114
114
105
96
93
91
90
88
85
70
48
38
36
31
24
20
26
34
37
49
76
90
72
36
13
6
12
11
6
9
31
58
14
17
15
12
11
12
12
11
10
12
13
10
7
6
8
9
9
11
18
28
36
44
49
53
56
56
53
47
40
29
25
23
26
30
33
35
37
36
36
38
42
46
48
48
50
51
48
44
46
79
79
82
80
83
84
83
77
83
102
115
118
111
111
116
110
100
95
90
92
94
93
77
54
40
37
32
24
20
20
33
32
57
101
131
127
91
46
14
12
20
26
43
83
131
60
48
46
39
25
26
20
15
14
14
12
11
10
8
14
22
26
29
36
44
49
49
53
57
58
56
51
44
36
28
25
25
29
35
36
37
37
35
35
36
41
46
47
48
48
48
46
44
47
79
79
81
80
82
83
82
79
85
105
114
113
109
112
118
111
101
92
89
92
95
97
83
59
42
32
28
21
21
17
32
27
56
103
142
150
143
111
70
54
62
66
93
131
171
107
105
104
92
81
71
61
50
43
39
31
26
25
32
39
45
46
46
49
53
54
51
54
56
57
54
49
43
38
32
28
28
34
38
37
35
35
36
36
37
40
44
48
48
47
46
45
42
44
78
78
82
81
82
82
83
82
87
103
111
111
109
113
115
108
98
87
86
89
92
94
85
65
46
31
22
20
20
20
37
37
63
105
143
155
167
166
149
130
120
111
122
136
150
117
132
129
118
116
108
97
85
77
72
66
57
52
51
52
52
50
49
51
55
58
56
56
57
56
53
48
44
42
35
30
30
34
38
35
32
30
35
37
39
39
41
46
47
46
44
44
43
44
78
79
82
81
82
83
84
83
85
98
108
108
108
112
112
106
97
84
86
87
86
90
86
70
51
35
23
22
19
19
37
46
69
106
136
149
163
179
199
189
176
168
148
141
141
126
129
126
126
119
116
107
95
88
86
81
71
63
61
57
54
53
52
53
57
62
60
59
59
58
52
44
41
40
35
31
30
33
35
32
28
27
31
37
40
39
40
43
44
44
44
43
43
46
73
79
83
81
80
78
81
84
84
96
104
108
99
100
103
107
100
87
85
81
80
83
87
83
62
37
24
18
24
22
38
54
85
115
135
141
145
158
181
201
202
187
164
141
140
125
121
110
111
108
102
92
84
82
81
74
66
61
59
56
55
57
60
61
62
65
59
62
61
57
52
47
42
39
33
29
28
33
39
34
30
30
35
34
38
38
38
43
43
43
43
40
47
41
72
75
84
78
79
82
82
83
87
98
104
106
97
95
98
112
104
91
85
76
69
73
86
90
72
45
32
25
27
23
38
63
96
124
143
144
137
135
147
164
174
169
149
126
117
102
96
88
90
83
77
70
65
65
65
62
57
54
56
55
58
63
66
65
63
62
61
63
62
59
53
47
41
37
32
32
34
37
39
35
31
31
35
35
36
36
37
41
43
42
38
39
40
34
82
84
83
77
82
85
83
80
86
100
114
109
99
94
97
115
109
94
86
73
61
65
83
94
77
51
37
27
28
25
37
71
108
132
147
150
145
139
138
140
142
137
125
106
89
77
71
66
69
61
58
55
53
52
52
51
50
51
56
55
55
59
62
63
63
64
65
66
64
59
52
44
39
34
31
35
37
37
37
34
31
31
34
36
37
38
39
41
42
40
42
43
39
45
86
81
72
80
92
103
110
112
116
129
131
120
102
96
97
110
110
96
83
71
59
61
79
92
79
55
36
24
25
28
41
79
114
133
149
153
150
145
139
133
127
120
107
88
71
61
55
53
52
48
48
47
45
45
45
44
44
46
51
49
47
49
52
56
61
63
64
64
61
56
49
45
38
33
30
35
37
35
33
31
30
30
32
38
39
40
42
40
42
40
36
39
33
52
81
84
98
119
132
143
156
157
152
157
147
128
106
97
96
98
107
96
78
67
56
57
74
91
85
67
38
24
25
33
51
86
116
134
147
152
149
144
136
128
121
114
96
76
63
55
46
44
37
37
36
35
35
36
37
36
38
39
41
40
41
44
49
53
57
59
58
58
55
52
49
44
38
33
29
34
36
34
35
34
32
31
30
37
38
38
38
38
39
42
38
44
36
62
80
112
157
174
174
170
173
167
160
162
154
135
111
97
92
92
103
101
83
69
54
51
67
88
91
81
48
32
28
36
63
95
117
134
141
150
153
147
137
124
111
101
85
66
57
49
42
39
31
35
32
30
29
30
32
33
34
35
37
39
43
48
52
55
57
57
55
55
52
48
45
40
35
32
29
35
37
36
37
37
34
31
29
34
36
33
32
33
34
42
44
42
45
83
111
159
190
188
176
167
163
158
160
161
154
141
122
101
88
95
96
102
96
80
59
49
58
80
92
91
64
45
34
40
77
106
121
135
142
151
153
146
135
122
109
95
79
64
53
45
41
37
33
36
33
31
29
29
30
33
36
37
39
42
47
51
54
57
59
60
57
56
51
43
38
35
34
33
34
37
38
36
37
38
34
32
29
32
36
30
31
35
32
42
44
37
58
110
162
204
202
179
159
157
156
155
159
154
151
147
133
106
85
100
90
99
107
90
67
50
52
73
91
97
75
57
42
44
88
115
125
136
144
151
152
147
139
128
116
99
81
69
53
43
40
34
34
31
29
27
25
26
29
34
38
40
39
44
49
52
54
56
57
57
59
56
49
40
32
32
35
39
39
41
38
36
36
36
33
32
30
31
38
31
33
38
30
40
42
34
67
119
216
237
206
169
152
145
146
148
149
151
149
147
143
118
90
98
91
95
103
102
83
58
52
62
79
94
84
71
60
57
98
115
129
137
147
154
154
151
144
133
120
105
87
74
57
45
40
37
34
31
29
28
26
26
29
36
41
41
39
43
47
50
53
54
56
58
60
60
53
41
32
33
37
41
42
40
37
35
36
35
33
34
33
37
39
29
32
35
30
38
41
33
78
119
245
237
198
158
141
136
135
132
133
135
139
141
146
132
101
101
93
91
101
103
89
68
57
58
70
84
85
81
76
77
103
117
126
136
150
156
155
152
147
138
128
115
101
88
72
63
59
56
53
50
48
45
40
37
36
40
44
44
44
46
50
53
55
57
58
59
64
64
60
48
38
34
34
34
32
35
36
37
40
40
36
34
34
37
37
29
30
34
32
37
39
45
85
123
250
241
193
151
132
129
129
125
125
128
134
135
145
142
111
104
97
89
98
100
93
77
62
53
59
72
81
84
83
87
95
110
122
138
148
153
152
151
150
149
148
142
134
121
108
101
98
95
90
86
80
74
65
56
49
49
51
51
51
52
53
56
58
60
60
60
60
62
60
51
41
35
31
30
25
31
34
35
39
40
36
31
31
35
33
29
30
34
35
34
37
57
91
122
251
242
199
154
134
133
132
131
132
132
134
136
141
142
122
112
105
95
95
95
90
80
66
52
53
64
73
79
81
85
84
99
114
133
146
153
157
158
161
163
165
162
153
139
126
119
114
110
105
98
97
89
78
67
57
54
54
54
55
54
53
53
55
57
56
55
50
52
52
46
39
35
33
33
27
32
33
33
35
35
31
28
28
32
31
32
33
36
36
32
38
62
90
117
252
242
209
171
153
149
146
142
146
144
142
144
141
140
131
125
115
103
94
90
86
81
70
58
54
58
67
73
80
85
86
95
107
121
134
146
158
166
170
171
170
166
154
140
126
117
107
101
94
87
86
78
69
61
54
51
52
52
51
51
49
49
51
52
50
48
43
45
45
43
39
35
35
34
32
34
34
33
35
33
30
28
26
29
30
32
35
36
35
31
41
62
89
117
250
245
220
191
181
179
170
166
172
169
160
158
145
136
131
128
119
110
99
93
88
85
78
68
58
55
62
67
77
83
88
95
104
113
125
137
149
159
163
165
163
159
149
135
124
113
100
92
87
80
68
61
56
53
50
48
47
47
46
45
44
45
46
45
44
43
44
45
44
41
39
36
33
31
30
33
34
34
35
33
30
30
26
27
28
29
33
33
31
32
42
60
89
120
252
245
225
200
195
198
192
187
193
188
174
166
152
137
129
127
121
114
104
99
94
89
84
77
65
56
56
63
69
76
83
94
101
112
126
132
136
143
147
148
148
144
134
122
115
104
89
79
75
68
55
49
48
49
49
46
44
41
42
40
40
42
42
39
38
38
43
42
40
38
36
33
29
26
24
30
31
30
32
33
31
29
25
23
26
28
34
34
29
38
44
58
90
119
254
246
223
194
190
198
197
192
197
189
173
163
157
144
130
127
123
117
109
104
98
92
87
82
71
58
54
61
65
71
78
90
97
109
114
117
120
127
132
135
134
129
123
112
107
97
78
67
62
54
45
40
41
47
48
46
40
37
40
37
37
39
38
34
33
34
39
37
34
32
31
29
26
23
21
28
29
26
28
31
31
28
23
21
27
29
38
38
32
45
45
60
89
115
250
243
214
189
181
192
194
194
190
181
164
161
159
149
138
134
130
122
115
106
98
92
85
80
73
63
59
58
58
62
73
84
93
98
98
100
110
118
121
122
121
119
112
106
98
86
70
58
50
45
42
41
42
45
44
39
38
38
39
39
41
41
38
36
34
31
31
30
27
25
23
21
23
24
23
24
25
27
28
28
27
25
23
28
32
34
36
37
40
45
48
59
87
113
248
236
210
189
182
190
191
192
186
170
156
156
160
152
143
137
132
128
117
107
99
95
89
83
76
68
65
63
62
63
66
71
80
89
93
95
100
105
110
113
115
112
105
98
87
75
63
55
50
46
47
46
45
44
41
39
39
40
41
43
44
42
38
36
34
32
30
30
28
26
22
19
19
21
23
25
27
28
28
25
24
23
25
29
33
34
36
36
39
44
46
58
87
112
246
233
214
195
185
192
191
191
178
164
152
154
164
157
150
136
129
128
119
108
101
98
91
85
78
74
69
67
65
65
63
62
69
76
85
90
93
96
102
105
101
97
93
85
75
65
57
52
49
48
47
46
45
42
40
39
39
39
40
41
42
39
36
34
34
33
29
29
28
25
21
18
19
21
23
25
28
29
26
21
20
21
29
33
35
35
35
35
38
43
45
60
90
113
248
243
227
206
191
188
180
166
142
141
150
156
163
165
159
137
129
129
121
113
105
98
92
84
79
74
71
70
67
67
65
63
63
65
72
83
89
91
97
96
88
81
78
72
64
58
52
47
44
44
39
37
37
40
42
41
38
36
35
37
36
33
30
30
31
33
28
26
24
21
19
18
20
23
25
24
26
27
23
18
19
22
31
35
36
34
33
34
36
41
44
63
95
116
246
243
236
218
199
173
148
120
96
118
144
152
158
169
170
146
138
135
125
121
112
100
91
85
78
73
73
73
69
66
65
65
64
61
62
75
83
86
90
89
81
77
71
65
56
50
49
43
37
36
31
27
28
37
42
40
34
31
32
34
32
26
26
27
27
29
27
23
18
16
16
19
22
25
26
24
22
23
22
20
21
24
31
33
34
31
31
32
34
37
44
66
99
118
245
241
236
224
200
156
112
74
70
110
137
150
154
169
173
155
142
136
130
128
118
104
94
85
77
73
74
74
68
63
61
64
65
64
66
74
79
80
80
78
77
77
72
64
50
44
46
42
33
31
30
24
25
34
40
36
29
27
28
31
27
23
25
26
26
28
29
23
16
15
17
21
25
27
25
22
21
23
24
23
25
27
29
31
31
28
30
32
33
35
43
67
102
119
250
242
235
225
202
160
102
47
60
96
133
149
155
165
172
167
142
133
134
132
121
109
100
90
81
77
75
72
67
62
61
62
62
61
64
68
73
75
68
64
65
67
66
58
45
40
43
38
31
32
30
27
28
34
36
31
26
24
26
29
24
22
26
25
24
25
27
22
17
16
19
23
25
26
23
22
23
25
28
29
29
29
31
32
31
29
32
36
36
37
44
70
104
120
250
242
232
223
206
183
120
46
62
86
128
147
157
162
171
179
145
135
135
132
121
112
105
94
84
81
78
72
66
64
63
60
55
51
53
54
63
68
61
53
51
52
54
52
44
39
36
30
27
33
30
30
33
35
34
29
24
23
28
30
25
22
25
23
19
19
22
19
16
16
19
22
23
23
20
22
25
28
31
33
32
31
34
34
33
31
36
40
40
40
46
72
106
120
246
235
223
216
212
196
142
62
57
73
118
150
161
157
175
186
152
136
132
125
116
111
105
99
93
86
81
74
67
61
60
59
55
48
46
42
43
51
56
53
48
46
48
47
40
33
32
29
28
31
32
35
37
37
34
31
28
26
28
30
26
22
24
18
13
17
21
19
17
17
19
21
24
24
23
24
27
31
35
35
33
33
34
33
31
30
34
39
42
43
51
80
106
121
246
235
225
221
212
195
156
84
53
60
110
147
158
157
171
180
156
141
126
119
112
108
104
100
96
89
85
75
65
57
56
59
57
52
44
41
36
38
44
49
46
40
36
35
34
32
33
32
31
31
29
31
32
32
31
29
27
25
23
25
22
19
19
15
13
17
23
21
18
17
19
20
23
24
23
25
29
32
35
35
33
32
33
31
28
28
32
37
40
42
52
82
108
121
243
237
232
230
218
202
178
116
58
60
105
145
156
156
164
167
155
139
124
117
112
108
104
99
95
89
85
77
67
58
58
60
60
54
45
38
32
33
35
34
31
29
21
20
22
25
27
28
27
25
23
23
23
23
23
22
21
19
14
17
18
15
13
13
16
19
22
21
18
16
15
18
21
23
24
27
30
32
33
34
32
31
32
30
30
31
34
38
40
42
52
82
108
120
