6
7
7
5
4
5
8
7
10
13
25
36
47
56
66
83
112
138
159
171
176
179
185
188
188
184
183
182
183
184
185
190
194
191
188
187
188
190
192
194
197
199
200
202
202
205
208
214
223
230
232
229
226
226
227
227
223
218
220
220
222
223
222
214
204
205
207
192
158
116
73
40
20
13
6
7
10
12
9
6
5
4
4
3
2
3
3
4
4
3
3
3
4
4
7
7
7
7
5
4
5
10
20
32
44
52
59
66
83
110
140
161
170
179
183
183
183
183
185
181
183
180
181
182
185
190
192
187
182
183
187
190
192
192
193
195
198
199
201
204
208
215
225
232
236
236
235
234
234
231
226
220
218
218
218
218
223
220
206
205
207
210
191
167
129
91
57
38
14
6
4
8
7
6
6
5
4
3
2
3
3
4
4
3
3
3
4
4
11
6
3
10
7
4
14
25
39
55
60
63
69
83
109
137
161
173
179
183
185
184
184
181
179
180
180
180
180
184
190
192
192
189
181
183
187
192
193
192
193
195
197
198
198
202
207
214
221
228
236
237
237
237
236
232
226
224
222
221
220
218
217
216
212
210
206
206
204
196
176
147
109
73
40
14
6
2
8
8
5
6
5
5
5
4
2
3
5
3
3
4
4
4
7
9
7
6
5
14
32
50
62
70
70
74
84
107
136
159
171
177
181
187
188
183
181
179
178
180
180
178
179
183
188
189
187
183
179
181
186
191
192
191
192
195
197
199
198
201
206
212
218
224
230
236
239
239
238
236
232
229
227
224
221
220
220
218
215
212
208
207
206
205
198
183
152
116
74
36
18
8
4
6
6
6
4
3
4
6
4
4
5
2
4
4
4
4
2
6
7
5
15
39
64
80
83
79
83
92
109
135
160
173
174
173
178
185
183
178
177
174
173
177
180
178
178
180
184
185
182
179
177
178
183
189
190
189
192
197
200
200
197
198
203
208
214
219
224
234
240
240
239
238
236
235
233
229
226
225
226
223
218
214
205
205
207
207
205
202
187
155
120
74
41
23
6
5
5
4
5
3
4
5
5
5
5
3
4
4
4
4
4
3
8
18
45
75
92
96
92
85
97
112
133
152
165
170
169
168
177
180
176
173
176
175
172
176
177
176
175
176
178
179
178
176
175
176
181
186
186
185
191
198
202
200
195
195
200
205
209
214
220
229
236
238
239
237
235
235
235
232
230
230
231
226
219
214
207
205
206
205
203
206
202
181
155
116
76
50
21
12
3
3
7
4
3
4
4
5
6
5
4
4
4
4
10
3
16
43
85
110
110
101
98
99
117
136
152
157
159
162
167
171
174
172
166
167
173
172
168
171
170
170
171
170
170
171
172
174
176
177
181
183
182
181
188
197
200
198
196
195
200
202
204
207
214
220
226
231
236
234
233
235
235
234
231
231
230
224
216
211
209
205
203
204
204
208
209
197
178
153
114
82
45
25
6
5
7
4
3
4
3
5
6
5
4
4
5
4
8
5
31
73
118
134
125
109
107
114
137
151
158
155
155
161
169
172
168
163
158
158
162
161
160
160
163
164
167
166
165
165
168
171
176
177
180
180
178
179
185
192
196
197
196
196
198
199
198
200
204
208
214
220
224
226
228
233
234
232
230
229
227
221
216
210
207
207
206
206
202
200
203
201
192
182
148
113
72
43
13
6
3
4
4
4
3
5
7
4
4
4
5
4
7
18
59
102
137
142
134
121
117
128
144
152
154
152
153
157
159
160
157
155
154
151
148
151
154
154
157
160
163
164
163
163
166
168
173
174
176
176
176
178
182
185
188
190
190
191
193
192
191
193
195
201
206
209
211
214
220
227
229
228
226
226
226
221
216
211
208
211
209
206
200
194
197
200
199
197
173
142
101
70
35
14
5
5
7
5
3
5
6
4
4
5
5
4
9
40
88
125
143
139
137
129
126
137
142
148
152
151
151
150
146
143
144
146
149
144
136
141
148
149
154
157
162
163
164
164
165
166
168
170
172
173
175
178
179
179
181
182
182
182
184
183
184
188
192
201
205
203
203
206
214
222
223
222
222
225
226
223
216
211
207
210
203
200
198
195
194
198
199
200
186
162
124
95
61
29
9
9
9
5
2
5
7
4
4
5
5
4
21
69
118
133
135
130
131
130
130
138
141
146
148
146
147
144
137
132
136
143
148
142
132
133
141
146
144
151
155
157
159
161
161
163
166
167
168
171
175
179
180
178
177
177
178
178
178
178
182
186
190
197
200
199
197
202
211
211
209
208
212
216
216
214
210
206
203
202
201
198
194
192
195
198
200
197
191
180
150
123
92
43
12
8
10
3
4
6
6
4
3
5
5
4
44
88
121
130
128
122
122
124
128
137
144
145
141
137
138
135
129
124
126
133
140
138
133
133
137
139
142
144
145
148
154
158
158
157
161
163
164
167
172
177
177
176
176
177
178
176
174
177
181
186
189
191
193
196
197
199
205
204
194
197
202
203
202
202
201
198
199
198
198
197
195
194
196
199
200
200
200
195
171
146
116
71
23
9
9
6
7
7
7
3
2
5
5
3
63
97
113
115
112
108
110
116
124
133
138
137
132
127
126
122
118
117
116
121
126
129
130
132
132
131
138
140
140
142
147
151
154
154
156
157
158
159
166
173
173
171
172
174
174
172
170
173
177
180
183
186
186
187
186
189
195
194
184
185
190
195
197
197
197
195
195
195
195
196
195
194
195
197
195
196
198
198
183
164
139
102
51
18
6
4
4
3
7
4
3
5
5
3
70
91
93
92
93
95
100
108
119
126
129
127
125
121
114
104
100
102
108
112
113
114
118
122
127
132
135
138
137
137
140
144
147
149
151
151
150
149
155
164
166
163
166
169
169
166
167
169
172
172
173
180
181
177
172
176
184
184
179
173
177
190
197
195
193
192
191
192
193
193
192
191
192
193
192
192
195
197
187
175
155
128
85
33
6
4
5
3
8
5
3
6
5
3
69
83
80
78
82
86
92
101
113
118
117
113
111
113
105
91
86
91
100
105
106
104
105
108
118
129
128
129
128
127
131
136
140
142
146
145
140
138
143
152
156
153
154
156
158
157
158
163
166
167
166
171
173
171
165
164
172
175
173
166
170
183
192
192
189
187
186
188
189
188
188
188
188
190
189
190
192
196
191
181
164
144
112
50
11
7
9
4
8
6
3
5
5
3
63
74
76
75
76
79
83
91
104
110
108
101
98
102
100
87
82
86
89
95
98
101
105
105
105
110
116
120
122
120
122
126
132
138
142
140
135
132
135
143
147
146
144
147
147
148
152
158
163
166
164
163
163
167
163
156
160
164
165
165
169
174
179
183
183
180
181
184
186
186
186
188
190
191
189
189
189
190
190
184
172
160
133
74
24
8
6
3
9
8
2
5
5
3
52
63
69
71
72
73
76
84
94
103
104
98
95
96
94
87
80
80
84
88
91
98
105
104
97
97
108
115
119
116
113
115
122
131
135
134
129
126
128
133
136
137
138
141
145
147
147
151
156
161
158
156
156
159
156
150
153
154
155
158
160
160
163
171
176
175
179
180
182
183
186
189
191
190
191
190
188
188
190
190
182
175
155
109
49
14
6
1
7
8
3
5
5
3
44
53
57
65
70
71
75
82
90
99
96
97
94
93
91
87
82
81
85
88
88
91
96
96
97
104
107
112
113
110
108
109
113
119
127
126
123
120
121
124
126
126
129
133
138
139
138
137
140
146
145
149
149
148
145
147
152
151
153
152
153
153
157
166
174
176
178
178
178
180
185
189
189
187
186
188
189
189
194
194
186
180
171
138
76
27
11
4
6
5
4
6
5
3
37
44
51
61
69
73
77
83
90
96
94
95
94
90
89
88
85
81
82
83
85
87
88
91
98
103
106
105
105
104
101
97
99
107
114
118
117
113
113
117
117
118
121
121
127
132
130
129
131
132
135
141
146
146
145
147
151
154
156
155
153
156
160
164
172
175
174
175
174
174
176
181
185
185
186
185
189
194
194
191
189
187
185
158
100
44
16
9
8
4
5
6
6
5
36
42
52
61
71
76
79
83
90
94
94
94
93
89
89
86
83
81
82
84
84
83
84
90
97
101
99
97
95
96
95
89
87
92
103
105
108
110
113
113
114
116
120
119
123
127
130
131
132
132
134
139
143
145
145
147
150
152
156
156
156
160
163
164
168
169
171
172
171
169
172
178
184
187
187
185
187
191
192
190
189
188
191
170
119
54
15
8
10
9
6
7
6
5
38
44
54
64
73
78
80
84
89
93
92
93
91
89
88
87
85
83
84
86
84
81
82
88
95
97
93
89
86
89
90
84
81
84
91
92
98
107
111
108
110
116
121
120
118
120
127
132
133
133
136
139
142
144
145
148
150
152
155
156
156
161
163
162
163
163
165
167
166
166
168
176
183
189
187
184
184
187
187
188
190
192
187
173
138
74
23
8
7
8
6
7
7
5
40
48
57
65
74
78
80
84
89
92
91
93
92
91
90
90
89
86
85
86
86
84
83
85
89
92
86
81
76
78
80
78
78
83
85
86
94
104
107
107
113
119
122
124
122
125
135
141
139
137
138
140
143
146
147
149
151
154
158
157
156
160
162
160
162
163
163
165
167
167
168
174
181
185
184
182
182
183
183
185
191
194
186
178
160
104
43
14
5
6
7
7
7
5
38
48
57
64
71
74
78
84
90
93
92
93
94
93
92
93
90
87
85
85
86
85
83
81
84
88
85
80
74
73
74
73
77
85
87
90
98
104
104
108
117
122
124
129
132
137
146
150
145
141
138
141
146
150
152
151
153
157
163
161
159
162
163
162
164
164
167
168
169
169
169
171
174
177
179
180
183
183
182
183
188
191
190
187
180
129
60
20
5
5
7
7
6
5
37
48
58
63
68
72
77
85
91
95
95
95
95
95
94
94
91
87
85
84
84
85
83
80
82
87
88
85
80
76
76
76
81
88
95
101
109
109
106
114
125
128
131
136
139
140
143
144
141
139
136
140
148
155
156
154
155
159
166
165
163
165
167
165
166
164
166
166
167
167
167
167
169
171
174
178
183
185
182
183
186
187
184
190
192
149
81
32
10
5
6
6
5
5
38
50
61
65
69
73
79
87
93
96
97
97
97
95
97
95
92
88
86
84
84
85
85
84
84
86
87
85
80
76
77
81
87
93
103
112
121
118
112
120
133
136
140
141
142
139
133
133
136
138
138
141
149
155
157
155
157
163
168
170
170
172
174
174
174
170
167
164
162
162
163
167
169
171
173
175
178
180
179
181
184
184
179
185
194
173
113
52
18
7
6
5
4
5
39
52
65
68
72
75
81
90
94
96
99
98
97
96
97
96
93
89
85
84
84
85
87
87
86
83
86
85
79
75
80
88
96
101
108
117
127
125
116
124
138
140
142
144
148
145
135
133
138
141
143
144
148
153
155
155
159
166
172
176
176
178
181
183
184
180
172
167
162
160
162
166
171
172
174
172
172
173
175
180
184
185
181
179
187
186
136
63
18
7
6
4
4
5
39
56
66
72
75
78
83
89
95
98
99
99
97
96
97
96
93
90
88
85
82
82
85
86
84
82
85
86
83
81
88
98
104
106
115
127
132
130
128
133
143
147
149
152
156
155
149
143
142
142
141
140
142
151
155
159
165
172
179
185
184
181
182
187
187
187
179
174
168
167
170
171
171
172
172
171
169
169
171
172
178
187
187
172
179
177
127
59
16
5
7
5
6
6
41
59
69
75
80
83
88
92
96
98
99
99
97
96
95
95
93
92
89
88
86
85
86
86
84
84
86
87
85
85
94
105
111
113
119
130
135
136
137
143
155
159
162
163
166
169
165
157
150
147
145
145
148
155
162
167
173
178
183
187
186
183
182
184
186
187
185
182
178
176
177
175
173
175
176
174
170
168
169
170
176
185
181
169
177
172
120
53
15
5
6
5
5
4
45
62
73
80
86
88
93
96
98
100
99
98
97
95
94
93
94
94
92
92
91
90
89
87
86
86
87
88
86
88
98
110
117
120
126
137
142
146
150
158
169
174
177
174
176
181
181
172
163
159
158
157
157
162
169
175
179
181
184
186
185
183
181
182
185
189
191
192
188
184
179
175
174
175
177
174
170
169
170
172
176
183
176
168
177
173
123
58
21
7
6
5
5
5
48
66
77
84
90
92
96
99
100
101
100
98
98
97
96
95
95
96
95
95
95
93
90
88
88
88
88
88
86
89
99
111
118
123
132
141
146
151
155
162
173
177
178
174
174
179
180
175
172
173
173
169
167
170
175
178
180
180
181
182
181
180
181
184
188
194
194
195
194
190
186
182
181
182
182
179
175
174
174
172
172
177
174
165
173
176
132
69
26
5
7
6
5
5
50
68
80
87
92
94
97
99
101
103
101
100
101
100
100
98
97
97
98
98
96
93
90
88
88
88
88
88
87
89
98
109
118
124
131
138
143
147
150
155
163
167
168
165
167
172
172
171
173
179
178
173
170
175
178
176
174
173
173
176
178
178
182
189
195
200
204
207
207
201
198
193
190
187
186
182
179
178
177
173
171
174
173
164
170
177
142
79
32
7
7
6
5
4
53
71
82
89
94
96
98
99
101
103
101
101
103
104
103
101
99
100
100
99
96
92
89
87
86
87
88
88
88
91
99
107
116
122
127
131
134
139
143
147
153
154
159
162
166
170
172
172
174
177
178
173
172
175
177
173
168
167
169
175
179
184
194
201
207
210
217
221
220
215
212
208
202
198
189
187
182
179
178
173
171
173
174
167
166
173
147
88
39
12
7
7
6
5
55
74
84
92
97
98
100
100
100
102
101
101
104
105
103
101
101
103
101
100
97
92
87
86
87
88
89
89
89
92
99
104
109
113
117
118
119
126
133
138
144
144
150
153
157
162
168
172
170
166
166
163
162
164
168
167
165
163
166
173
183
194
203
206
210
215
214
218
218
214
214
214
210
207
196
192
187
183
179
173
169
171
175
168
157
162
148
97
46
13
7
8
7
6
57
76
86
93
99
101
102
101
100
101
100
101
103
105
103
100
101
104
104
102
98
91
87
85
87
90
89
88
89
92
97
100
101
104
105
104
103
112
123
130
135
135
137
139
140
145
156
164
160
150
142
141
140
142
148
155
157
157
158
165
178
191
197
196
195
200
204
206
203
196
196
199
198
196
192
188
185
184
183
179
176
178
180
172
154
157
152
109
54
16
6
6
7
7
62
78
88
98
103
106
108
105
103
101
98
104
105
103
102
101
101
106
105
102
98
91
85
83
85
87
87
87
96
104
105
108
108
102
101
99
100
109
121
130
133
133
132
131
130
133
143
155
151
135
124
121
117
117
124
135
141
142
142
146
149
150
151
147
151
161
170
177
175
166
165
167
167
166
166
173
178
186
188
183
183
177
179
179
160
155
153
116
58
14
9
10
11
7
66
82
92
101
106
109
110
107
106
105
107
112
110
106
104
102
103
106
106
103
94
87
84
85
84
82
85
90
106
119
122
121
120
117
110
107
106
110
118
124
126
126
126
124
122
123
130
142
141
128
113
109
103
101
106
113
114
114
111
106
97
88
84
81
87
97
111
121
126
128
136
141
136
130
133
148
161
178
188
188
188
180
178
178
159
156
156
121
64
20
8
11
8
5
69
84
95
104
106
109
110
109
111
111
114
118
116
111
107
104
101
102
101
98
91
85
80
81
82
83
86
98
118
135
142
140
135
132
117
117
116
114
111
109
108
108
112
111
108
106
112
124
126
118
106
102
96
93
94
95
92
88
73
62
49
39
36
32
32
35
48
60
71
84
103
114
109
99
93
110
127
152
173
185
191
184
183
187
165
155
163
144
83
23
10
12
7
9
69
85
96
102
104
106
108
110
114
116
116
117
118
116
111
103
98
96
95
93
88
82
77
78
87
98
108
117
123
126
126
123
119
119
118
118
117
116
114
110
104
101
97
98
96
93
96
105
108
103
97
95
92
90
88
82
75
69
57
45
31
26
25
23
19
18
17
23
29
40
59
75
77
69
67
79
93
113
140
165
182
184
180
188
166
151
168
168
111
39
8
12
4
11
73
87
97
101
100
102
105
109
115
117
116
114
116
119
113
103
95
93
90
89
82
76
76
84
96
104
107
104
97
87
79
75
82
93
106
97
89
90
96
98
93
86
80
86
88
87
89
93
92
88
85
85
85
85
82
75
67
60
59
53
47
46
42
36
29
25
21
21
20
21
30
41
45
41
49
58
66
76
95
123
152
168
184
192
173
152
164
163
107
39
7
13
9
11
78
91
100
103
101
102
107
111
116
117
117
113
115
118
112
102
95
93
89
87
82
76
82
93
94
85
65
61
61
57
45
35
44
61
69
57
44
42
50
59
59
57
64
74
82
85
89
90
85
81
77
80
84
85
83
79
74
69
65
65
69
67
59
48
41
37
38
39
41
43
42
44
43
38
43
51
58
60
65
86
121
148
178
193
183
162
166
163
105
37
5
11
14
9
84
92
100
104
104
104
109
111
115
116
117
114
116
117
111
105
100
95
92
90
82
77
78
80
68
55
36
35
40
42
30
18
19
26
31
26
22
23
29
39
48
51
60
70
79
83
90
90
85
82
78
80
81
81
81
81
79
75
71
68
68
64
57
52
50
48
48
48
53
57
54
52
52
50
52
58
65
63
61
74
107
139
168
187
183
163
162
154
101
42
26
13
12
5
89
95
97
103
104
105
108
110
112
113
115
115
118
117
111
108
104
95
92
84
74
65
57
46
35
27
24
23
27
29
21
18
21
20
19
21
26
33
40
49
57
61
65
74
80
82
88
89
85
83
82
82
80
77
76
77
76
72
69
63
61
61
57
56
54
48
51
46
45
46
43
44
51
55
59
61
66
65
61
71
102
134
169
183
185
173
169
159
124
89
76
36
19
7
95
94
97
100
104
107
109
110
110
110
115
115
116
114
110
107
100
92
83
74
58
49
37
29
25
31
37
44
38
36
41
46
47
41
38
38
40
47
53
60
67
72
76
76
80
85
87
87
84
79
78
79
77
76
73
76
79
72
66
61
53
50
47
41
37
36
36
32
31
33
33
37
44
52
53
58
64
64
65
77
106
137
164
187
187
176
175
172
163
155
151
86
18
13
97
96
98
101
105
108
111
112
112
113
113
113
114
110
107
104
96
84
74
58
44
42
34
37
44
49
57
62
62
64
66
64
59
56
50
48
48
48
52
56
62
67
70
74
80
84
86
86
84
82
85
84
81
78
74
70
69
62
52
48
38
33
29
22
21
21
21
19
21
24
23
25
31
36
41
47
60
71
76
85
105
133
161
187
191
180
172
178
195
210
199
126
29
14
90
90
99
102
107
110
113
114
116
118
117
114
111
108
108
105
91
73
56
42
42
50
50
64
76
75
82
77
73
70
66
56
46
47
41
38
36
35
35
41
48
55
62
69
76
82
85
83
82
87
95
103
102
89
74
68
63
51
41
38
29
24
19
17
19
18
16
13
13
14
14
15
21
26
30
37
55
68
71
76
101
137
168
187
189
175
170
184
207
218
207
149
34
13
90
94
97
100
102
106
109
112
116
119
120
117
114
111
108
101
85
67
52
46
56
74
78
91
98
92
79
60
46
37
34
28
18
20
17
16
16
16
18
22
31
37
49
58
68
76
81
79
85
100
132
157
156
122
85
66
53
37
36
33
25
21
20
23
27
24
17
12
10
10
10
13
16
19
22
31
51
65
69
75
100
134
168
190
194
175
165
181
200
201
179
151
37
13
88
93
94
95
96
98
101
105
112
117
118
119
120
116
105
91
79
71
68
68
77
93
97
99
88
76
58
38
23
14
13
14
8
6
9
11
13
14
13
16
23
28
35
48
60
70
73
77
99
130
163
194
201
166
111
70
51
39
35
29
20
17
20
28
35
31
20
14
10
11
13
16
18
18
19
25
42
55
66
81
108
139
175
193
194
175
166
179
189
180
158
144
34
10
89
96
94
95
95
94
97
102
110
117
117
119
121
117
105
91
84
81
86
89
95
106
101
85
57
38
33
31
28
20
13
12
11
9
11
15
19
20
16
16
20
24
27
41
57
65
69
84
123
165
202
224
233
210
151
85
49
39
33
24
15
13
16
26
36
34
25
18
14
14
17
22
26
27
22
23
30
47
76
110
142
168
180
190
189
178
176
182
177
157
146
128
26
6
88
101
99
99
98
96
97
101
108
115
118
117
117
113
106
100
97
95
96
97
101
101
82
59
34
22
22
30
37
31
17
13
16
13
14
19
24
22
17
17
20
23
26
38
53
62
72
99
145
184
213
229
237
228
185
118
63
38
30
21
15
15
15
23
34
33
30
26
24
24
27
35
45
52
55
66
77
80
84
99
119
140
162
183
192
187
182
178
164
142
137
119
31
10
87
102
103
102
100
97
96
99
105
111
114
115
114
109
104
104
106
106
101
97
94
82
52
35
31
31
34
42
41
36
25
19
21
14
17
22
25
22
17
17
20
24
28
37
50
60
76
111
156
186
212
232
241
238
215
162
98
51
34
28
25
23
21
26
36
34
37
38
41
44
47
56
69
77
85
88
97
107
120
130
130
132
148
179
194
186
179
169
148
120
131
119
44
19
80
101
101
101
99
96
94
95
101
105
110
113
115
113
110
108
110
112
103
92
86
65
40
39
51
59
64
60
51
45
42
36
27
26
25
28
28
24
21
21
24
29
31
41
51
61
87
123
159
185
209
233
243
244
228
194
137
72
42
32
35
29
25
31
34
39
45
50
55
62
71
78
83
86
86
88
107
132
148
161
167
161
165
177
186
184
173
156
136
115
129
131
65
19
78
93
96
97
96
94
92
94
99
105
111
114
117
117
120
122
117
110
100
85
77
68
61
68
80
91
94
89
77
69
67
61
49
42
37
38
35
29
27
28
32
38
46
50
57
68
97
132
162
186
208
235
245
244
234
216
170
107
58
40
38
34
30
32
33
40
48
53
60
68
73
74
73
77
84
104
131
154
170
180
183
183
182
187
188
184
170
155
143
123
125
136
84
24
85
89
94
95
95
92
90
91
98
104
112
116
118
120
127
131
121
105
89
77
77
83
88
90
91
96
103
102
94
85
81
74
65
58
50
47
38
32
31
36
43
51
58
58
62
79
108
142
166
189
211
233
243
243
234
227
195
141
89
56
41
38
33
32
30
33
38
45
53
58
58
61
73
91
121
148
170
181
188
189
187
190
191
194
192
187
171
166
167
147
129
140
104
34
104
100
101
99
96
90
87
87
95
102
111
116
119
121
126
127
115
99
84
79
83
90
94
87
76
74
79
81
78
73
68
64
57
53
47
41
33
28
34
43
52
58
64
64
70
86
112
138
164
187
210
227
239
241
233
227
212
176
127
80
51
45
43
43
38
34
35
39
43
46
53
73
109
142
178
197
207
207
205
198
190
189
187
192
193
189
174
178
190
173
140
141
118
48
125
118
113
107
98
89
82
81
90
99
109
116
121
121
120
117
109
101
95
90
86
85
84
77
67
67
64
61
58
57
55
51
45
40
37
36
34
39
47
55
60
65
68
70
77
87
103
124
152
182
205
220
234
236
227
222
221
203
167
119
77
59
54
52
49
44
39
42
48
65
98
143
191
222
235
229
218
206
195
189
190
195
186
187
188
187
172
173
190
187
156
144
126
58
137
131
123
115
102
88
77
75
85
97
110
117
122
122
118
113
109
106
102
96
89
84
83
80
72
70
66
61
59
57
50
44
40
37
38
41
46
54
63
66
65
65
65
73
81
85
93
112
142
174
197
220
232
230
220
217
223
217
202
163
117
83
62
56
59
59
62
80
106
140
180
214
233
239
234
218
210
206
196
190
193
196
192
182
183
187
172
161
174
191
176
159
128
61
136
134
129
123
109
92
75
70
81
96
111
115
119
120
119
115
110
106
97
94
95
94
93
89
80
75
71
70
67
62
52
47
47
45
46
50
56
62
64
64
61
63
69
79
86
84
88
105
135
167
186
214
229
229
222
218
225
223
216
195
158
119
93
85
95
107
126
145
171
195
219
237
244
244
237
220
211
210
204
195
194
198
195
182
184
189
173
150
152
179
193
186
137
65
131
133
133
128
116
96
76
68
80
96
111
113
116
117
119
117
109
101
92
91
97
99
96
93
85
82
80
78
75
68
62
62
62
57
56
59
61
63
63
62
64
70
82
91
94
87
87
102
129
157
179
208
225
229
224
215
218
218
213
207
184
153
133
130
148
169
188
201
215
224
233
238
239
240
239
224
215
218
217
205
197
200
194
185
188
189
171
141
131
156
199
209
151
72
119
126
133
135
128
105
83
73
79
97
110
115
118
119
118
116
108
99
91
94
96
96
95
93
91
89
84
81
76
73
72
70
68
68
67
67
67
69
71
70
74
82
94
103
101
92
90
100
126
157
181
203
224
228
225
220
215
210
209
200
181
159
153
166
187
210
219
222
219
226
228
228
223
220
222
218
214
213
214
209
202
198
192
184
187
187
171
140
115
136
192
212
162
79
119
130
136
134
128
111
90
79
84
101
110
118
124
123
119
114
110
107
100
100
101
100
99
99
95
91
86
82
77
75
75
75
75
75
73
73
73
77
82
84
86
91
98
105
101
93
91
100
126
156
181
201
218
227
226
220
211
206
202
197
174
147
140
160
188
213
218
223
217
212
206
204
203
203
209
208
206
209
211
206
200
198
193
183
183
183
171
142
116
133
197
218
168
84
127
131
133
126
123
113
92
80
88
104
114
121
126
125
120
117
115
116
111
108
104
102
103
103
98
95
89
85
81
79
80
81
82
82
82
81
80
82
88
91
93
95
97
101
98
92
90
99
123
152
179
192
208
221
225
220
214
211
205
205
186
148
125
132
150
170
187
199
201
202
196
192
190
188
192
193
196
200
204
201
197
197
193
186
182
182
172
147
122
139
198
218
174
90
131
126
117
110
116
113
91
80
91
110
121
123
124
123
123
124
124
124
118
114
108
106
104
103
99
96
92
90
87
85
84
83
83
83
85
86
85
85
88
89
87
87
89
92
89
86
87
96
118
143
167
176
192
208
217
217
216
219
222
225
211
171
131
112
114
130
148
159
170
186
191
187
178
175
178
180
185
193
198
197
195
198
192
187
179
178
173
157
140
155
195
218
179
97
119
106
95
98
116
119
95
83
94
111
121
120
122
124
128
132
131
129
124
119
115
110
106
103
100
98
94
93
92
90
87
83
82
82
83
87
88
87
86
82
78
77
78
81
83
83
85
92
109
129
144
155
175
196
209
211
214
220
232
234
232
209
167
123
101
104
113
117
124
147
159
159
156
160
165
167
172
181
187
187
188
193
193
188
175
172
172
170
169
182
196
218
183
104
104
88
83
99
127
128
101
85
91
102
112
117
122
126
130
135
134
132
127
123
118
113
109
104
100
98
95
95
95
93
89
85
83
83
88
89
86
80
76
73
73
74
75
79
83
86
90
95
105
115
121
135
158
184
202
208
214
221
228
229
236
232
201
146
99
84
92
91
92
108
119
124
132
143
149
151
157
166
171
173
177
184
189
190
180
173
170
182
199
215
198
217
181
103
88
80
82
108
136
130
101
86
89
95
107
116
125
127
130
135
135
133
130
125
120
117
115
111
106
103
99
98
96
94
92
90
89
90
92
89
80
72
68
67
72
77
81
85
91
97
102
106
107
107
105
116
135
157
179
193
204
213
221
222
226
228
211
165
111
82
86
90
88
94
98
105
113
120
128
133
141
151
157
159
165
175
183
189
182
175
171
191
219
229
204
216
175
96
74
71
86
114
140
128
99
89
93
98
107
119
127
129
130
135
137
135
132
127
122
122
123
118
113
108
105
102
98
95
94
94
95
97
90
85
76
70
69
70
75
81
88
92
100
107
114
116
111
105
99
104
113
127
150
171
189
200
210
215
220
221
212
176
117
79
77
87
86
88
89
98
102
102
108
114
125
137
142
144
152
164
181
185
177
173
174
198
225
227
214
220
175
91
58
72
90
121
143
130
102
89
91
94
102
114
125
129
132
137
138
136
133
129
126
127
128
124
117
113
110
108
103
99
99
99
98
95
87
80
74
72
71
73
82
93
103
110
115
120
128
129
119
109
100
102
101
105
121
141
161
177
191
195
197
205
200
177
117
74
68
76
77
81
92
96
95
94
99
105
116
126
129
130
139
154
172
178
172
174
180
199
221
209
218
230
168
83
53
65
90
123
143
133
110
89
81
83
94
107
121
129
133
137
137
135
135
132
131
131
131
126
120
117
114
110
106
103
100
98
95
91
81
75
72
73
73
76
91
107
124
126
125
124
127
129
123
116
109
108
105
106
113
119
126
136
147
151
155
162
163
145
101
71
64
73
75
77
87
93
93
94
95
99
107
116
121
122
130
144
161
173
173
176
185
202
210
190
217
235
156
70
59
65
83
114
139
139
118
85
69
77
93
107
121
129
134
138
138
136
137
135
137
137
135
129
124
121
117
115
111
107
103
98
91
85
75
72
73
76
75
75
88
104
121
119
109
100
102
110
115
116
117
115
110
110
115
112
102
94
99
98
100
107
117
104
77
62
61
68
70
71
79
88
90
93
95
97
101
107
113
116
123
135
152
165
170
174
187
200
200
186
214
229
149
63
81
79
77
99
130
146
126
86
72
86
102
111
120
127
133
137
139
136
139
140
141
140
138
132
126
122
117
115
111
108
103
95
86
79
72
71
74
76
73
71
78
88
94
89
75
62
64
78
95
106
117
119
114
112
118
113
90
67
52
47
51
71
87
79
61
60
62
65
66
66
71
79
84
91
100
101
101
103
108
112
119
131
149
159
166
169
179
185
182
182
202
205
143
61
109
99
85
94
125
149
132
98
89
98
109
113
118
125
130
137
138
136
140
141
143
142
139
134
127
123
118
115
111
106
98
89
78
72
71
71
71
72
73
74
77
79
79
74
62
51
51
63
82
97
113
118
118
114
112
101
75
54
44
40
49
85
105
94
67
70
65
61
64
64
66
70
76
88
101
104
101
99
104
107
113
126
144
156
164
167
172
168
158
165
192
181
121
51
128
118
103
106
129
145
134
114
105
101
108
110
114
121
128
135
136
134
139
141
144
144
140
135
128
124
120
115
109
101
90
79
72
68
69
71
72
74
78
81
79
74
73
71
66
60
59
62
73
85
98
106
111
109
99
80
64
58
61
54
65
115
143
124
76
65
65
58
63
66
65
64
68
83
97
105
103
98
100
102
107
120
140
155
163
165
168
162
151
154
187
164
89
35
136
131
121
123
134
141
134
121
110
102
105
107
112
119
126
132
134
132
139
141
143
143
140
134
128
123
122
117
107
95
82
71
67
67
70
71
75
80
85
86
80
74
68
66
63
65
63
59
61
69
77
84
91
92
84
69
60
63
68
60
77
135
173
148
88
63
63
57
66
69
65
60
59
70
86
99
103
99
101
100
105
118
139
155
164
167
167
156
149
157
170
130
57
19
138
137
131
135
139
140
134
122
109
105
104
106
110
117
123
128
130
130
138
141
144
143
138
132
126
122
122
116
104
91
77
69
67
70
76
74
76
81
86
86
83
79
72
68
65
69
67
60
58
64
69
73
76
78
79
71
63
63
62
61
85
141
182
153
93
65
62
58
69
71
65
58
52
59
74
92
100
99
100
100
105
119
138
155
166
172
165
145
141
154
146
88
33
8
138
140
139
137
134
134
128
116
110
106
104
104
109
117
122
125
128
130
136
139
142
141
137
131
126
123
120
112
95
79
68
67
69
72
78
77
80
84
85
84
84
83
77
72
71
71
64
59
61
63
63
65
69
71
72
71
68
66
64
74
99
140
171
152
108
74
65
66
70
69
67
61
51
51
66
85
94
99
99
100
105
117
135
151
164
172
163
145
140
140
104
53
19
8
137
137
140
135
127
122
117
109
106
104
104
104
109
117
122
124
127
128
135
138
140
139
135
129
126
124
119
110
91
71
61
61
67
74
80
81
87
91
91
90
87
83
84
80
80
77
68
63
64
62
57
57
57
59
61
65
67
68
73
82
100
127
152
140
109
84
81
76
72
69
71
66
53
49
61
80
92
100
101
101
103
116
134
149
158
165
164
154
137
110
58
27
11
8
136
134
130
124
113
109
107
105
105
103
104
103
110
118
123
124
127
129
134
137
138
137
131
126
123
122
119
106
81
61
57
59
64
72
82
88
96
99
99
98
94
90
87
87
87
82
73
69
69
66
61
60
58
58
62
68
74
76
77
90
106
120
135
126
106
90
94
88
78
71
75
73
59
52
56
75
90
101
104
103
103
116
133
147
153
161
161
152
124
73
19
8
7
7
135
134
126
119
109
105
103
101
101
100
101
103
108
118
124
124
127
129
133
135
136
134
128
123
120
119
112
96
71
56
63
67
70
76
88
98
107
109
107
104
99
96
90
90
90
88
81
79
78
77
69
69
70
68
70
75
79
81
85
103
122
127
131
118
101
90
98
98
87
76
77
76
65
58
54
72
88
99
102
102
102
116
133
145
152
160
155
138
106
50
13
9
10
6
128
136
134
128
117
114
109
103
103
103
99
101
108
117
123
123
126
128
131
133
134
133
128
123
120
118
110
93
69
58
70
74
77
81
94
107
117
119
118
112
106
103
94
90
92
94
90
87
87
87
87
89
90
88
87
89
91
91
94
110
126
123
123
113
99
95
103
108
98
82
78
78
71
61
52
70
85
94
97
97
97
113
131
143
150
160
156
137
98
42
14
12
10
6
101
125
129
130
128
125
116
104
100
98
98
100
107
117
123
123
125
127
127
128
130
130
127
123
120
118
108
90
72
62
73
77
83
88
101
113
122
122
120
112
106
105
97
90
91
97
94
90
90
93
95
96
95
92
91
94
93
90
90
99
107
99
103
104
99
100
104
110
102
88
82
82
76
63
55
71
85
92
94
96
94
109
130
141
148
158
162
143
93
36
9
10
8
8
57
84
105
115
121
120
112
103
100
96
96
99
107
117
123
123
125
127
126
126
126
127
125
122
118
115
99
82
68
61
75
80
90
94
104
109
108
104
104
101
101
106
107
100
102
108
105
100
101
104
107
104
99
97
101
105
103
96
91
98
102
91
97
102
95
90
82
88
89
86
82
81
77
64
55
71
86
93
96
100
94
106
128
139
146
154
159
133
73
23
6
11
10
10
22
37
52
70
81
84
83
86
94
94
93
97
106
116
122
122
124
127
127
126
125
126
124
122
117
113
99
79
65
60
74
78
87
88
89
88
81
78
86
94
105
118
121
116
119
125
122
117
119
121
124
118
110
109
117
124
120
111
111
119
123
109
113
112
90
75
52
60
72
80
77
76
75
64
53
68
85
93
99
102
94
103
127
137
145
149
149
113
48
8
8
15
12
9
7
7
14
24
34
37
36
54
76
94
92
97
101
112
120
120
126
126
127
125
124
122
120
121
117
110
96
79
65
58
67
75
83
83
81
69
54
59
83
104
120
136
147
140
142
144
139
134
138
147
143
132
123
126
137
145
143
136
133
141
144
140
137
130
102
69
32
35
53
68
75
79
73
62
53
70
84
90
101
105
92
100
126
135
142
151
137
88
28
5
17
15
9
5
6
7
3
6
10
8
9
35
66
92
92
95
101
110
117
119
124
126
126
124
120
118
117
118
116
111
98
82
68
61
68
76
81
77
72
51
40
61
101
128
142
152
162
152
151
152
148
144
148
156
155
148
139
137
144
150
148
142
144
149
151
150
151
146
112
70
31
25
36
56
70
77
71
60
59
72
84
88
97
101
89
99
123
133
144
153
132
76
20
8
14
12
8
6
6
8
11
11
11
7
4
29
62
91
91
92
99
106
112
117
119
124
124
121
118
115
115
116
115
111
100
85
71
64
71
77
77
69
57
37
30
58
102
133
148
154
154
135
125
128
126
122
129
139
151
146
136
129
132
138
135
127
121
123
129
135
143
141
111
69
29
19
25
47
66
73
65
55
63
74
83
87
95
95
81
92
121
131
141
153
134
74
17
5
10
8
6
6
9
10
6
9
13
10
4
22
54
83
89
90
98
104
110
115
115
119
118
117
116
115
115
116
114
109
100
85
72
64
72
76
73
61
41
24
20
39
71
100
115
117
118
91
69
67
60
51
54
65
82
77
68
62
66
71
67
60
58
60
69
80
87
89
70
42
17
14
26
49
69
75
67
59
60
71
84
90
95
91
77
90
121
131
135
148
133
77
19
3
7
7
6
7
9
9
4
8
13
12
3
17
46
81
91
92
101
106
111
114
113
116
116
115
116
115
114
115
113
109
99
85
71
63
69
73
69
56
39
20
11
16
30
48
55
53
61
46
29
28
18
13
16
24
22
19
14
14
17
21
22
21
22
21
27
34
34
33
26
14
8
15
32
51
68
72
62
55
57
70
86
94
96
89
76
93
125
132
134
146
128
68
19
8
8
8
7
8
5
5
5
9
10
8
3
9
33
70
92
94
102
109
112
113
113
115
117
115
114
113
111
112
112
110
101
87
73
62
65
68
68
60
45
23
9
9
10
14
19
22
41
47
42
40
25
21
21
19
10
9
9
10
11
12
18
24
27
23
23
21
15
12
9
9
14
30
48
60
70
71
59
54
55
71
87
92
91
85
77
99
129
133
136
150
124
58
12
8
7
8
7
7
4
4
4
7
6
7
7
8
23
57
88
93
99
107
111
111
114
115
117
113
112
110
108
110
112
111
105
91
77
63
60
62
69
69
55
35
17
10
8
10
18
25
40
57
60
60
45
39
33
22
14
12
13
14
15
17
23
30
34
35
31
21
13
7
7
11
20
41
59
66
69
64
53
52
55
71
85
87
84
79
77
103
132
132
136
150
118
49
8
6
5
8
9
6
5
5
9
10
5
6
9
8
14
45
83
89
93
103
108
108
115
116
115
112
110
109
107
109
111
111
105
92
78
62
56
58
69
75
75
54
27
10
8
11
19
23
42
57
59
66
52
44
32
19
19
16
14
16
20
25
30
35
41
48
42
28
17
10
8
15
35
58
77
78
73
62
51
54
57
72
84
85
80
76
76
105
131
133
135
143
104
42
9
9
5
10
10
6
6
6
8
11
6
8
15
6
11
39
77
87
94
98
104
108
112
113
113
112
109
106
107
107
109
111
104
95
78
60
52
55
68
79
84
76
46
17
12
12
15
24
38
43
57
77
69
52
40
34
22
19
20
25
26
27
34
44
53
58
51
34
19
9
13
28
50
74
83
79
75
61
48
47
56
72
84
85
82
74
83
111
127
136
137
136
96
29
5
12
4
8
10
8
6
5
7
10
6
8
15
6
10
35
71
85
93
96
101
106
110
109
109
111
110
109
109
109
109
110
106
95
77
57
49
53
66
77
92
92
71
39
20
14
20
36
50
44
56
84
83
67
60
62
42
33
30
37
43
46
54
65
75
76
64
45
29
21
30
47
73
86
88
81
76
62
48
46
56
73
86
86
82
78
89
114
128
134
137
128
82
22
6
16
6
8
10
8
5
5
6
9
5
8
14
6
8
28
63
84
93
95
98
105
107
104
104
109
111
110
110
110
108
107
106
97
77
58
50
54
65
75
93
102
92
65
39
26
34
56
77
74
90
120
117
101
101
112
92
80
75
82
89
91
96
104
105
101
87
70
54
46
53
70
87
92
90
83
77
64
48
42
55
74
87
84
78
78
95
118
126
130
136
118
66
17
5
14
7
8
9
7
6
6
7
8
5
8
13
6
7
22
54
83
94
94
94
101
104
101
101
108
111
109
108
106
105
104
106
99
80
60
53
56
66
76
90
102
102
85
65
50
54
70
88
96
120
147
142
129
133
144
132
124
120
121
122
120
118
118
113
109
100
92
85
79
82
93
95
93
88
78
70
60
47
40
57
78
88
81
71
76
100
122
126
126
131
105
51
13
5
9
7
7
8
6
5
6
6
7
5
7
11
7
8
17
46
82
93
93
90
96
100
98
99
108
111
105
101
99
101
103
105
102
83
62
54
57
66
76
91
102
107
102
88
72
65
70
86
95
115
136
129
119
118
120
121
122
119
113
108
105
103
99
96
89
85
90
94
94
96
102
101
99
95
84
72
62
49
41
61
83
89
78
70
79
106
126
127
126
126
90
37
9
5
8
7
7
7
6
4
4
4
5
4
7
10
8
9
15
40
79
91
92
88
92
96
96
97
105
108
101
94
91
95
102
108
106
86
62
54
56
65
77
88
100
109
111
104
88
74
71
71
74
86
103
100
96
97
98
91
98
98
89
88
97
102
100
106
95
89
92
96
99
102
107
107
103
99
85
71
62
51
49
68
88
87
76
73
85
112
127
126
127
119
78
30
8
5
7
7
7
6
7
4
4
3
4
4
7
9
8
10
12
34
75
86
91
86
89
93
94
94
101
103
97
88
85
91
99
108
108
89
64
54
56
65
77
86
97
108
114
114
105
92
85
81
79
82
90
83
81
84
85
78
88
91
87
96
118
133
134
135
121
107
99
96
98
106
113
116
105
93
75
63
56
53
63
82
96
86
73
80
95
118
129
128
128
107
61
22
8
6
8
7
6
6
6
4
4
3
4
5
7
9
9
9
9
30
71
82
89
85
88
90
92
91
98
100
95
87
83
88
97
104
107
90
65
55
56
65
77
89
99
108
117
123
121
112
105
102
99
95
95
88
90
92
87
79
89
93
94
112
140
158
159
151
137
121
108
100
102
114
125
121
107
98
83
72
61
55
68
97
106
87
74
86
105
125
133
136
128
90
41
12
6
8
9
7
6
6
6
4
4
5
6
6
6
6
7
9
10
29
62
82
87
87
94
89
93
88
91
97
95
90
89
88
92
101
102
91
69
57
56
62
76
90
100
109
115
120
122
120
119
118
114
111
107
103
103
101
94
90
97
97
97
109
131
142
139
138
131
122
111
103
107
121
130
113
105
99
81
64
58
65
87
117
115
90
81
91
112
127
141
142
121
73
26
7
9
12
8
8
7
6
6
4
4
5
6
7
6
5
6
8
8
24
58
82
85
87
93
91
93
89
89
92
94
94
95
91
89
94
97
91
74
62
56
59
71
86
95
104
112
121
123
122
120
118
116
113
109
106
104
102
97
99
95
90
90
96
103
105
104
105
107
111
110
110
112
119
122
108
100
94
79
70
71
81
103
126
120
96
83
94
118
132
143
140
109
58
20
8
5
6
9
7
7
6
6
4
4
6
6
7
6
5
5
6
8
18
54
84
85
87
91
91
91
90
87
90
93
98
99
91
86
89
93
91
80
68
58
57
70
87
92
100
111
121
126
125
123
112
110
107
103
101
96
91
89
93
85
78
78
82
84
84
85
91
92
97
102
104
110
116
118
103
94
85
77
81
94
108
126
134
120
97
88
102
129
139
143
132
91
40
12
9
6
4
9
7
7
6
6
4
4
5
5
6
6
6
6
7
8
15
49
83
83
86
90
92
88
87
86
89
93
98
98
91
87
87
89
91
85
72
61
61
74
82
88
95
102
114
119
119
118
110
109
103
97
95
88
79
78
79
75
70
68
72
77
80
80
87
87
92
97
100
104
110
114
107
96
86
85
102
127
142
154
141
114
95
97
114
134
139
139
119
70
25
9
8
10
8
8
7
6
6
6
4
4
5
5
6
6
6
7
7
8
13
42
76
80
82
88
93
91
87
86
89
92
96
96
91
88
85
85
90
88
79
69
66
74
77
82
89
95
103
108
109
110
110
109
102
96
91
83
74
73
73
73
71
68
67
71
76
78
84
84
94
105
106
102
102
104
114
118
124
134
151
164
162
157
143
109
96
107
123
134
139
138
105
49
16
8
6
9
10
8
7
6
6
6
4
4
6
6
7
7
7
7
7
8
11
35
69
78
78
86
95
97
94
92
93
94
96
97
90
88
84
83
88
91
87
79
72
73
73
79
86
91
97
99
100
104
106
103
98
91
86
79
71
69
71
71
71
69
64
62
66
73
87
79
78
85
94
109
130
147
164
170
173
173
176
174
163
153
134
106
102
117
128
135
145
135
85
33
8
8
5
6
9
9
7
6
6
7
5
5
6
7
7
7
7
7
7
7
8
30
64
81
77
83
92
97
97
95
97
95
95
95
91
89
86
82
85
89
90
87
80
75
71
77
83
88
91
91
91
94
98
96
92
84
78
74
70
65
64
64
65
66
62
58
63
71
75
77
89
110
131
158
182
198
206
209
205
196
185
170
153
138
122
111
113
128
135
142
146
115
59
20
6
7
6
7
6
10
8
6
6
7
5
5
6
7
7
7
7
7
7
7
5
27
63
84
76
79
85
91
91
93
97
95
93
92
92
94
89
82
81
83
88
90
84
77
74
80
86
90
91
89
88
90
90
87
84
77
69
67
65
58
55
57
61
63
65
68
76
84
99
114
141
170
193
211
219
221
220
221
210
197
184
168
147
130
116
116
123
135
141
147
142
88
35
13
5
4
8
11
6
8
8
7
6
7
6
6
5
8
8
7
7
8
8
6
2
22
54
77
77
74
80
82
86
92
93
94
92
92
96
96
91
86
80
78
83
85
82
78
75
81
89
92
88
88
88
84
83
77
75
70
65
64
62
59
55
58
63
65
69
88
115
134
158
182
210
227
234
231
223
217
212
205
197
185
167
156
143
123
114
128
141
146
152
145
123
53
18
10
7
9
9
6
7
8
7
6
6
6
6
5
9
7
7
8
8
7
6
9
8
21
47
71
76
72
76
80
82
89
92
92
90
91
95
95
92
86
80
79
80
82
82
81
82
83
87
92
92
90
87
82
78
71
70
66
64
63
59
58
59
64
72
84
102
131
169
197
218
228
235
234
230
223
216
211
210
201
191
174
151
138
131
121
120
137
149
156
159
143
84
26
10
8
9
13
11
8
7
5
8
8
8
7
6
5
5
7
8
8
9
8
9
10
9
24
48
71
78
74
73
74
75
84
88
88
87
89
94
94
92
88
83
81
80
81
83
86
86
83
82
88
93
93
88
85
81
76
72
68
67
65
62
66
67
81
102
128
157
183
205
222
236
238
234
224
215
207
199
195
193
184
176
162
141
125
122
120
130
145
154
164
163
137
43
12
12
12
13
13
10
10
9
7
7
8
9
8
6
7
4
10
12
11
8
8
15
24
66
79
82
78
74
72
73
69
68
77
82
85
86
89
92
90
90
88
87
86
83
81
83
86
87
84
80
82
90
92
89
89
85
81
76
72
69
66
67
78
94
114
134
153
174
187
195
202
209
212
211
203
194
185
177
173
167
159
153
148
137
125
124
129
142
150
155
167
163
131
22
12
11
10
11
12
11
11
12
12
8
10
10
9
6
6
6
10
10
9
8
14
40
74
115
118
101
77
67
71
75
70
67
74
78
82
86
89
90
85
86
87
90
91
88
84
82
83
87
88
84
80
84
87
87
89
85
84
81
75
70
69
76
92
117
136
147
146
148
152
157
165
173
179
181
177
170
163
159
158
154
148
142
137
131
124
126
135
150
155
154
163
162
128
19
11
13
11
13
16
14
12
12
11
12
13
12
11
4
3
7
13
10
4
11
36
83
128
142
127
102
82
72
73
74
69
70
73
73
79
83
87
87
82
84
86
89
92
92
90
86
82
82
86
85
82
80
82
84
85
85
85
86
80
74
73
81
95
113
129
136
130
123
121
119
120
128
137
142
140
135
132
133
137
139
140
137
133
131
128
132
142
153
153
147
151
157
130
26
9
15
13
15
18
17
14
13
13
13
12
11
12
4
3
13
20
13
7
31
75
119
150
139
110
82
74
72
71
74
75
73
72
72
75
81
84
86
84
84
84
85
88
93
95
91
86
80
81
84
83
80
80
82
82
81
82
87
84
77
77
81
88
101
107
109
105
101
100
97
93
97
104
108
104
99
98
104
113
123
133
134
134
138
139
141
149
147
142
136
142
156
132
30
16
16
15
17
19
17
19
22
23
15
13
12
14
6
6
13
17
11
20
60
109
140
158
128
95
70
70
69
66
72
75
75
73
69
73
78
82
86
87
83
81
79
82
91
98
98
92
83
80
83
85
82
79
81
80
79
80
88
89
85
85
86
87
91
88
87
83
83
85
87
85
89
94
94
88
83
86
98
110
127
138
137
134
140
142
141
144
139
131
129
143
160
133
27
23
27
29
31
27
24
26
28
27
21
17
15
17
8
10
7
7
20
54
105
146
157
152
117
83
67
69
69
63
70
73
74
70
72
73
75
81
83
85
86
83
78
78
86
94
97
96
90
86
83
84
86
84
81
80
79
82
86
89
89
89
89
91
87
79
76
77
77
83
91
93
93
93
90
83
78
86
106
124
141
144
143
135
133
139
137
132
128
120
128
144
165
132
33
38
64
86
98
94
86
80
70
57
43
34
27
23
8
7
9
26
63
107
145
165
164
149
109
73
64
66
68
62
65
70
68
68
73
75
75
77
80
82
84
82
80
79
83
89
91
91
93
92
90
87
85
86
86
85
81
82
86
90
92
91
91
91
86
79
77
79
83
90
96
96
93
90
86
84
88
103
125
143
150
146
143
132
126
125
122
119
122
115
130
155
171
137
57
72
143
179
195
188
182
176
156
129
95
70
46
38
9
6
26
70
122
155
164
164
160
143
115
67
52
57
65
65
62
65
64
68
77
80
76
77
77
80
83
84
84
84
84
84
84
84
91
96
95
90
85
87
89
88
86
86
89
93
96
96
94
94
94
89
88
90
95
101
104
101
94
93
94
101
114
131
146
156
153
140
132
123
112
108
107
110
117
126
150
178
184
157
114
143
209
239
246
238
240
242
231
213
175
141
106
85
12
20
63
120
160
169
162
159
162
152
128
70
39
48
64
66
61
62
65
68
78
82
79
78
77
79
82
81
85
87
88
85
82
81
87
93
94
90
87
88
90
90
89
90
92
97
98
97
97
97
103
103
103
105
109
112
110
107
105
108
117
130
144
152
153
152
137
120
112
107
101
98
101
108
121
141
163
178
184
186
187
226
239
248
250
250
251
254
252
247
235
215
188
163
36
63
106
150
166
161
158
157
159
155
138
83
38
47
64
63
62
63
65
67
75
80
80
80
78
78
78
78
79
83
87
87
86
84
86
90
91
88
88
88
91
94
92
93
95
99
99
98
100
101
107
112
115
116
118
119
118
116
120
125
135
145
151
148
137
128
110
98
97
99
97
97
100
107
125
146
159
170
181
200
216
241
248
246
246
249
248
250
253
246
246
245
240
229
79
111
149
168
164
159
162
160
158
160
152
103
44
42
58
61
64
65
64
64
69
75
78
81
80
80
81
77
75
78
82
85
85
85
85
85
86
85
86
88
92
95
92
95
98
100
102
101
104
107
110
117
121
122
123
122
122
124
130
135
140
141
137
124
108
97
89
85
90
96
100
99
100
107
135
155
169
183
195
210
218
225
241
241
237
232
233
244
253
245
238
237
240
246
134
157
160
159
153
152
157
157
157
160
161
124
60
37
47
57
59
65
64
62
67
72
75
80
81
81
83
79
75
74
76
79
80
81
80
80
81
81
82
85
89
91
91
94
98
102
104
106
108
112
115
120
121
122
124
121
121
125
132
134
133
126
113
100
88
81
81
84
90
96
99
97
98
112
137
158
173
186
195
207
215
219
231
237
230
223
228
242
250
247
237
227
226
236
160
163
161
150
147
149
153
157
156
155
161
137
80
41
39
51
51
62
63
61
66
69
72
78
80
81
80
78
75
73
72
73
75
76
76
77
78
79
80
83
85
85
88
91
96
102
105
107
110
113
115
118
118
119
122
120
120
125
128
126
118
103
88
80
77
77
82
86
90
92
95
93
99
120
143
165
180
189
197
206
213
215
224
230
220
217
229
239
246
254
240
229
225
231
150
155
154
151
152
154
154
157
161
158
160
146
109
52
40
45
45
55
59
63
67
65
69
75
75
80
80
79
76
73
72
72
72
71
74
75
75
77
81
82
82
80
81
86
90
94
98
101
104
108
110
110
111
112
113
113
115
116
119
113
100
86
74
71
74
73
81
87
91
93
91
98
109
126
148
165
178
189
196
200
202
200
213
220
216
218
230
238
248
254
243
229
223
228
147
150
152
148
149
150
153
159
165
167
160
156
128
75
46
37
45
52
60
61
65
64
67
73
74
76
79
80
79
77
75
73
71
70
73
74
74
74
76
80
81
81
82
86
89
90
92
94
97
101
103
104
105
108
109
112
114
115
110
100
89
77
68
70
76
78
85
88
90
93
96
106
119
139
153
167
179
190
195
195
194
188
198
215
220
224
233
241
249
251
245
230
220
222
149
152
146
143
144
148
151
157
162
165
158
161
142
99
53
31
45
50
60
59
64
66
65
69
71
73
74
75
79
80
78
73
71
71
72
73
73
73
75
79
83
84
87
88
89
88
88
88
90
94
97
99
102
105
110
114
116
117
104
93
78
70
67
71
78
82
86
87
89
95
101
114
129
150
165
173
183
193
196
196
192
180
182
207
223
228
236
246
254
253
246
233
222
217
