112
112
109
113
114
114
115
116
119
123
137
142
146
149
156
161
163
166
168
165
161
165
179
198
220
234
246
248
250
251
251
252
253
254
252
252
250
249
251
254
254
253
250
248
245
241
241
238
232
225
217
211
206
202
201
198
197
196
196
195
195
198
203
209
213
214
215
218
219
220
223
228
231
232
234
238
242
238
230
220
195
160
114
84
50
29
20
17
19
24
32
49
72
94
112
112
112
115
118
118
120
123
128
134
139
148
155
161
169
173
172
171
165
167
170
184
203
222
238
247
251
251
252
253
253
252
252
253
253
253
252
251
253
254
253
250
249
246
241
235
232
228
222
214
211
205
200
198
196
193
192
192
187
187
190
194
199
205
208
208
212
215
216
216
218
223
226
227
234
233
236
238
237
236
225
206
174
138
94
62
41
27
24
27
43
67
95
119
111
115
115
119
121
121
128
137
141
139
142
149
162
175
182
181
174
169
166
174
191
211
225
238
248
251
252
250
250
252
254
253
253
254
255
255
254
253
254
255
253
251
248
243
236
230
225
219
212
207
201
196
192
189
187
184
183
184
180
181
184
190
196
198
200
202
204
207
212
215
217
218
221
224
229
233
234
234
238
239
239
238
220
191
154
115
73
43
34
37
59
86
113
132
113
116
118
123
128
132
139
148
150
149
154
163
176
185
183
176
171
171
179
193
214
232
241
249
253
253
253
252
252
253
253
253
253
254
255
255
254
253
253
254
252
249
245
239
232
226
220
212
203
197
191
186
179
175
172
170
172
174
173
174
178
184
189
193
195
196
198
200
204
207
208
210
213
216
219
224
229
231
232
234
237
242
240
226
203
170
125
86
65
59
74
100
127
145
115
119
123
129
136
144
152
158
163
163
169
176
184
184
177
170
174
183
199
219
237
244
249
251
251
249
252
253
253
253
252
252
254
255
254
254
254
253
253
253
250
245
237
231
224
217
210
201
191
184
179
174
168
162
158
157
160
164
164
165
169
174
180
183
185
186
188
190
193
196
197
199
202
205
208
213
217
221
223
225
231
239
242
240
234
214
179
141
112
95
101
119
140
157
118
123
128
135
144
152
158
164
171
176
183
182
179
173
167
170
187
204
227
241
249
249
250
249
246
245
247
250
252
251
250
251
252
253
251
252
252
250
250
248
241
234
222
215
207
201
195
186
177
171
167
165
161
157
153
152
153
157
155
155
157
162
166
169
171
171
174
177
180
183
184
187
189
193
197
200
203
207
212
216
219
224
231
235
239
235
220
197
168
143
136
139
151
164
123
128
135
142
152
160
164
168
174
179
185
178
169
166
169
183
208
228
245
249
249
249
250
248
244
243
243
246
248
250
249
249
248
247
247
247
245
242
239
235
225
214
202
195
186
180
174
167
160
156
155
155
154
151
147
146
148
151
147
146
146
149
152
154
155
156
159
161
165
169
171
173
176
179
183
188
192
195
201
205
206
207
217
225
236
240
236
226
208
189
177
167
166
172
129
134
140
148
158
165
169
169
173
176
174
168
165
171
187
208
229
242
246
244
243
245
248
245
241
239
239
241
243
245
244
244
243
242
242
242
238
232
225
218
205
196
184
175
168
162
158
152
148
146
146
146
145
143
141
141
143
146
140
139
138
140
142
144
144
144
147
150
154
157
158
160
163
166
168
176
182
186
190
193
195
196
205
214
226
229
228
229
229
224
215
198
185
182
135
141
146
152
161
167
170
172
171
171
166
166
174
189
211
233
244
246
243
239
239
240
240
240
237
234
235
235
236
237
236
234
236
238
240
239
233
221
209
199
188
176
166
160
153
150
146
142
141
141
139
140
139
137
136
137
139
140
136
134
134
136
138
139
138
138
141
143
146
148
149
150
154
157
158
164
170
174
176
179
182
186
194
200
208
213
219
230
239
243
235
222
206
193
139
145
151
155
161
165
169
171
171
169
170
175
187
206
229
246
249
246
242
237
236
234
230
230
231
228
229
228
226
227
227
226
229
234
240
240
231
213
196
183
169
158
153
147
142
141
139
137
136
137
133
134
135
134
134
135
135
135
132
130
131
133
136
136
135
134
136
138
142
144
144
145
147
150
153
155
157
162
166
168
170
176
176
178
185
197
211
226
234
236
236
233
223
209
142
147
154
155
158
166
170
167
167
173
182
196
216
231
243
251
249
244
239
236
230
225
222
222
222
222
222
220
219
218
218
217
220
224
231
231
222
203
184
170
158
150
147
143
139
136
135
133
132
132
132
131
131
132
133
133
131
129
128
128
128
129
131
132
131
131
131
132
135
136
138
139
140
142
144
147
150
151
152
154
159
164
163
162
167
183
204
217
222
226
227
231
229
221
142
148
155
157
159
164
166
165
171
179
197
212
232
244
249
249
243
237
233
230
225
220
219
219
219
218
218
214
212
211
211
209
208
209
204
201
190
174
158
149
144
140
141
139
136
133
132
132
132
132
134
132
132
133
134
132
130
129
127
127
128
129
130
131
131
130
130
131
132
134
135
136
137
137
141
142
144
145
145
147
152
156
158
160
165
176
189
200
208
215
220
225
228
228
139
147
153
156
158
161
166
171
182
194
212
227
244
249
247
242
234
227
225
223
220
216
214
214
216
214
215
210
206
206
205
200
193
189
177
172
160
148
140
135
135
136
137
137
135
132
132
133
133
132
134
133
133
133
133
132
129
128
127
127
127
128
130
130
130
129
130
130
131
132
134
134
135
135
136
137
139
139
139
139
143
148
154
158
161
167
176
186
195
204
208
211
216
222
137
145
151
154
156
161
170
183
199
212
231
241
249
248
242
235
228
223
219
218
216
211
209
208
210
211
211
206
203
203
200
190
177
169
159
154
146
141
136
134
134
135
133
135
134
132
132
133
132
131
133
132
132
132
133
131
129
128
127
127
127
128
128
129
129
129
130
131
132
132
132
133
135
135
135
136
137
136
135
136
140
144
148
151
152
155
164
174
183
189
195
197
198
203
136
143
150
151
153
162
179
199
216
228
245
248
248
242
234
228
223
220
216
217
214
209
205
204
205
206
204
200
197
196
191
178
161
152
147
141
137
136
137
135
133
131
128
131
131
130
130
131
130
128
130
129
130
131
131
129
128
127
126
126
125
125
126
127
127
128
128
129
129
130
131
132
133
133
134
135
136
135
134
134
137
140
142
145
147
149
155
163
170
176
182
186
186
189
135
141
145
147
153
170
194
217
233
243
248
247
241
233
227
224
220
217
216
215
213
209
205
203
202
202
196
191
187
184
177
164
151
142
139
136
134
135
136
135
132
129
126
128
129
128
129
130
129
128
129
129
129
130
130
128
127
126
126
125
124
124
124
125
126
127
127
127
127
127
127
128
129
130
132
132
133
132
131
131
133
135
139
145
149
150
151
153
158
165
170
178
181
183
135
140
139
146
161
187
215
234
244
248
248
243
235
227
223
222
221
219
215
213
210
207
205
203
199
196
189
182
173
167
161
152
143
139
135
134
132
132
133
133
132
131
128
128
127
128
129
129
129
128
128
128
128
129
129
127
126
125
125
124
124
123
123
124
125
126
126
127
127
127
127
126
127
128
129
129
129
129
127
127
130
133
138
143
148
149
148
145
147
152
158
168
174
177
137
139
138
150
173
202
230
243
246
248
248
241
230
221
218
218
217
217
210
207
204
202
202
199
193
188
183
173
161
154
148
141
136
135
132
132
132
130
130
130
130
130
129
126
125
126
127
127
126
127
127
126
127
128
128
126
125
124
124
123
123
122
122
123
124
124
124
124
125
126
126
127
128
127
127
128
128
127
127
127
130
133
140
143
147
149
149
143
143
146
152
159
166
169
136
136
138
161
191
220
239
246
247
248
245
238
228
222
219
216
211
207
201
198
197
199
200
197
189
181
174
163
151
142
137
133
131
131
131
130
128
126
126
127
128
129
129
127
126
125
125
125
125
124
126
125
125
125
125
124
124
123
122
123
123
122
122
122
123
124
123
123
123
124
125
126
126
127
125
126
126
126
125
126
128
131
135
139
144
147
146
143
141
139
145
149
156
161
134
134
147
175
208
231
244
247
244
243
239
234
228
222
215
209
203
199
194
193
193
195
196
191
182
174
163
155
145
138
133
130
129
130
130
129
127
125
124
125
125
127
130
128
126
125
125
125
125
125
125
124
124
124
124
124
124
123
123
122
122
121
121
121
121
122
122
122
123
123
125
126
126
127
126
125
125
124
124
124
126
129
130
134
138
141
141
139
137
136
135
138
146
151
130
132
156
189
223
240
247
246
240
237
230
229
227
221
212
203
197
192
188
189
191
193
193
186
175
165
154
147
139
133
129
129
129
130
129
128
127
126
124
125
126
128
129
127
125
124
124
124
124
124
124
124
123
124
124
124
123
123
123
122
121
120
120
120
121
121
122
123
124
125
125
126
126
126
125
126
125
123
122
122
125
128
126
128
131
135
137
136
133
131
128
131
137
144
129
135
166
202
234
242
244
241
235
229
223
225
223
218
210
201
195
192
188
190
192
193
191
183
169
157
147
141
134
130
129
128
129
130
127
127
127
127
128
127
127
127
126
125
124
123
123
124
124
124
124
124
124
124
124
124
124
123
123
122
121
120
121
121
122
122
121
122
123
125
125
125
125
125
124
125
125
123
121
122
124
126
124
124
127
132
135
134
131
129
127
130
135
140
129
140
180
216
241
242
241
238
228
222
221
221
219
213
205
198
193
191
189
192
194
193
189
179
166
153
142
136
129
127
128
128
128
128
125
125
125
126
128
128
125
123
122
123
123
124
125
125
125
124
124
124
124
125
125
125
124
123
123
122
121
121
121
122
122
122
121
122
123
124
124
124
124
123
122
123
123
123
121
120
121
123
120
120
122
128
132
131
129
128
126
131
135
138
131
149
190
225
243
241
239
236
224
217
220
218
214
207
199
193
191
189
192
194
195
192
186
177
164
153
141
134
128
127
128
128
127
128
125
125
125
126
127
126
122
119
120
121
123
124
125
125
124
123
124
124
124
125
125
125
124
123
123
123
122
121
121
120
120
120
121
121
123
123
122
122
123
123
123
123
123
122
121
120
121
121
118
118
120
126
129
128
126
126
128
133
137
137
134
157
197
230
243
238
236
233
222
214
216
214
210
203
195
191
190
190
194
196
195
190
183
175
164
153
142
136
129
127
127
127
126
126
125
125
125
126
126
125
122
121
121
122
124
126
126
125
124
123
122
122
123
124
125
125
124
123
123
123
123
122
121
119
118
118
121
121
122
121
120
120
122
123
125
123
121
120
120
120
120
121
118
118
121
125
127
125
123
123
128
133
137
136
137
162
204
233
243
235
232
229
219
213
210
210
207
201
195
191
192
194
196
196
194
187
180
172
161
153
142
136
130
127
125
124
123
123
124
124
124
124
124
124
124
124
124
126
127
128
128
127
125
124
120
121
122
123
124
124
124
123
123
124
124
123
121
119
118
118
120
120
120
120
118
119
123
124
124
122
119
118
118
119
120
120
120
120
123
127
126
123
121
122
122
129
134
133
142
169
212
237
244
233
227
221
211
205
203
205
205
200
196
194
194
195
195
196
192
183
175
168
160
153
145
137
131
130
128
126
126
125
124
126
126
125
125
128
128
127
128
128
129
129
129
129
127
125
125
124
123
122
122
122
123
123
124
124
124
123
121
120
120
119
120
121
121
121
122
122
123
124
125
123
120
117
117
117
117
117
120
121
122
126
125
122
121
121
123
124
129
131
148
178
215
237
243
229
219
212
203
200
201
203
204
200
197
196
196
195
195
195
189
179
169
162
155
149
143
137
132
131
130
129
129
128
130
132
133
131
131
133
134
133
132
131
129
128
127
127
127
127
126
125
124
123
123
123
124
125
125
125
125
123
122
121
121
121
123
124
124
124
123
123
124
125
124
121
119
118
118
118
117
116
118
120
122
125
125
123
123
123
123
125
128
130
153
186
219
236
240
225
212
202
196
195
197
201
203
199
198
198
197
194
194
193
186
175
163
155
149
144
139
134
132
131
130
130
131
131
133
135
135
134
134
135
134
134
134
132
129
126
124
124
124
125
126
126
125
124
124
124
126
127
126
127
126
125
124
124
125
125
125
125
124
122
121
120
122
123
125
122
120
120
121
122
119
117
118
121
123
124
124
124
124
124
121
122
126
129
157
189
222
234
234
221
206
195
190
192
194
198
199
197
197
199
197
193
195
193
185
171
158
151
145
141
137
133
130
129
128
128
129
129
132
133
135
134
134
133
132
132
132
131
129
126
124
122
122
123
125
126
126
125
124
125
126
127
127
127
126
125
124
124
124
125
126
125
124
121
119
120
122
124
125
123
121
121
122
123
122
121
121
123
123
123
123
124
124
122
119
119
123
128
162
192
219
227
226
215
201
191
186
188
190
193
194
192
195
199
200
196
196
193
183
170
157
148
142
138
137
133
130
128
127
127
128
127
129
130
131
131
130
130
130
130
129
128
127
125
123
123
123
124
125
125
126
125
124
124
125
126
128
128
127
125
123
122
122
122
124
125
124
123
122
122
123
125
126
124
121
121
122
123
123
122
120
121
120
121
122
124
123
121
120
119
122
127
164
192
215
219
217
208
196
186
183
184
186
188
188
187
192
199
202
201
198
193
183
171
158
151
143
139
137
133
129
128
127
129
130
129
130
129
128
128
127
128
130
131
131
130
128
126
124
124
125
125
125
125
125
124
123
123
124
124
125
126
126
125
124
122
121
121
122
124
126
126
124
125
126
127
127
126
124
123
122
121
120
119
116
115
116
117
120
122
122
121
122
120
122
126
164
188
209
211
209
200
188
180
180
182
186
186
185
185
190
197
202
204
199
193
183
173
165
158
152
147
141
135
129
127
126
128
128
125
124
122
119
117
118
120
122
124
124
123
122
121
122
123
124
124
125
124
123
122
121
121
122
122
122
122
122
120
117
114
111
110
111
113
114
115
115
117
121
124
126
125
125
126
125
124
121
118
116
116
116
117
120
120
121
121
124
121
122
123
164
189
203
204
202
193
181
175
177
180
188
186
184
185
189
195
201
203
199
193
184
176
170
166
160
156
147
139
131
126
122
123
120
115
108
104
98
96
97
100
103
107
109
110
112
115
118
121
123
124
124
123
121
119
119
119
120
121
120
119
117
113
107
101
96
93
91
91
91
92
94
98
105
111
118
119
121
126
129
129
125
122
123
121
121
122
121
120
120
123
124
120
120
120
169
189
198
197
191
185
178
173
174
180
185
187
186
186
190
197
203
204
199
192
188
185
177
171
166
158
149
140
127
125
117
107
102
91
84
75
66
64
66
69
75
80
84
91
99
105
111
118
122
124
124
123
120
117
117
119
120
120
118
115
110
102
92
83
76
67
65
64
62
62
64
67
74
83
90
99
105
110
119
120
118
121
122
124
125
125
126
125
122
118
119
121
121
117
170
190
193
190
184
180
176
172
172
176
178
181
183
186
191
200
208
211
213
203
195
191
189
186
179
168
152
137
124
115
99
83
73
64
54
46
39
37
38
40
46
52
62
71
84
94
104
116
123
124
122
120
118
116
117
119
120
119
115
110
101
90
77
65
55
45
37
34
30
30
32
34
42
51
61
70
77
85
97
104
110
117
118
122
124
124
123
123
122
120
118
120
119
114
169
188
190
185
178
175
173
171
169
171
173
177
181
187
195
206
216
221
226
216
208
203
202
200
187
170
152
132
113
94
71
53
42
37
30
26
22
21
22
25
32
38
48
59
73
86
100
114
122
123
120
119
117
116
117
119
120
118
114
109
96
84
70
58
49
38
31
23
19
18
18
17
20
26
32
40
46
53
65
76
85
95
102
111
119
122
123
124
123
120
120
121
120
116
168
186
188
183
177
172
171
168
165
166
172
176
182
190
201
213
223
229
233
229
225
217
208
199
181
161
138
113
90
64
43
33
24
23
20
20
22
24
26
32
38
44
53
64
77
89
101
115
121
121
121
119
117
115
117
119
119
117
115
109
98
87
74
65
59
49
40
31
27
28
26
21
18
18
17
19
20
23
32
43
52
60
72
87
105
118
124
126
124
119
119
120
120
117
164
183
187
182
175
169
166
161
159
162
170
175
183
194
208
221
230
236
234
232
229
219
202
182
156
131
110
86
65
42
29
30
29
29
31
34
39
43
47
54
60
65
69
77
87
95
105
116
122
121
121
119
117
115
116
118
117
115
114
111
99
89
80
75
71
63
51
42
38
41
39
34
27
24
20
17
12
10
14
23
30
34
45
62
86
105
120
127
126
122
119
118
117
117
163
182
186
181
173
165
160
155
155
158
167
174
185
198
215
229
237
237
227
223
220
209
187
157
122
94
74
61
48
36
32
40
46
46
52
55
59
64
69
76
81
84
90
95
100
105
111
117
120
119
120
119
116
114
114
116
115
113
113
111
103
94
87
85
84
77
67
58
56
55
54
51
46
42
38
31
23
17
18
24
27
27
33
45
65
86
105
119
125
125
122
119
117
116
165
184
188
180
168
159
154
151
152
155
167
175
187
202
220
235
237
230
216
206
196
183
160
132
101
78
72
70
67
64
62
66
73
73
75
77
79
82
87
95
101
104
107
108
111
113
115
118
119
119
120
119
116
113
112
113
113
111
112
112
106
100
96
96
98
91
83
75
70
69
64
64
65
61
55
50
44
40
40
40
37
33
36
39
49
64
82
100
114
121
123
121
119
116
170
188
189
178
162
153
150
149
149
151
167
176
189
203
222
235
232
222
201
184
165
149
128
108
92
82
84
87
88
89
82
78
86
86
83
83
83
84
91
100
107
109
115
114
114
115
117
119
120
121
121
120
116
113
111
111
111
110
109
110
107
102
99
100
103
98
89
82
81
76
71
73
77
74
69
65
65
64
63
60
53
45
40
38
39
49
64
83
101
113
118
118
118
115
174
190
189
174
156
149
148
146
146
156
172
182
191
207
226
232
221
205
181
158
140
119
104
99
93
98
100
102
101
96
86
82
84
83
80
76
76
75
80
92
102
109
111
114
114
114
116
119
120
122
123
122
119
115
112
111
111
108
109
108
106
102
96
98
99
98
87
84
81
75
69
73
78
73
67
68
73
77
73
72
71
68
64
59
50
47
54
66
83
96
107
112
117
114
181
195
186
170
154
146
145
142
146
160
177
190
200
213
227
227
207
181
155
133
118
106
102
106
103
105
98
90
80
71
65
65
65
63
60
56
57
58
62
75
85
94
100
106
108
109
112
117
119
122
123
121
120
116
113
113
112
109
107
105
103
98
92
91
90
87
80
74
70
64
59
62
66
62
57
57
64
68
67
70
76
79
79
76
66
56
53
56
64
76
92
103
113
114
188
197
187
167
153
145
141
137
144
164
185
199
209
219
227
220
190
156
130
115
109
107
112
116
107
100
86
71
57
43
42
47
45
45
43
41
43
43
45
54
64
73
84
90
96
101
107
112
117
120
120
119
119
117
115
114
112
108
106
104
99
93
86
84
80
75
67
60
52
46
43
46
48
44
41
42
47
51
51
56
68
77
83
88
82
70
63
58
59
68
77
92
109
115
192
195
186
166
154
144
137
135
145
168
194
208
216
222
227
215
177
137
117
112
115
120
124
120
100
83
69
56
46
33
30
36
32
35
35
36
39
37
35
39
46
58
70
77
86
93
101
107
112
115
116
116
118
118
115
114
111
106
104
101
96
88
80
75
70
64
54
42
35
29
27
30
30
30
29
29
31
34
34
38
49
59
72
85
87
81
74
64
60
66
73
89
109
117
196
195
182
164
153
142
134
137
152
177
203
215
222
227
227
209
167
126
112
113
119
122
117
105
85
67
56
48
42
29
26
29
24
29
34
40
47
44
39
38
43
55
62
69
78
87
97
104
108
109
110
112
117
119
117
114
109
104
100
97
93
84
73
66
60
53
44
32
26
23
22
23
22
24
23
22
24
27
31
34
39
44
59
75
86
89
88
80
73
75
75
89
107
116
202
199
183
163
153
141
134
140
160
188
208
218
225
231
229
201
159
124
116
120
124
117
100
81
63
52
49
45
38
27
26
28
25
30
42
52
59
53
45
40
41
52
58
65
73
82
93
101
103
104
107
109
115
119
117
112
106
100
97
95
91
81
68
60
53
46
38
29
28
28
27
25
21
26
25
25
25
30
39
42
39
38
41
55
73
87
92
89
84
83
82
91
104
114
210
206
188
163
152
141
134
143
166
198
214
221
227
234
225
193
153
125
125
127
124
109
81
58
49
44
48
48
40
30
31
33
37
45
64
76
80
70
58
49
45
52
54
62
70
79
89
96
99
100
104
107
115
120
118
112
105
97
93
91
87
79
68
59
50
42
36
32
37
39
38
30
22
28
30
30
29
37
50
54
47
40
37
43
61
81
92
96
93
89
86
92
103
112
215
212
189
159
149
140
133
144
169
206
221
225
230
235
220
184
146
125
130
128
118
96
65
45
45
49
50
54
46
38
37
40
49
60
71
82
86
72
58
47
39
44
52
60
68
77
86
92
95
98
104
107
115
121
119
113
104
97
89
87
85
77
68
60
50
41
36
34
44
48
45
35
24
31
33
34
34
42
58
64
56
47
31
32
49
74
89
96
99
93
88
94
102
111
214
207
186
160
148
141
132
142
176
214
226
231
234
235
214
169
146
128
135
126
107
82
58
49
54
60
63
61
57
53
50
48
52
60
71
76
77
66
52
43
41
40
50
57
66
74
81
86
92
99
108
116
121
124
122
115
107
97
89
83
79
76
69
59
50
43
41
35
45
53
50
38
31
38
42
43
39
45
64
70
64
52
35
30
39
61
81
92
99
99
96
99
103
109
213
204
181
162
154
144
134
148
183
220
233
238
236
230
206
164
143
127
127
117
99
78
63
63
75
84
93
93
92
91
87
80
78
80
83
85
82
71
58
50
48
50
55
59
64
69
76
84
92
100
114
123
128
130
128
119
110
98
88
82
77
74
67
60
52
46
42
38
45
53
53
49
45
52
55
52
47
50
67
72
70
60
44
37
40
56
72
87
97
101
102
103
106
110
207
199
183
170
163
149
139
154
190
224
239
243
237
223
195
157
139
126
116
106
91
77
70
80
98
109
114
113
113
114
110
104
99
97
97
94
87
77
66
59
60
62
64
66
67
70
78
86
99
110
122
131
135
136
132
124
115
102
90
83
77
73
68
62
57
52
49
46
51
56
62
66
68
75
75
73
67
67
79
82
83
76
63
53
46
51
62
79
94
101
105
107
109
113
199
197
183
171
166
152
143
161
196
228
240
243
236
215
184
149
134
123
108
101
92
85
84
95
111
122
128
125
123
124
122
118
114
112
102
95
87
78
69
64
66
70
69
71
72
74
81
92
104
116
131
139
141
140
135
128
118
106
96
87
81
77
72
68
63
60
59
56
56
59
68
78
86
91
91
92
91
90
96
97
98
93
84
74
63
58
63
76
90
99
102
106
112
117
194
192
173
160
157
150
149
171
204
233
240
242
231
205
173
141
130
121
108
107
106
103
102
108
118
123
123
119
120
120
117
112
109
103
98
90
81
75
70
67
68
72
73
76
77
80
87
98
113
125
137
144
144
140
136
129
122
110
102
94
87
83
79
74
71
68
65
64
58
58
65
78
89
91
93
99
104
105
107
105
109
105
101
94
81
73
73
79
88
96
99
105
114
121
196
183
165
149
146
147
154
181
211
235
240
240
227
198
165
135
125
119
112
115
120
120
117
116
118
119
117
113
113
112
107
104
101
97
93
87
80
77
75
73
73
75
78
81
82
85
93
105
120
133
141
145
142
140
135
130
124
115
105
98
93
88
83
79
75
70
69
69
60
56
61
73
84
83
85
92
101
103
104
101
109
106
105
101
95
89
87
88
91
96
99
105
114
122
199
181
165
146
141
143
157
189
217
236
241
238
225
196
164
136
125
119
114
119
125
126
121
118
116
115
111
107
106
104
97
96
97
95
89
86
83
82
82
82
82
82
82
84
85
89
98
111
124
136
145
144
140
138
135
130
123
117
108
101
97
93
88
83
78
75
74
76
67
62
65
74
83
80
80
86
95
98
98
96
103
101
98
101
101
100
100
97
96
101
105
108
113
118
199
189
168
147
138
139
157
193
222
238
241
239
227
200
169
141
129
122
116
121
125
125
119
115
113
110
103
100
101
99
91
89
91
88
87
86
85
86
88
88
88
87
88
89
90
96
106
118
130
139
146
143
138
137
134
128
123
116
111
106
102
99
93
87
83
79
79
81
73
69
71
80
87
83
82
86
94
97
96
94
99
96
95
99
104
108
111
105
103
107
112
112
112
115
184
187
168
144
130
136
162
196
221
240
243
241
231
208
176
150
135
129
127
129
129
124
120
118
116
113
106
100
95
92
89
88
89
89
88
87
87
89
93
95
93
90
92
97
100
104
113
125
136
140
144
142
141
140
136
130
124
118
113
110
107
102
96
91
88
86
84
85
81
75
77
87
91
88
88
91
96
99
99
98
97
97
98
101
108
112
112
109
108
109
113
113
111
113
166
170
157
143
140
153
176
201
219
233
240
242
235
210
179
156
142
134
133
136
136
133
130
127
123
119
112
106
100
95
91
90
91
91
90
90
91
94
97
99
96
93
98
103
107
111
119
131
139
142
143
140
139
139
136
131
125
119
117
113
110
106
100
96
93
90
88
89
88
82
83
90
92
91
90
92
96
99
101
102
104
105
107
109
112
114
113
111
109
109
113
113
113
116
157
157
149
145
157
180
200
211
217
223
236
239
232
206
176
157
145
137
139
141
143
141
138
134
130
125
119
113
108
103
99
97
95
94
94
95
96
99
104
106
104
100
107
111
114
116
124
135
142
143
143
138
136
136
135
132
128
122
117
112
109
107
104
101
98
95
98
99
97
93
91
93
94
92
91
93
95
98
101
105
109
113
117
118
118
118
117
117
115
113
114
113
114
118
163
160
154
150
161
185
205
212
218
225
232
231
220
193
166
150
143
136
143
147
149
147
144
139
134
129
126
121
116
114
109
105
103
101
100
101
102
105
109
112
112
111
118
122
122
123
130
140
146
145
143
138
134
133
134
134
130
124
118
113
111
111
112
112
111
106
107
106
104
102
101
100
98
97
95
97
99
99
102
107
113
118
124
126
125
122
121
122
120
117
115
115
115
119
170
167
159
152
160
183
207
213
222
228
228
217
200
176
154
143
142
141
147
151
155
155
151
145
140
135
130
126
123
121
117
114
113
110
109
110
111
114
117
119
120
119
122
125
126
126
133
141
144
141
139
133
131
132
135
136
131
124
115
110
109
111
115
117
117
114
109
108
109
109
110
110
108
107
107
108
109
109
110
113
119
123
126
130
130
127
124
124
122
117
116
116
117
121
170
166
156
152
162
186
210
215
224
228
224
207
184
162
146
140
144
148
151
155
161
161
156
150
143
138
133
129
126
124
120
119
120
120
118
119
121
123
124
125
125
124
122
124
126
128
135
140
140
135
131
127
127
131
137
138
132
123
111
105
105
108
111
115
115
112
111
112
114
117
118
117
116
115
116
117
117
116
116
118
122
125
129
133
135
132
129
126
123
119
116
116
119
124
162
159
154
152
163
182
204
207
222
228
218
200
176
155
145
145
153
160
163
163
163
161
155
148
139
135
132
129
127
124
121
120
122
123
122
122
123
122
123
123
124
125
124
124
126
131
138
141
138
135
127
124
125
130
136
138
132
123
114
107
105
106
109
112
111
106
110
114
118
121
121
120
119
118
120
121
121
120
119
120
124
127
130
135
139
138
135
132
128
124
120
118
118
123
155
155
152
155
171
187
205
204
218
224
212
194
172
154
148
155
166
173
174
171
164
158
152
143
136
132
129
127
126
127
123
121
120
121
120
120
118
116
116
118
121
123
123
121
123
128
135
138
136
134
126
124
123
128
133
137
133
125
116
110
105
106
107
108
106
101
104
111
118
121
120
120
120
120
122
123
123
122
120
121
125
128
130
135
139
141
140
138
134
129
126
121
119
122
151
151
152
160
178
194
207
204
214
222
205
185
166
154
155
162
177
183
183
175
162
152
145
138
133
130
128
127
126
123
122
121
120
120
116
114
110
107
108
110
115
120
125
124
125
127
129
130
130
131
124
123
123
125
128
129
128
127
121
115
112
108
106
105
104
101
102
105
110
114
114
114
115
117
119
121
121
119
119
122
126
126
128
133
138
140
142
141
136
130
127
121
119
122
153
156
154
167
188
203
210
204
209
211
196
176
161
153
157
167
182
187
181
171
157
145
137
134
132
131
130
128
127
127
125
121
118
116
112
110
105
102
104
108
116
124
132
132
130
130
130
129
125
123
122
122
122
122
123
123
124
125
124
120
118
115
113
111
108
105
101
101
103
107
109
109
110
112
115
118
119
118
120
121
124
124
124
129
133
136
137
137
132
128
126
121
119
120
155
159
158
171
194
208
207
200
203
202
189
168
157
153
159
169
182
183
174
162
148
136
131
128
129
129
130
129
128
128
126
121
115
111
110
108
101
98
101
107
116
125
133
135
137
138
139
137
131
125
120
120
121
121
119
119
121
124
127
124
123
122
119
117
114
108
102
99
99
103
105
105
106
110
115
118
120
119
120
123
125
124
122
124
127
128
131
131
128
125
122
120
118
118
160
163
160
168
187
200
196
190
196
199
184
162
153
152
157
167
178
175
162
152
139
131
128
128
128
127
129
127
125
124
123
118
111
106
102
100
97
96
100
108
118
128
130
137
143
149
150
148
140
130
122
121
122
122
121
120
122
126
128
126
126
127
124
121
117
111
103
98
97
101
103
102
104
108
114
117
120
121
123
125
126
125
123
123
123
124
125
126
124
122
120
118
117
116
165
165
159
162
175
189
182
177
187
196
182
160
152
152
158
166
174
168
153
145
136
132
132
132
131
129
126
125
123
122
119
113
106
100
98
98
95
95
100
108
119
129
132
139
147
150
153
152
146
138
130
126
122
121
122
121
121
121
122
122
123
126
125
122
116
109
99
95
94
96
97
95
98
103
111
114
118
120
122
126
127
126
122
123
122
121
121
121
120
119
118
119
117
116
163
165
158
160
171
185
176
168
176
188
182
162
154
154
160
163
168
161
147
142
136
135
135
135
134
131
128
126
124
122
116
109
101
97
99
100
99
98
102
110
122
134
139
141
140
138
137
139
138
139
137
131
124
119
118
115
112
110
107
109
115
121
124
121
114
105
96
93
93
94
93
91
94
98
106
110
116
118
120
124
125
124
123
122
120
120
119
117
116
116
117
118
117
116
153
157
157
164
176
189
177
165
165
179
180
164
157
156
161
160
158
151
143
141
139
138
137
136
134
133
130
128
123
118
111
103
98
96
97
100
101
101
105
112
123
134
145
139
128
118
112
115
124
133
134
131
124
116
109
104
95
89
87
89
96
107
114
116
112
104
95
93
92
93
91
91
92
95
102
108
113
115
117
121
122
122
122
121
119
118
116
114
113
114
116
116
116
116
140
148
157
171
183
194
180
165
161
172
177
163
157
156
161
158
153
145
140
141
142
141
138
135
133
134
130
126
120
111
102
97
95
96
100
103
103
102
101
103
110
119
113
105
92
79
74
83
101
118
127
128
123
114
104
94
81
71
65
66
74
86
97
103
104
99
93
91
91
91
90
90
91
92
97
104
109
113
115
118
120
119
122
121
119
117
115
112
112
112
115
115
115
118
126
146
162
178
190
198
182
166
159
173
177
159
154
157
159
156
149
143
140
140
139
139
136
134
135
132
128
123
115
106
98
93
94
96
99
101
101
99
99
101
103
104
96
82
69
64
64
71
90
107
119
120
119
111
101
91
77
64
55
52
53
60
70
82
88
93
88
92
93
92
93
93
89
87
89
96
102
107
113
117
119
119
121
121
118
115
114
114
112
112
115
111
115
118
116
135
160
182
195
202
185
169
159
172
177
161
158
159
158
155
147
143
141
141
140
139
137
136
135
130
126
119
110
102
97
95
95
97
100
100
99
98
96
96
96
95
82
73
64
62
64
72
88
103
112
114
113
108
99
90
79
67
58
55
54
58
66
74
80
84
86
90
92
93
94
94
90
87
86
92
97
102
110
115
119
120
120
121
117
115
115
113
112
113
115
111
115
117
106
124
152
181
197
203
188
172
161
172
178
166
164
164
160
154
147
144
142
142
141
141
140
138
136
129
121
113
103
97
96
97
98
99
98
98
97
95
94
93
89
87
77
73
70
70
71
77
88
97
102
105
106
102
96
89
81
72
66
65
62
65
70
74
79
82
84
88
91
92
94
93
90
88
86
89
91
96
105
112
116
120
120
120
118
115
114
112
111
114
114
111
116
116
110
121
143
173
193
202
189
175
165
176
180
171
170
170
162
155
148
145
143
143
141
141
141
140
135
125
116
107
97
94
97
101
101
100
97
96
95
95
95
94
90
87
81
81
80
77
76
78
83
86
91
94
98
96
92
87
81
74
70
69
70
72
77
81
83
85
86
87
89
91
94
93
91
90
88
89
87
91
100
108
113
117
119
120
118
114
111
109
109
113
113
110
115
117
127
124
134
163
186
201
191
177
168
180
182
174
174
173
165
156
149
146
143
143
140
141
141
139
132
119
111
103
94
93
98
102
103
101
96
95
94
96
98
97
94
91
88
89
88
84
81
79
78
78
82
86
91
91
88
84
80
74
71
71
72
76
81
85
88
91
87
88
88
90
93
94
93
94
91
90
87
88
94
102
109
115
117
119
117
112
108
107
107
111
111
109
113
118
153
136
134
156
179
199
191
179
172
181
185
177
176
174
165
156
150
147
144
141
140
142
141
137
127
112
104
98
93
93
97
101
101
100
96
94
94
96
97
97
93
92
92
92
92
88
84
82
79
76
79
81
85
86
83
81
79
74
73
73
74
77
81
86
89
91
87
88
86
87
90
89
90
92
93
92
87
86
90
95
103
111
115
116
115
111
108
105
105
109
111
107
111
116
178
155
143
156
175
195
188
181
177
184
187
178
176
172
161
154
149
148
143
140
137
140
139
133
122
108
96
94
92
94
97
99
99
100
98
96
95
97
99
96
95
93
92
92
91
90
87
84
80
76
77
76
79
79
78
79
79
77
76
75
75
78
81
82
83
85
86
87
87
86
84
83
82
86
90
88
85
83
82
86
96
104
110
114
114
111
108
105
106
109
110
105
109
113
193
169
153
161
175
192
185
183
183
189
186
178
175
169
156
150
147
147
141
138
135
138
137
129
117
103
92
91
93
95
97
99
99
100
100
98
99
101
101
100
97
96
96
95
95
93
92
87
82
78
73
73
74
74
74
77
80
80
80
81
82
84
85
84
82
81
86
89
89
86
83
77
77
81
85
84
81
78
75
78
87
98
106
112
113
111
109
106
107
110
111
104
107
111
199
177
161
164
173
191
187
188
186
191
189
178
174
167
152
147
148
142
141
135
134
136
134
125
109
96
89
89
94
102
104
101
103
107
109
110
109
106
104
103
103
102
100
101
101
100
99
94
89
83
77
72
70
71
72
75
80
83
88
90
91
90
89
87
85
83
88
93
92
85
80
76
74
76
80
80
78
75
74
76
83
91
102
108
111
111
109
106
107
110
111
105
105
108
193
176
163
164
172
190
188
190
189
194
190
180
174
163
149
144
147
144
140
136
135
136
132
121
104
90
87
89
96
105
108
108
109
113
119
120
117
115
113
112
110
107
107
107
109
108
106
101
96
91
88
84
83
83
83
85
88
89
95
97
97
96
95
93
90
88
92
95
93
89
83
76
72
75
79
80
75
72
70
72
81
91
100
107
111
110
109
107
106
107
109
107
108
107
186
175
161
161
167
183
185
189
189
191
187
180
171
159
147
141
144
145
139
135
135
136
130
119
103
91
85
90
97
104
108
110
113
117
125
127
126
122
119
119
117
112
108
111
112
109
106
102
98
95
96
95
96
96
95
97
99
98
102
103
103
102
101
99
97
95
95
95
94
91
84
76
73
77
82
83
80
73
69
68
78
88
97
106
111
111
111
108
105
103
106
108
109
105
180
171
158
155
160
176
181
188
187
186
181
176
166
154
144
140
140
143
146
142
139
136
128
116
101
91
86
91
95
98
102
106
112
117
123
127
128
124
123
123
121
116
111
114
114
108
103
101
100
100
100
100
102
102
99
100
102
101
99
100
101
101
100
98
98
98
97
97
94
92
87
82
80
83
87
88
86
79
73
69
77
86
95
105
111
111
109
107
104
102
103
107
107
103
174
162
153
150
155
170
180
189
189
185
176
172
161
150
143
141
141
145
148
144
142
137
127
116
103
93
89
91
93
94
96
101
107
113
118
123
125
123
122
123
120
113
110
114
114
107
100
98
101
102
102
100
100
97
93
92
92
91
91
93
96
97
96
95
96
98
92
93
95
94
91
88
87
86
88
90
90
85
78
73
77
86
93
103
110
109
107
105
102
101
103
104
103
102
171
158
149
146
151
167
179
190
190
184
173
167
155
144
143
143
145
145
142
140
140
137
129
119
107
98
91
92
93
94
94
95
98
101
105
107
109
109
111
115
113
109
108
114
115
107
100
98
101
103
99
95
92
90
87
87
86
84
82
84
87
89
88
86
87
89
83
85
90
93
94
96
95
92
90
90
90
86
80
75
76
83
92
102
108
107
105
103
101
101
102
100
98
99
173
162
153
150
155
167
180
190
189
181
169
160
149
141
142
146
145
142
141
139
139
136
129
118
106
97
92
91
91
92
91
88
84
81
78
76
76
81
95
110
119
121
120
126
126
120
114
114
116
118
109
100
95
97
99
100
97
93
86
85
86
86
84
80
79
81
81
78
80
83
86
90
95
95
90
88
86
83
80
76
77
83
93
101
106
106
104
102
101
102
100
98
94
97
176
171
162
158
162
171
182
190
188
178
164
154
145
139
141
146
144
138
139
136
136
134
128
119
108
100
94
90
88
89
87
80
71
66
52
48
47
59
84
114
134
143
135
138
138
132
127
129
132
133
126
115
109
112
118
120
115
109
106
103
100
98
94
89
86
86
77
66
60
61
63
71
81
85
86
83
80
79
79
77
79
85
93
99
103
104
104
101
100
102
100
98
94
96
181
177
173
171
170
175
187
188
185
172
160
152
143
140
141
144
144
140
140
136
134
134
130
123
113
105
97
92
87
82
79
79
73
65
53
40
35
48
77
117
148
157
152
153
151
144
142
145
148
149
144
134
131
130
134
138
135
132
124
122
121
117
112
107
104
97
78
54
41
35
36
48
57
69
72
73
79
81
80
79
82
87
95
98
101
101
100
98
99
100
102
99
99
100
183
182
181
178
176
180
189
189
184
170
157
150
143
140
140
142
142
140
139
137
136
134
130
125
117
109
104
96
86
78
75
79
82
81
71
57
49
56
76
110
137
146
148
148
145
139
138
142
147
149
149
141
138
137
138
141
137
134
131
131
130
127
121
118
115
110
76
50
35
27
28
38
48
60
69
73
81
84
84
81
84
88
93
96
100
101
99
98
98
100
100
100
103
104
185
185
186
184
182
183
191
190
182
166
154
149
144
141
139
140
140
138
139
137
136
133
129
126
121
113
107
97
86
78
77
83
93
99
97
86
75
74
83
101
120
125
127
128
126
120
121
126
131
133
129
123
123
124
125
129
128
126
123
124
125
122
116
114
111
108
80
56
42
36
39
50
59
69
73
76
84
88
87
83
85
90
92
95
98
100
98
98
98
100
100
101
107
108
186
183
184
183
182
183
192
190
180
163
152
148
144
141
139
139
139
137
137
136
134
130
127
127
123
116
105
97
89
85
84
89
100
106
112
105
99
94
94
101
109
112
113
114
114
111
111
115
119
120
119
112
112
111
113
117
116
113
112
114
116
114
109
108
107
105
86
70
62
60
65
76
83
88
84
85
87
87
86
84
86
90
93
95
97
98
99
98
99
100
99
101
107
107
184
180
181
181
179
181
191
189
179
162
151
146
142
141
139
140
139
137
135
133
130
128
126
127
124
116
106
97
91
90
90
95
101
105
112
110
110
109
107
109
113
115
114
116
115
113
113
117
118
117
108
103
103
103
106
113
114
114
109
111
114
112
108
107
107
107
97
89
85
83
87
97
99
96
92
88
86
85
84
84
86
91
95
95
95
97
98
99
99
100
96
98
106
105
184
179
179
177
176
181
191
188
178
161
149
143
141
140
139
140
140
138
135
132
130
129
127
128
125
119
110
100
92
91
94
100
106
110
112
113
115
117
117
119
121
125
128
128
125
122
122
125
126
123
118
114
112
108
108
112
113
112
111
113
116
114
109
110
111
111
109
104
102
100
100
105
105
98
91
87
84
82
83
84
88
92
95
95
94
95
97
98
99
98
95
99
105
105
183
179
180
178
179
186
197
190
177
158
148
143
140
139
138
140
140
139
137
135
134
133
129
128
125
120
112
101
92
91
97
105
114
116
116
117
118
121
122
123
124
128
129
127
122
117
116
118
117
113
109
107
108
105
104
108
110
112
114
116
119
118
114
114
117
117
111
107
105
105
104
104
104
97
91
87
84
82
82
83
88
92
95
95
94
96
98
99
99
98
97
102
105
104
184
181
181
179
183
194
204
194
177
155
148
143
141
139
137
138
139
139
139
137
137
135
130
126
123
120
112
102
93
92
97
106
114
116
118
119
119
121
124
123
123
125
125
124
119
113
112
111
107
101
98
98
101
97
95
98
103
106
106
109
113
113
110
111
112
113
110
106
106
108
106
104
102
97
94
90
86
82
81
82
87
92
94
94
94
97
99
100
99
98
100
104
106
101
184
183
182
180
183
196
206
197
173
154
146
145
141
139
139
139
139
138
136
136
137
135
128
125
123
120
113
103
96
96
100
106
112
113
115
116
119
123
123
121
121
122
121
119
116
113
111
107
101
96
94
94
93
94
93
91
92
94
96
99
104
105
104
105
106
108
106
105
104
104
106
106
103
101
96
91
87
83
83
85
89
94
94
91
92
96
100
101
99
98
102
106
105
101
187
185
184
182
185
198
208
198
172
153
144
144
142
141
141
141
140
138
134
134
134
131
127
124
122
119
114
104
97
97
101
106
111
112
114
116
119
121
121
119
118
118
117
115
112
110
107
104
98
94
88
88
88
88
85
84
84
87
92
96
99
101
101
102
103
104
106
106
105
105
105
106
104
101
96
90
86
84
85
88
90
95
90
87
88
93
100
103
102
101
102
107
108
104
190
188
186
183
186
199
208
197
171
152
146
146
146
146
146
146
142
139
133
131
131
129
124
122
121
119
113
105
97
96
100
104
108
110
112
114
117
119
118
116
115
116
115
114
111
107
106
102
95
91
88
88
87
85
83
81
83
85
90
94
98
101
101
101
103
105
106
106
106
106
105
104
101
99
94
89
83
83
85
89
92
94
89
87
86
92
99
103
102
100
102
106
108
106
192
190
188
184
186
198
207
196
171
153
148
148
147
148
149
149
146
143
135
132
129
127
123
121
121
119
113
104
96
96
97
101
106
108
109
111
115
116
115
114
114
115
113
111
107
103
100
96
91
85
86
85
85
83
81
78
80
84
92
96
101
103
103
103
105
107
107
107
107
106
105
102
98
95
91
86
81
82
84
87
89
90
90
88
88
91
97
100
100
98
99
103
106
105
195
193
189
184
185
196
205
193
171
154
150
149
149
149
150
151
149
146
139
134
129
126
121
120
120
119
112
104
96
94
95
98
103
107
106
109
112
113
113
112
112
112
111
108
103
97
94
91
87
83
83
82
82
81
80
79
81
83
92
96
100
102
103
104
105
107
107
108
107
106
105
102
97
94
89
85
82
82
83
84
86
87
88
88
90
92
95
97
98
99
99
102
105
104
196
193
187
183
184
196
204
191
169
154
152
151
151
151
152
153
151
149
142
136
131
126
122
119
120
120
113
105
97
94
93
96
100
103
106
108
111
111
110
110
110
110
110
106
99
94
92
90
87
84
81
81
82
83
84
83
84
86
90
94
97
99
100
102
105
106
105
106
106
105
103
100
95
92
88
85
83
83
84
84
84
85
87
89
92
93
93
94
96
99
100
103
104
103
195
192
184
182
185
198
206
191
168
153
151
151
151
152
153
153
152
149
142
137
133
129
124
121
121
121
117
109
102
97
94
94
99
101
106
108
110
110
110
110
109
109
105
100
94
89
87
86
84
81
78
78
80
83
85
84
85
86
89
92
96
97
99
102
105
106
104
105
104
102
100
96
92
89
86
83
83
84
85
84
83
84
87
91
93
92
91
92
95
98
100
103
103
102
195
191
184
183
188
203
209
194
168
152
148
149
150
152
152
152
150
147
142
137
133
130
125
121
121
122
120
112
106
102
98
97
100
102
106
109
110
110
110
111
111
110
104
99
93
88
86
86
84
81
79
79
81
84
87
86
86
87
90
92
95
97
99
104
106
108
106
106
105
102
97
93
89
86
84
81
81
83
85
84
83
82
85
89
91
91
90
92
96
100
99
103
103
102
193
187
182
184
192
210
216
196
168
151
148
148
146
152
151
152
150
146
139
137
134
129
125
121
121
123
119
117
109
104
103
99
98
104
107
109
110
109
109
110
111
109
103
99
93
89
88
88
87
85
81
82
83
87
88
87
87
89
91
94
97
97
99
105
108
109
108
107
106
103
100
94
87
83
82
79
79
83
85
84
82
81
83
87
89
89
88
89
94
99
97
101
104
102
191
186
181
187
199
215
218
198
171
151
145
146
145
152
151
152
150
146
142
141
137
132
124
119
118
120
119
118
112
107
105
99
97
102
106
108
108
107
107
108
110
110
103
99
94
91
90
90
89
88
86
84
86
88
87
87
87
90
92
95
97
96
98
104
108
109
107
107
106
104
99
94
87
84
82
81
81
84
85
84
82
82
81
84
87
87
86
88
93
96
97
99
105
106
190
186
179
190
208
222
222
203
174
153
142
143
145
154
153
154
152
149
145
144
140
133
125
119
118
119
117
116
113
110
106
100
97
99
103
104
104
104
104
106
109
109
102
98
95
93
93
93
92
90
91
89
88
87
86
86
87
91
93
95
95
94
94
98
102
104
104
104
103
101
96
91
86
84
82
83
84
86
86
85
83
85
84
85
87
88
88
89
93
95
96
102
110
111
189
184
178
193
215
228
226
209
180
157
140
142
144
155
156
157
157
155
149
146
141
135
128
122
119
119
115
114
111
110
108
104
102
103
103
103
101
100
102
104
107
107
101
99
97
95
95
95
94
93
92
90
88
87
86
85
88
91
94
95
93
90
89
91
94
96
96
97
97
95
92
87
83
81
82
84
87
87
87
87
88
90
90
91
92
92
93
93
94
95
98
107
116
115
187
182
179
195
220
231
227
214
185
161
140
142
144
155
157
158
158
157
153
149
144
137
131
125
120
118
116
113
112
111
109
107
107
107
105
103
98
97
100
103
104
103
100
98
97
96
95
94
93
92
90
89
88
85
85
86
89
92
94
95
93
89
87
88
90
92
88
89
90
90
88
85
81
79
81
83
87
87
87
88
91
94
93
93
94
95
95
95
96
98
102
110
121
124
185
180
178
194
220
229
224
213
185
161
141
142
143
154
156
157
157
156
153
149
143
138
132
126
121
118
118
113
112
112
110
109
110
109
107
105
100
97
99
102
102
100
97
96
95
95
94
93
92
91
88
88
87
86
87
88
91
92
94
93
92
90
88
88
89
89
86
87
89
89
88
85
81
79
79
82
86
86
85
89
94
95
92
92
94
96
96
96
99
102
106
113
124
136
183
179
177
192
219
227
220
211
184
160
141
142
143
155
158
158
158
158
154
151
145
139
133
127
122
120
118
115
114
114
110
109
110
110
110
108
103
99
99
100
100
97
96
96
95
95
94
94
92
92
90
90
89
89
90
92
93
93
94
94
93
92
90
89
87
86
84
84
85
87
88
86
82
79
78
83
86
86
86
90
94
95
91
91
94
96
97
98
101
105
112
120
131
143
182
179
176
191
220
225
218
210
184
161
141
141
143
157
160
160
161
160
158
155
151
143
135
127
122
121
119
116
117
117
111
109
111
111
111
110
106
101
99
99
98
97
97
97
97
98
97
97
96
95
94
93
91
91
92
95
96
96
97
96
95
94
91
88
84
83
83
82
82
84
85
84
81
77
79
84
87
87
88
92
94
94
90
91
93
96
97
98
102
108
115
129
139
145
181
178
177
196
224
229
222
208
187
161
141
137
141
154
158
162
161
164
160
159
155
147
138
131
126
122
120
118
118
118
116
115
114
114
112
112
110
105
99
96
95
96
98
98
99
99
98
98
98
99
96
96
95
93
96
100
99
97
93
94
95
94
90
85
82
81
82
81
80
80
79
79
79
78
80
87
92
92
91
91
93
92
91
92
97
98
99
101
104
112
125
137
146
152
179
176
180
200
229
233
224
211
188
162
142
136
136
149
155
162
160
162
163
163
159
154
146
139
131
126
123
122
124
126
122
119
118
117
116
115
113
106
101
95
94
95
96
97
98
98
98
97
97
96
95
94
93
91
95
99
99
95
91
91
92
92
88
82
79
80
82
80
80
80
80
79
79
78
82
87
93
92
92
93
93
91
91
95
102
103
104
106
112
122
134
145
152
155
179
177
179
202
229
231
223
210
188
162
143
134
134
143
152
160
158
159
164
164
163
159
154
147
138
132
127
127
130
131
128
124
122
120
120
120
116
109
101
95
93
94
95
96
97
96
96
95
93
92
91
90
89
89
93
99
98
92
87
86
87
89
85
77
74
77
82
80
80
81
82
80
80
79
84
90
95
96
95
96
94
92
92
98
105
107
107
111
117
130
145
155
157
157
177
177
176
197
223
223
217
206
187
163
143
134
136
142
150
157
157
157
160
161
161
159
156
151
144
138
133
131
132
133
131
128
126
125
124
123
119
113
104
97
95
95
95
96
95
95
93
91
89
88
86
87
87
88
92
98
96
91
84
81
83
86
83
74
71
75
83
82
82
83
84
83
82
82
85
90
94
96
97
97
95
92
93
99
107
108
110
114
123
137
152
160
161
158
177
175
175
195
216
214
211
205
187
167
144
134
134
139
149
155
156
154
154
157
159
159
157
154
148
143
138
134
134
135
135
135
132
129
127
126
122
116
108
102
99
98
99
98
97
96
92
89
87
86
84
87
88
88
93
96
96
91
85
82
83
87
85
77
74
77
83
82
82
84
85
85
84
83
84
87
91
93
96
98
96
94
94
99
107
110
113
120
130
144
160
166
163
158
177
173
176
194
214
214
213
207
189
170
146
132
128
130
142
152
153
151
149
153
156
157
157
155
150
145
139
135
135
138
140
139
135
131
129
128
126
121
114
108
104
101
102
102
101
98
93
90
88
88
87
89
91
91
93
96
95
93
88
85
85
87
87
83
81
82
83
81
81
83
84
85
84
84
84
85
89
92
95
97
96
94
96
100
106
109
113
122
133
149
165
169
163
157
176
172
175
194
216
218
218
208
187
168
147
131
123
121
132
141
149
151
148
149
150
151
152
152
148
144
138
134
135
139
141
140
137
132
131
130
128
125
119
113
107
104
104
102
101
98
94
91
88
87
91
92
92
89
91
92
93
91
86
83
81
81
84
86
86
85
83
82
81
82
85
86
85
85
85
86
90
93
96
98
98
96
99
102
107
109
113
122
137
155
170
171
162
155
172
172
173
193
217
221
221
208
184
163
147
133
124
116
122
132
146
152
149
147
144
144
146
147
146
142
138
134
134
138
140
139
137
134
131
131
130
127
122
115
108
103
103
102
101
98
94
91
88
87
94
94
91
87
85
88
88
86
82
79
76
76
81
87
88
86
85
83
81
83
86
87
87
87
87
89
92
95
98
100
99
98
101
104
109
111
115
126
143
163
172
172
162
154
171
166
169
191
218
225
218
206
181
159
151
139
128
115
114
125
137
145
146
146
143
139
139
141
141
139
135
134
134
135
135
134
132
130
130
129
127
125
122
117
109
103
101
101
99
97
94
91
90
90
95
93
87
83
82
83
83
81
78
76
73
73
78
85
88
88
85
84
85
86
88
88
88
89
91
93
95
97
101
103
104
102
104
111
113
115
120
132
151
164
171
168
162
154
174
170
170
196
224
230
219
204
182
164
155
142
131
121
116
121
130
137
141
143
142
138
136
138
138
136
133
132
131
131
131
130
129
128
127
125
122
120
119
114
109
104
100
100
98
97
95
94
92
91
91
90
88
85
84
83
82
81
82
80
78
77
80
83
86
86
86
84
85
87
90
91
92
94
94
96
98
99
101
104
106
106
109
116
116
115
120
135
158
172
174
170
162
153
172
168
174
203
232
236
220
201
182
170
158
144
134
127
118
115
118
126
136
141
143
140
135
132
131
131
130
129
127
127
127
126
126
126
124
122
120
118
116
114
109
106
101
101
98
96
94
90
88
85
85
84
84
85
85
82
81
81
82
81
79
78
78
77
79
82
85
83
84
87
91
93
95
96
97
99
100
101
102
104
108
110
115
121
120
118
122
139
164
178
176
170
162
152
