11
11
10
10
10
11
11
11
11
9
9
10
14
15
13
9
8
10
12
14
14
24
47
77
117
152
167
176
180
179
183
185
187
192
192
187
183
185
188
190
190
193
195
196
197
198
199
201
209
214
221
224
227
232
234
233
232
226
221
217
218
214
210
207
197
185
148
107
67
32
17
6
9
14
11
12
14
17
17
14
13
13
11
11
11
11
11
11
11
11
11
11
11
11
11
11
10
10
11
11
11
11
10
9
7
9
14
17
14
9
6
8
7
17
33
61
100
132
160
181
190
189
180
175
175
179
181
184
183
182
181
184
188
190
191
194
196
199
202
203
204
204
210
214
223
228
234
236
235
234
234
230
219
214
217
218
216
214
203
194
192
167
135
82
42
13
16
22
18
16
15
16
16
14
13
14
11
11
11
11
11
11
11
11
11
11
11
11
11
10
9
12
13
11
10
11
13
12
9
11
12
12
11
11
12
16
24
45
78
115
149
168
174
172
172
171
170
169
174
180
183
181
176
178
180
181
184
188
188
191
195
200
204
205
204
204
208
215
220
226
230
234
238
238
233
230
220
214
216
219
216
209
204
205
208
202
176
142
108
58
27
20
15
21
15
9
8
18
15
9
10
11
10
10
13
13
11
12
11
12
11
11
11
12
14
12
10
9
10
12
13
14
14
11
8
7
8
10
22
38
57
86
123
152
172
177
171
162
163
167
168
166
166
169
174
176
179
178
178
178
183
186
185
187
192
197
199
203
207
208
208
209
216
221
224
229
237
241
238
234
226
218
220
223
221
216
211
212
209
205
196
183
164
125
73
26
11
13
17
14
8
10
15
12
11
12
11
10
13
12
11
14
12
12
12
11
11
12
11
8
8
11
13
12
13
15
11
7
6
10
15
24
48
73
105
128
151
163
168
168
164
163
161
163
163
160
157
158
163
168
175
173
175
175
177
179
179
180
189
198
203
204
202
202
204
210
213
217
220
225
235
242
241
237
231
222
221
223
221
217
209
208
206
204
203
198
191
173
131
70
36
20
19
18
11
4
11
10
11
13
11
11
13
11
10
14
12
12
12
11
10
11
10
9
11
13
12
10
9
11
8
7
10
21
35
53
83
111
138
150
160
161
158
155
157
158
158
156
153
152
154
156
159
162
165
165
170
170
170
174
179
185
190
195
198
200
203
206
208
210
209
214
215
217
227
237
240
237
226
216
216
219
221
218
211
208
207
204
206
200
196
196
178
137
79
39
13
13
16
9
11
10
12
12
11
11
14
12
10
13
12
12
12
12
10
10
13
11
10
10
10
9
10
10
10
15
23
37
60
87
118
142
154
158
162
162
157
148
142
143
144
141
140
145
153
159
162
163
161
160
164
164
164
169
175
178
187
193
199
201
203
205
205
207
211
216
216
213
216
225
228
228
219
210
211
217
221
219
213
210
209
205
201
199
200
201
198
181
129
80
28
13
14
17
11
10
11
12
11
12
16
14
10
12
12
12
12
12
11
11
14
11
9
7
7
7
8
8
14
27
44
63
88
117
141
156
160
157
154
153
149
137
129
129
128
131
135
141
148
155
159
161
157
154
159
162
165
173
173
168
178
187
197
202
203
202
202
205
202
208
208
203
204
207
210
212
202
196
200
207
213
215
211
210
208
203
198
198
201
195
195
194
170
131
72
29
10
12
9
10
11
13
12
12
16
16
12
12
13
12
12
12
12
12
12
12
12
11
7
6
11
17
37
57
77
94
114
134
149
155
155
150
145
143
139
130
120
119
122
127
133
135
136
141
146
149
144
142
148
154
164
179
181
173
161
163
167
178
188
192
191
192
199
208
211
208
206
209
213
217
215
209
210
212
213
211
205
203
204
202
199
199
200
190
191
193
186
165
123
72
29
14
12
10
10
14
12
10
14
14
11
11
13
13
12
12
14
12
3
7
11
13
9
13
29
47
72
91
108
116
125
137
145
148
149
144
137
131
127
121
115
115
120
127
129
126
123
127
133
137
137
133
136
138
147
169
178
175
163
162
163
171
179
183
187
192
203
211
215
212
208
208
210
214
210
204
206
208
209
209
206
204
204
198
190
185
185
183
189
192
194
183
168
124
68
29
18
11
9
14
12
9
10
11
10
10
14
13
13
12
12
10
3
9
11
10
16
36
65
89
106
118
128
132
134
135
134
133
128
128
124
123
121
117
116
112
117
121
122
120
119
121
127
134
133
129
128
131
140
155
164
162
158
156
158
164
171
174
180
186
193
198
203
206
207
206
204
205
203
197
199
204
205
200
200
201
201
199
190
183
182
184
185
186
180
184
182
159
105
59
24
12
6
17
11
9
13
10
10
14
12
11
12
13
8
8
7
13
13
17
36
70
102
121
130
132
138
140
134
130
122
113
108
110
113
121
122
119
115
110
108
111
115
119
121
123
126
129
124
122
123
123
125
133
143
145
139
140
143
150
161
163
165
166
175
180
184
183
182
182
185
190
187
187
194
201
199
191
191
194
200
196
187
178
178
182
183
183
175
177
181
177
142
99
49
14
4
11
14
13
13
13
11
13
12
12
12
12
7
9
11
12
15
33
69
106
130
140
140
132
135
138
131
124
113
97
89
97
106
117
123
117
110
102
94
98
108
119
122
123
123
119
111
107
106
105
104
108
116
121
120
122
122
125
136
142
144
145
140
144
144
141
142
150
161
171
176
173
174
176
176
174
178
183
186
185
178
173
173
175
174
173
169
171
180
186
167
134
81
32
13
10
15
13
11
16
15
13
12
12
12
12
10
12
9
6
21
64
111
136
142
146
138
129
127
129
122
111
97
83
81
93
104
113
116
112
105
94
85
88
101
113
114
114
110
103
96
91
87
85
82
81
86
93
105
115
121
123
128
129
127
126
129
131
129
124
123
132
146
160
167
161
153
147
146
148
149
152
162
165
167
170
171
168
165
167
167
168
177
183
177
160
118
65
23
8
14
12
6
14
14
13
12
12
12
11
11
11
7
11
39
92
134
141
137
136
134
131
129
125
113
93
78
74
79
92
99
101
102
103
102
95
87
86
94
102
100
97
95
90
88
89
91
89
85
83
88
96
112
128
141
151
160
165
168
169
169
173
171
162
154
152
161
173
183
184
176
165
159
154
146
142
146
146
148
156
160
154
153
159
160
162
167
174
179
178
148
96
36
8
10
11
4
11
11
12
12
12
11
11
8
5
8
27
62
104
128
130
128
130
131
133
129
121
104
80
65
66
75
86
88
86
87
93
98
95
90
87
89
92
89
88
90
89
93
100
106
109
109
106
108
113
114
120
130
141
151
164
175
179
185
191
196
192
182
174
177
187
199
200
192
182
178
171
161
156
150
142
136
140
143
141
141
148
152
155
159
164
173
178
164
122
70
25
9
6
6
13
11
11
13
12
12
11
5
5
15
45
82
108
120
127
135
143
135
126
118
111
96
77
62
57
65
73
74
76
82
88
95
94
91
86
83
85
86
88
92
95
100
109
114
115
114
112
110
111
112
112
122
134
141
151
163
167
161
164
170
178
182
181
184
192
196
192
180
171
169
165
162
166
163
152
142
138
138
136
139
145
148
154
158
160
166
171
173
150
110
53
17
6
7
14
12
11
13
13
11
10
5
8
29
62
94
109
117
126
141
151
136
115
102
100
93
84
71
57
55
59
64
74
82
89
95
93
90
85
79
81
87
89
92
95
101
114
120
116
112
108
108
111
112
109
117
125
123
127
135
137
133
128
130
146
163
173
179
184
182
179
169
159
153
145
147
159
160
156
149
142
138
136
139
145
145
151
153
155
162
167
175
163
126
73
30
11
8
11
11
13
13
12
12
11
3
20
40
79
99
108
118
127
138
141
129
112
107
101
92
87
80
61
52
56
63
72
82
93
96
95
92
87
82
81
83
86
89
91
104
116
125
122
116
115
116
117
120
122
128
131
130
133
137
135
128
114
104
108
121
137
149
151
155
151
148
146
144
138
137
146
150
144
139
135
136
138
141
141
144
146
147
152
155
166
169
167
147
103
49
14
10
16
15
14
12
13
14
13
8
28
57
90
103
108
119
126
131
131
120
103
97
92
90
91
83
59
49
51
57
66
76
86
94
95
95
90
87
86
87
88
93
99
106
115
123
122
120
123
129
133
133
137
146
155
161
168
173
174
158
142
122
106
97
100
108
117
123
133
142
146
150
151
145
142
140
136
129
127
129
133
135
136
137
141
144
153
155
161
162
164
161
126
73
30
13
13
12
13
12
13
13
12
13
36
67
93
99
102
116
120
116
112
109
96
90
84
86
90
84
57
48
48
51
57
67
78
89
96
95
91
90
92
92
93
97
104
110
117
122
124
128
136
145
150
151
150
155
164
172
180
185
186
181
172
161
154
152
153
157
161
168
181
189
190
187
182
170
160
146
140
130
125
126
131
134
133
132
136
140
150
155
156
155
159
163
141
96
46
17
11
12
13
13
14
13
13
15
40
63
82
87
96
111
111
100
96
99
90
88
84
85
89
85
64
53
53
51
53
62
74
86
95
95
90
89
94
97
96
100
105
111
115
120
124
131
141
150
155
153
149
147
151
160
171
179
182
184
181
176
172
171
172
178
185
194
199
201
201
194
182
174
168
160
152
139
128
125
127
129
129
130
136
139
147
152
152
151
158
160
151
116
66
27
9
7
7
14
13
13
13
18
41
56
71
80
94
110
104
91
88
86
80
81
81
84
87
87
75
60
61
57
55
62
73
83
91
90
86
87
92
95
95
100
107
112
115
119
123
131
140
148
153
150
147
143
143
153
167
178
183
179
171
160
153
156
163
172
182
197
198
199
199
189
174
167
162
160
153
143
135
130
130
128
126
128
136
141
143
148
148
149
152
155
161
138
90
41
12
8
8
13
13
13
11
21
40
54
64
77
93
105
96
85
84
77
68
70
73
78
80
82
75
63
64
60
58
65
72
78
84
82
82
85
88
88
88
97
108
117
117
118
121
127
134
143
148
151
152
150
150
156
164
171
176
178
166
146
137
143
151
158
167
177
185
192
198
192
178
170
160
152
149
144
142
140
137
133
128
128
135
142
141
144
145
146
145
147
162
152
113
61
21
13
13
11
11
10
10
23
36
47
55
70
84
91
87
80
81
73
64
65
67
70
69
71
70
62
62
60
64
72
73
73
79
79
82
87
90
88
90
99
109
119
119
119
122
126
133
142
149
156
160
162
164
164
158
157
160
167
161
144
127
120
118
126
140
141
151
164
182
186
179
175
164
161
156
152
151
150
145
137
131
132
136
142
140
142
143
146
142
145
162
160
133
83
34
15
10
10
10
9
8
23
32
38
47
61
73
77
79
76
78
73
66
67
67
66
62
66
68
61
60
60
69
78
74
71
78
82
86
92
97
97
99
105
112
122
123
126
130
136
144
154
162
168
172
176
178
170
153
143
146
160
159
146
129
115
102
98
105
111
120
137
167
184
190
198
195
186
176
166
163
159
151
143
138
138
137
143
140
141
142
146
142
147
162
162
147
104
49
21
8
10
10
8
8
26
31
33
43
56
66
70
71
73
76
75
74
71
70
68
68
68
68
63
63
63
69
74
73
75
83
91
100
111
120
123
121
126
134
143
148
144
147
151
157
159
160
159
155
152
151
147
141
136
135
144
147
146
133
111
96
91
89
89
97
115
139
159
174
188
199
196
195
185
178
169
159
155
148
143
144
145
142
136
134
136
136
145
157
161
150
119
63
26
8
9
9
8
9
24
29
31
41
53
63
66
68
70
73
73
73
71
71
69
69
69
69
65
64
61
66
76
82
90
99
109
118
131
140
144
141
139
142
147
153
146
144
143
141
134
128
114
109
107
110
113
114
115
116
124
134
143
140
127
116
101
87
76
81
92
105
114
124
142
159
173
183
186
187
181
173
167
158
149
143
143
138
134
134
129
127
135
146
156
158
136
81
32
9
9
10
9
10
23
28
31
41
52
61
64
66
68
71
72
72
73
73
72
71
71
71
69
67
65
71
87
101
113
123
130
138
147
152
150
142
133
130
128
132
121
114
108
102
90
79
66
60
60
68
77
83
91
97
106
121
135
141
141
136
117
94
74
73
73
75
71
70
84
99
120
142
163
176
180
182
178
171
164
151
146
134
129
130
124
125
133
137
147
155
144
100
43
14
9
11
11
10
24
28
32
43
54
62
64
66
67
70
71
72
74
75
74
74
74
74
71
72
76
86
104
122
133
139
142
145
143
137
129
117
106
101
97
97
82
73
66
60
50
44
41
40
43
50
57
65
75
84
93
108
124
134
139
136
116
91
73
69
64
62
55
48
48
52
66
88
115
137
155
169
177
177
179
168
160
148
137
132
126
126
128
133
143
152
151
121
59
17
9
12
11
11
25
30
34
46
58
64
66
67
68
71
71
73
75
76
75
75
75
75
74
80
90
103
117
129
133
131
128
125
115
103
93
83
76
75
68
66
51
44
36
33
31
34
39
43
50
55
55
59
69
80
91
100
111
116
118
116
104
88
76
74
72
69
65
55
43
34
32
42
60
82
108
135
156
169
177
176
169
162
148
135
133
130
126
132
143
146
152
139
83
27
10
12
12
11
26
32
38
50
62
67
67
68
70
73
73
74
76
78
78
77
76
75
77
84
95
105
110
113
111
104
91
87
75
64
56
51
50
53
49
48
37
34
30
29
32
40
52
60
68
70
67
66
73
80
88
93
100
105
105
103
98
91
86
88
87
85
83
74
57
43
30
24
27
38
58
84
108
126
143
156
164
170
157
138
138
134
126
130
140
136
145
144
101
36
11
12
12
12
26
32
38
52
64
68
66
67
70
74
74
76
78
80
80
78
77
74
75
80
88
90
85
81
78
72
60
56
49
46
44
42
44
48
49
54
49
50
47
47
51
58
67
75
82
82
80
80
81
82
78
83
93
102
103
100
96
90
89
91
91
93
93
88
75
64
49
36
29
28
35
47
60
75
94
115
139
162
163
149
143
136
124
124
133
128
139
141
110
41
14
13
12
13
25
31
38
52
63
66
64
65
69
74
74
76
78
81
81
78
76
72
70
72
76
72
61
55
54
51
50
48
47
50
55
54
55
59
59
67
66
67
64
64
66
72
76
81
86
87
86
86
85
82
79
79
83
89
92
94
94
92
98
96
94
97
99
93
82
72
62
51
45
40
40
46
49
58
69
78
101
129
149
154
148
141
129
122
124
117
130
136
119
54
16
14
12
14
31
36
45
59
66
64
64
69
71
73
69
72
76
78
79
77
75
73
68
65
62
58
50
43
45
51
54
56
61
65
66
64
63
64
66
66
65
62
60
63
67
71
73
82
82
85
89
87
86
85
78
80
77
75
80
88
90
93
98
100
94
98
100
96
92
79
70
69
66
60
56
57
58
56
60
63
78
100
127
147
147
141
133
132
117
110
126
133
121
58
17
14
12
14
33
38
47
61
67
65
65
69
71
73
69
72
76
78
78
76
74
72
67
64
61
57
52
48
51
56
63
66
68
68
66
63
62
60
58
54
49
47
48
50
55
61
64
70
75
83
81
81
86
85
77
68
72
84
86
86
88
91
95
93
89
94
95
89
86
81
80
80
80
78
74
73
70
64
58
60
65
75
99
123
136
142
137
136
115
107
122
132
120
61
18
14
12
13
36
43
51
62
67
66
66
68
70
72
70
73
76
77
77
76
73
70
67
64
61
59
59
61
65
68
76
77
73
67
61
57
52
48
43
37
30
30
33
35
38
46
55
56
65
73
72
77
84
78
67
62
86
114
108
88
84
90
91
84
81
82
79
72
70
71
75
76
78
79
78
76
74
69
67
68
65
62
75
95
116
139
145
143
116
102
114
124
110
57
18
14
12
13
40
48
54
64
68
68
68
69
70
71
72
74
77
78
77
75
71
69
67
65
64
66
71
78
81
81
80
76
69
59
50
43
36
31
27
24
21
23
27
27
28
35
47
50
56
60
64
74
77
66
54
73
122
159
139
93
76
81
84
78
73
67
60
54
52
56
60
62
67
70
72
73
73
70
73
76
75
70
69
72
88
119
142
145
118
101
107
115
98
50
19
15
12
13
44
53
58
66
70
71
71
71
71
72
74
76
78
78
77
74
70
67
67
68
69
75
82
86
83
77
68
61
54
48
40
30
21
17
14
19
22
28
32
29
26
30
40
48
50
51
59
63
59
58
67
112
168
199
171
109
76
74
73
70
63
52
44
43
42
45
44
47
55
62
64
67
70
70
73
75
80
83
78
66
70
97
127
138
119
103
106
111
93
51
18
14
13
13
47
58
62
68
71
73
73
72
71
73
75
77
78
78
77
74
70
67
69
72
76
80
83
81
70
60
45
41
39
40
34
23
13
10
12
19
27
34
38
33
27
29
39
46
48
48
52
46
45
65
108
158
201
219
196
135
88
71
61
60
50
39
33
35
36
35
33
35
40
48
52
57
64
69
72
72
80
89
88
74
69
84
109
128
121
105
104
106
91
52
17
14
13
13
50
61
63
67
68
70
71
69
69
70
74
76
78
78
77
75
71
68
71
75
78
79
76
67
54
44
32
33
36
39
35
25
16
12
14
20
27
35
41
32
22
23
34
40
44
43
45
40
55
95
144
183
209
222
212
162
106
71
53
49
37
32
29
27
30
28
31
29
30
35
39
46
56
62
66
71
81
86
86
79
74
77
100
122
124
105
101
99
87
50
16
13
13
13
51
62
63
65
65
67
68
65
65
67
74
76
78
78
77
75
72
69
71
75
76
74
66
56
44
36
33
37
42
43
39
31
24
19
16
20
24
32
39
28
17
18
26
32
37
37
40
48
78
127
161
190
207
223
223
184
124
76
49
42
29
30
30
24
29
29
30
27
27
31
33
37
43
48
58
71
84
85
83
83
81
79
98
120
126
104
98
94
84
48
16
12
12
13
50
62
61
63
63
62
63
63
63
66
72
74
76
76
76
75
74
73
73
72
72
68
59
51
45
42
43
51
58
57
52
46
39
34
29
27
26
33
38
28
17
19
28
30
28
31
46
71
110
146
167
189
212
228
221
198
153
91
54
36
32
29
23
26
34
35
31
21
20
23
24
30
39
41
50
59
73
82
87
83
81
87
103
118
129
108
96
94
82
45
13
12
11
12
51
62
61
63
63
61
61
62
64
67
71
72
74
75
76
77
76
75
74
70
65
60
53
50
51
52
58
67
74
76
74
70
64
60
54
49
43
41
40
31
24
24
32
31
28
35
61
96
131
157
171
193
217
229
224
203
167
113
65
34
28
24
21
22
32
35
30
20
17
17
18
26
39
45
48
47
56
73
86
86
85
94
106
118
130
112
98
90
74
39
10
12
11
12
49
59
64
66
66
62
61
61
64
69
71
72
73
74
75
76
76
75
71
66
61
58
54
54
57
58
66
72
80
83
83
82
80
76
73
67
59
52
45
39
37
36
38
34
36
53
80
110
134
150
172
199
220
231
225
205
177
138
85
37
27
23
22
21
31
36
29
19
15
15
14
20
34
42
38
28
34
60
84
87
84
92
102
115
127
115
97
88
68
36
10
12
12
12
47
57
64
68
69
64
61
61
65
70
73
76
76
75
75
75
74
73
68
64
62
61
59
59
60
59
62
65
69
70
71
72
72
71
69
66
61
53
45
43
43
41
41
39
53
81
101
113
128
144
167
199
219
235
223
204
179
156
107
49
29
28
25
25
31
38
36
30
26
24
22
24
32
38
36
23
23
45
71
81
81
88
98
114
128
117
95
87
68
35
11
13
13
11
44
54
61
67
68
65
61
60
64
70
74
76
79
78
76
73
72
71
68
64
63
62
61
61
62
60
57
58
59
59
59
61
61
60
59
59
57
52
45
44
45
43
44
51
75
105
114
112
123
141
162
192
220
235
226
198
180
169
129
74
41
37
30
33
35
43
46
44
43
44
42
42
44
46
46
39
36
42
57
67
72
82
101
122
135
120
96
88
70
36
12
13
13
11
41
49
57
64
67
64
59
59
64
69
73
76
79
79
76
74
72
70
67
65
65
66
65
64
64
61
58
58
59
58
58
58
57
55
52
53
52
50
48
47
47
49
53
71
98
118
118
112
120
134
163
188
220
234
229
193
182
173
147
102
56
41
33
38
37
44
53
57
62
65
69
72
73
73
67
65
59
47
44
51
63
78
106
131
146
127
102
93
74
39
12
13
11
11
41
48
58
64
66
61
56
56
62
69
73
75
78
79
77
75
72
70
64
63
66
68
67
67
67
65
64
64
63
63
62
60
57
55
50
51
50
50
53
51
50
56
65
89
113
119
113
109
118
134
162
186
216
233
227
195
183
171
158
128
74
45
37
38
36
40
56
65
72
76
82
87
88
87
83
78
67
49
42
46
61
80
105
132
151
132
106
91
74
38
13
13
12
12
45
51
59
65
66
60
54
53
59
66
75
76
77
77
78
76
72
68
63
62
63
65
65
67
69
70
70
69
68
67
66
63
60
58
56
57
55
58
62
59
56
64
77
100
115
110
98
94
109
132
155
182
209
235
224
203
185
172
171
152
95
55
49
46
43
42
51
62
69
71
74
78
77
74
73
70
66
60
59
58
62
75
102
128
151
131
105
87
68
32
14
13
13
13
53
57
66
71
71
58
50
52
57
65
70
75
77
77
78
76
71
67
65
63
63
66
67
68
68
71
72
70
69
67
65
65
63
63
64
63
62
63
65
62
61
72
90
102
101
88
81
84
104
132
153
175
201
227
217
212
186
174
176
166
124
74
68
61
47
45
47
52
58
54
57
56
57
58
59
59
63
72
83
89
90
89
102
118
143
133
108
84
57
29
13
13
14
12
70
74
76
77
74
61
51
51
55
65
71
74
77
79
80
78
73
69
68
67
66
67
68
68
70
72
75
75
74
73
72
71
70
70
70
69
65
63
67
63
64
82
99
93
82
74
77
87
108
127
148
168
187
204
207
212
188
169
169
165
138
94
76
67
61
57
57
52
51
53
56
56
59
63
70
75
85
97
113
124
129
129
122
119
142
140
116
85
51
24
13
11
13
11
87
86
82
79
73
62
53
51
56
68
73
76
78
79
82
81
76
73
73
72
71
69
69
70
72
74
79
78
78
78
78
79
78
78
76
73
71
70
73
72
72
81
91
88
89
92
94
99
110
117
128
152
169
180
190
201
187
173
162
154
138
101
75
69
72
74
75
69
64
65
70
86
103
110
113
120
128
137
145
155
159
159
150
138
151
142
117
90
50
15
10
7
9
11
100
96
86
80
73
63
56
54
59
72
76
78
78
79
81
82
79
76
76
76
74
72
71
73
74
76
79
79
80
80
82
82
83
82
83
78
79
79
79
82
79
76
81
107
131
135
121
106
99
97
104
124
143
156
172
180
179
183
171
152
129
98
76
75
84
88
91
92
96
109
122
150
170
176
180
178
174
169
165
165
166
168
165
152
160
143
114
97
60
22
17
9
8
9
103
99
93
87
79
68
61
57
61
73
78
79
79
78
80
82
81
80
78
78
77
74
73
73
75
76
79
79
78
81
83
85
86
87
86
83
81
79
81
79
76
81
95
133
156
145
121
99
85
84
90
99
111
124
144
155
166
181
187
168
137
100
78
78
86
96
104
113
133
170
194
215
226
223
217
207
193
181
169
160
160
165
157
148
160
149
122
112
95
74
53
27
11
7
91
98
97
92
84
72
63
60
64
73
79
81
80
79
81
82
82
83
81
80
79
77
75
74
75
76
78
78
77
80
83
85
88
89
86
89
83
80
84
73
70
95
136
154
147
118
98
85
78
79
89
90
90
93
110
126
142
162
178
184
162
115
79
72
83
106
124
144
170
201
219
231
235
228
212
203
195
187
174
158
151
153
146
146
157
153
136
147
153
149
107
58
19
7
81
94
94
91
84
71
63
62
65
72
77
81
82
82
83
84
85
86
83
81
80
79
78
76
76
78
79
78
78
80
83
85
87
88
88
92
90
87
86
77
82
110
136
133
115
95
88
89
91
96
95
96
90
84
89
101
111
126
147
177
179
143
99
80
89
118
148
176
195
202
206
208
215
207
194
194
194
193
184
166
151
146
145
148
149
147
147
175
191
181
140
78
27
11
76
86
91
90
83
68
61
62
65
70
75
80
85
85
87
87
86
87
84
81
79
80
79
77
78
80
81
81
80
82
83
86
87
88
90
85
90
85
75
80
96
113
120
110
100
95
92
93
96
97
103
102
95
90
87
91
89
95
115
153
177
166
128
100
95
119
141
167
184
187
185
178
185
181
181
185
190
192
185
171
155
146
146
145
137
139
150
181
190
168
145
81
30
14
80
78
86
89
82
67
60
63
67
70
74
79
85
88
88
88
89
89
85
83
81
81
82
82
83
83
87
86
86
86
86
88
89
88
88
86
82
80
75
83
96
108
106
99
94
86
74
69
74
80
95
108
104
99
102
93
81
74
86
117
152
158
143
111
97
105
118
133
153
160
160
158
163
159
166
171
177
180
179
172
162
155
146
135
136
140
144
159
160
139
126
63
27
15
81
76
85
87
80
66
59
62
67
69
70
77
86
90
91
90
89
87
87
86
84
85
87
88
88
89
90
90
91
91
91
92
91
88
89
87
84
86
81
81
87
97
105
102
83
56
37
31
43
61
87
105
111
109
103
87
68
57
58
83
114
132
132
110
92
89
95
103
116
127
134
133
142
141
147
151
156
159
165
169
166
160
141
134
137
143
138
133
125
109
106
47
18
11
76
72
84
85
77
65
59
61
65
68
70
78
87
92
93
91
89
87
88
87
87
90
92
93
94
94
94
92
93
94
94
93
92
88
88
87
83
87
83
78
76
85
103
95
66
37
27
25
38
62
84
102
112
110
95
71
47
28
28
52
81
110
117
104
87
82
87
91
94
105
115
112
122
125
132
138
142
144
152
160
158
150
135
127
133
140
128
109
101
98
85
31
12
9
66
73
87
86
77
63
56
58
63
68
74
81
88
91
92
90
89
89
88
88
89
91
94
95
96
97
96
94
94
94
93
93
91
87
83
82
77
81
81
73
65
71
83
69
45
34
39
42
52
74
90
102
109
105
86
60
36
16
16
37
64
94
102
96
82
77
83
89
89
96
102
94
103
107
114
121
127
131
138
147
146
141
134
125
127
133
118
94
88
96
75
25
13
12
56
81
94
92
79
61
52
54
62
68
76
81
87
89
89
88
88
88
88
89
91
93
95
97
97
97
98
97
98
97
94
93
89
85
80
78
75
85
90
81
61
55
54
44
38
41
45
47
58
72
89
97
103
98
80
57
39
24
24
36
51
81
98
100
85
69
73
84
87
90
89
78
84
89
95
100
106
112
118
127
134
138
129
122
122
126
112
87
79
86
68
21
16
15
49
83
100
99
84
62
50
54
64
71
74
79
84
86
86
86
86
86
89
90
91
94
96
98
99
99
100
100
102
101
97
92
87
81
79
77
81
100
109
97
66
49
41
40
45
48
46
49
60
67
77
86
93
91
75
56
45
38
41
39
44
77
109
118
100
72
68
79
89
89
85
76
78
82
88
90
95
100
103
109
120
129
124
117
117
119
104
82
76
81
61
17
16
17
47
78
99
102
89
67
54
57
67
73
73
77
82
84
83
83
84
84
88
90
92
94
97
100
102
102
102
102
104
102
96
89
82
76
75
75
85
109
114
98
69
53
47
46
48
51
49
51
59
62
70
77
83
82
72
58
54
51
49
42
45
82
128
141
122
85
68
71
83
87
88
84
82
82
85
87
89
91
94
98
108
117
120
115
115
112
94
77
75
82
62
15
15
16
51
72
94
101
93
72
59
62
70
73
73
77
81
82
81
82
83
84
87
89
92
93
96
101
103
103
103
103
103
101
92
85
79
73
72
72
85
106
103
84
64
56
58
53
51
55
54
51
54
60
64
70
71
72
68
60
56
57
56
47
51
93
147
163
143
100
67
61
74
82
90
92
88
87
87
86
85
82
84
89
99
106
108
105
109
107
89
74
77
85
65
16
14
14
60
65
86
101
96
76
67
70
72
73
75
77
78
79
81
81
82
85
86
88
91
94
96
99
102
104
103
104
102
96
88
81
75
71
69
70
83
96
89
71
61
63
65
61
55
59
59
60
57
60
63
66
71
72
68
61
58
60
57
49
61
102
151
173
157
110
68
57
67
71
81
94
97
92
90
87
83
81
82
84
89
94
99
98
103
100
88
69
78
96
74
22
12
16
74
71
87
100
98
79
71
72
72
73
75
77
78
79
80
79
81
85
86
87
90
93
96
99
102
104
105
102
98
91
82
75
70
66
68
68
78
88
83
70
63
65
71
69
64
65
66
66
62
63
64
64
64
67
66
63
63
65
61
56
74
114
154
175
165
123
78
62
65
65
76
91
98
95
95
89
82
80
81
84
87
89
91
95
104
101
85
72
88
106
79
25
12
13
88
84
97
105
101
83
74
72
71
72
74
76
79
79
79
79
81
86
86
88
89
92
95
98
102
103
105
101
95
86
78
72
68
65
69
69
75
81
78
71
68
69
70
70
69
69
72
68
64
62
59
58
57
59
62
66
69
69
65
64
85
121
153
169
164
128
86
66
62
61
71
86
98
99
96
91
85
84
85
87
90
91
90
94
106
106
96
93
111
118
74
24
12
13
94
96
105
107
100
84
73
70
69
72
74
77
78
80
81
81
83
87
86
87
89
93
96
99
101
102
100
96
89
81
75
72
70
71
71
71
75
78
75
73
72
71
70
70
73
71
74
67
64
61
58
57
56
56
60
67
69
66
65
70
95
127
153
168
165
130
87
67
62
61
68
81
95
99
96
94
92
89
88
89
92
93
90
93
106
113
112
121
140
132
64
20
12
14
97
99
100
100
94
82
72
69
71
74
76
78
78
80
82
82
83
86
84
86
89
93
97
99
100
100
98
94
87
80
75
74
78
82
80
81
84
83
81
81
79
76
77
77
78
75
76
69
68
68
67
68
66
65
66
69
68
64
64
78
107
133
151
162
160
128
86
69
65
64
66
76
92
97
96
96
94
91
89
88
88
89
89
95
110
118
123
144
168
155
60
19
11
13
95
92
90
90
88
81
73
71
72
75
77
78
77
79
82
83
82
84
83
85
88
93
97
99
99
98
98
93
86
79
75
76
82
89
89
90
91
88
85
87
85
80
81
82
82
78
78
76
77
79
80
81
80
78
75
75
74
71
74
93
119
134
140
140
135
110
81
68
65
64
64
72
91
99
98
96
93
90
89
89
88
86
92
99
112
122
134
163
189
170
57
18
11
12
88
82
82
84
84
80
74
72
74
75
77
78
77
79
82
82
82
84
85
86
88
92
96
98
97
96
93
87
79
74
72
74
81
88
90
90
89
84
82
85
85
80
81
87
85
82
82
86
86
85
84
86
84
81
78
76
78
78
85
101
117
124
122
115
112
95
76
66
66
63
63
70
90
99
98
97
93
90
89
89
89
87
93
102
118
135
154
182
196
164
51
17
13
13
78
77
77
79
80
78
72
72
75
76
77
78
78
79
82
83
83
86
87
87
89
92
95
97
95
94
92
85
77
73
72
76
83
90
91
91
88
83
82
85
88
85
83
93
92
89
87
95
90
85
83
83
82
76
73
71
75
77
80
90
98
104
106
102
103
93
77
69
68
65
63
69
89
96
98
98
96
91
86
87
88
88
95
110
133
155
177
197
199
157
50
16
12
11
78
77
80
82
82
77
71
68
70
72
76
77
78
79
80
81
82
83
85
87
90
92
94
95
94
92
90
85
79
77
77
81
87
93
91
88
82
78
80
87
91
87
89
95
95
93
97
100
96
89
87
89
92
88
79
76
78
76
71
70
79
87
92
101
104
95
80
75
73
69
65
71
85
92
95
96
94
88
88
83
84
89
95
111
143
179
205
214
198
149
44
10
12
10
88
87
88
90
89
83
75
70
69
70
76
77
78
79
80
82
82
83
84
86
88
90
92
93
92
91
90
85
79
78
79
82
84
85
80
74
67
62
66
73
76
72
71
77
79
80
89
96
95
90
90
97
104
101
90
86
85
81
69
65
69
74
74
83
88
85
75
75
76
75
70
74
84
89
90
93
92
86
86
81
83
89
95
116
158
200
216
211
187
137
46
13
14
9
97
101
100
102
100
93
85
78
75
76
76
77
78
79
80
82
82
83
84
85
86
88
91
92
92
91
89
84
78
76
78
80
78
74
62
52
41
34
36
44
45
40
37
42
44
46
56
64
64
60
61
73
85
86
81
82
85
85
78
72
65
61
52
64
76
81
75
76
77
74
69
73
82
89
89
92
92
86
84
78
82
88
96
118
164
206
215
204
181
129
42
13
14
10
81
95
102
105
102
93
84
75
71
72
76
77
77
79
80
81
82
82
83
84
85
87
90
92
92
90
88
83
77
73
74
75
73
69
56
44
30
20
19
24
24
19
15
18
18
18
24
29
27
24
26
36
46
50
52
58
68
74
77
71
56
45
30
45
61
72
73
75
75
72
68
72
82
89
92
94
93
86
84
77
81
88
98
117
156
187
195
195
177
121
33
12
13
12
53
74
89
94
93
85
79
73
70
72
76
77
77
79
80
81
81
81
81
83
85
87
90
91
90
88
87
84
78
72
71
71
71
68
58
48
37
29
25
26
24
20
20
23
22
20
22
23
20
18
17
19
23
26
27
30
38
47
62
61
45
31
17
33
49
60
68
72
75
73
73
76
83
89
94
95
93
86
85
79
82
89
101
115
137
153
167
183
172
109
26
11
12
13
13
33
62
75
77
72
71
70
69
73
76
77
78
80
81
81
81
80
82
84
87
88
89
89
88
86
85
82
77
72
69
69
69
69
68
64
59
56
53
51
49
46
49
52
51
49
49
48
46
44
44
44
45
49
52
51
53
59
63
62
48
34
23
36
50
60
69
73
75
75
77
81
85
89
94
95
94
88
88
83
87
93
102
109
115
120
140
171
166
104
24
13
11
12
11
29
57
74
78
73
74
73
71
73
77
78
79
81
82
82
81
81
84
86
88
89
89
88
86
85
82
78
72
68
67
67
69
72
73
71
72
74
71
69
68
68
70
71
70
69
68
68
65
65
61
61
63
68
74
72
70
72
73
70
62
51
45
50
59
65
72
75
75
74
79
84
86
90
93
95
95
90
90
86
90
96
104
103
99
100
120
151
148
94
23
14
12
11
8
25
51
72
79
74
75
75
73
73
78
79
81
81
82
82
81
82
83
86
88
89
88
87
86
84
81
74
67
64
65
67
71
75
78
77
79
81
79
78
80
82
86
86
85
84
85
85
83
82
77
78
76
78
83
81
75
74
76
76
76
73
70
67
68
69
69
74
74
75
82
87
88
90
91
94
96
91
90
85
89
96
106
101
93
95
111
130
123
75
20
14
12
12
8
21
48
69
77
76
81
77
72
77
79
80
82
83
84
84
84
83
85
87
89
88
86
87
86
81
77
72
66
65
66
69
73
77
80
83
86
89
88
89
91
95
96
94
94
97
97
98
96
91
86
83
83
85
86
88
87
81
81
81
80
77
73
71
72
71
71
72
73
76
81
87
91
91
92
96
95
92
87
88
89
94
103
100
87
88
100
111
97
56
17
15
12
10
8
20
47
68
76
75
80
78
74
79
80
82
83
85
86
86
86
85
86
87
88
87
85
86
85
81
77
71
66
66
68
68
70
73
76
80
86
91
92
94
99
103
104
101
99
96
92
93
92
89
85
82
83
87
87
88
88
85
82
83
84
82
77
74
74
73
70
71
73
76
81
87
90
91
93
96
93
92
87
88
89
93
102
92
79
80
88
89
72
39
15
14
12
11
8
20
46
67
75
74
79
79
76
80
82
83
84
85
86
87
87
87
88
87
87
85
84
85
85
81
75
69
66
67
69
69
69
71
78
83
87
90
90
91
94
97
100
97
92
85
78
77
77
75
75
71
75
81
83
85
87
86
85
87
88
86
80
77
77
75
69
69
72
78
84
88
91
93
94
94
90
90
85
87
88
93
98
87
75
83
87
73
50
27
14
13
12
11
8
19
46
67
75
73
77
78
77
80
83
83
85
86
88
88
87
87
89
87
85
84
83
85
85
82
74
68
64
67
69
69
68
70
76
82
88
93
96
99
103
107
105
101
95
87
81
81
81
78
78
76
78
81
82
84
85
83
83
86
89
87
81
78
77
74
70
70
74
80
86
89
91
93
94
93
90
89
82
83
87
93
97
87
80
89
91
65
34
18
14
13
11
11
8
22
47
66
75
73
75
77
78
81
83
84
86
88
89
89
89
89
88
85
82
81
81
83
84
81
74
68
63
65
67
66
67
69
77
81
86
89
90
91
94
96
94
89
82
76
74
76
76
73
66
67
70
73
76
84
88
84
79
82
84
82
79
77
76
73
72
72
75
82
86
88
90
92
93
93
92
90
82
83
88
94
104
96
84
88
89
62
29
12
14
13
11
11
9
26
48
65
75
74
75
77
79
84
85
87
89
90
91
91
91
92
88
83
80
79
80
82
82
79
73
67
62
62
64
66
67
69
74
78
82
83
84
88
90
91
88
82
75
71
71
74
76
74
69
71
73
73
74
80
84
80
77
81
83
81
76
76
75
73
71
72
75
81
86
89
90
91
93
93
93
92
83
86
90
92
105
97
78
73
83
66
32
14
14
12
11
10
10
30
49
65
75
75
76
76
81
88
88
90
92
93
93
93
94
95
89
84
81
80
81
83
82
79
73
68
63
61
63
66
68
69
71
75
77
77
77
80
81
80
78
71
67
65
63
63
64
64
62
65
69
70
69
76
81
78
78
82
85
82
75
74
73
72
70
72
75
79
85
89
91
91
93
92
92
92
84
87
86
81
85
80
60
59
81
78
41
19
12
13
12
12
11
33
51
66
76
77
77
76
82
90
91
92
94
94
94
93
94
94
92
87
83
83
83
84
83
80
77
73
67
63
62
65
66
66
69
71
73
71
71
73
73
71
68
63
61
60
55
52
51
52
55
59
64
66
64
68
74
74
79
85
88
83
74
71
71
70
71
74
77
80
86
92
94
94
94
92
91
90
83
85
79
69
68
66
51
54
90
93
52
23
13
12
12
12
16
38
56
69
77
76
74
80
87
93
94
94
96
96
95
95
95
93
95
93
89
85
83
83
84
84
82
77
71
67
64
62
64
64
68
72
73
70
68
67
65
63
61
58
56
57
56
54
54
56
56
52
55
60
62
68
76
80
86
95
96
82
74
71
68
69
72
75
79
83
87
90
93
94
93
93
90
91
88
85
79
55
48
50
60
76
100
95
58
22
13
13
12
12
22
45
61
70
76
76
75
80
86
93
96
97
99
99
98
98
97
95
96
95
92
87
83
82
82
82
81
78
74
70
66
64
62
63
66
70
72
69
67
66
64
61
58
58
58
59
59
59
60
62
58
53
60
75
88
97
103
104
110
115
107
87
74
70
66
68
73
77
82
86
88
89
91
92
96
93
86
89
89
83
70
44
26
29
49
66
81
67
38
19
13
12
12
12
27
51
66
72
76
76
75
78
85
92
96
97
99
100
101
100
99
98
98
98
95
90
85
83
82
82
81
79
77
74
70
66
64
63
66
69
71
70
68
66
64
61
58
59
60
61
61
62
64
65
60
58
73
105
132
143
145
143
142
140
124
93
74
69
66
68
74
78
84
88
88
89
89
91
95
93
84
87
89
77
60
37
7
9
29
38
43
31
15
15
12
12
12
12
30
54
69
72
74
76
77
78
83
90
93
95
98
99
102
102
102
101
101
100
97
93
88
86
86
86
81
80
78
76
74
70
67
66
67
69
72
70
69
68
66
64
63
63
64
64
63
61
63
66
63
64
85
125
157
165
160
158
155
150
130
95
73
67
65
69
76
80
86
89
89
88
90
91
94
94
87
86
84
70
49
30
8
9
20
16
17
16
10
14
12
12
12
12
33
57
68
71
73
77
78
79
81
86
92
96
98
99
103
105
104
106
105
103
100
96
93
91
89
88
85
83
79
78
78
74
72
70
69
70
71
70
70
70
69
68
69
67
68
69
66
64
66
71
71
72
90
122
146
148
144
143
145
143
124
91
70
64
65
70
76
81
88
90
90
89
90
92
97
96
88
85
83
67
40
21
13
15
19
9
12
16
13
12
12
12
12
12
35
59
66
70
73
76
78
78
80
84
91
97
98
99
103
104
103
107
107
106
102
99
96
94
92
90
89
85
82
81
80
79
76
74
70
71
70
70
71
72
73
73
73
73
74
74
73
71
73
78
76
76
85
103
118
118
119
125
131
131
117
88
68
64
65
70
76
81
88
91
92
91
91
93
97
94
88
86
85
66
34
11
11
13
15
9
11
13
13
12
12
12
12
12
36
59
65
70
73
75
77
78
80
84
88
95
97
98
102
101
101
105
107
106
105
102
99
96
94
91
90
88
85
85
84
81
78
76
73
72
72
73
75
77
78
79
79
81
81
79
77
77
78
79
74
75
78
86
93
94
98
109
119
121
110
84
69
67
68
74
78
82
88
92
93
93
95
96
94
92
92
91
81
54
24
9
12
13
11
10
13
10
14
14
12
12
12
12
37
57
65
71
74
74
75
77
80
84
86
93
95
97
101
100
99
104
105
106
106
104
100
97
94
92
90
89
88
87
86
83
80
78
75
75
75
76
78
81
83
83
85
90
89
84
80
81
80
76
77
79
80
82
83
82
87
97
107
110
101
80
69
71
73
79
83
86
90
92
93
96
99
102
91
93
99
96
71
35
12
9
10
12
9
11
16
10
14
10
12
12
12
12
34
55
65
69
72
72
73
74
76
79
84
93
95
95
100
99
97
101
104
106
106
105
102
99
96
94
93
92
92
92
90
88
87
84
82
81
80
79
80
84
89
92
96
95
93
91
85
80
79
80
82
82
82
78
75
74
75
82
90
95
91
81
74
76
81
86
89
93
98
98
99
99
107
107
96
100
105
92
56
20
12
9
11
11
11
10
11
12
13
12
12
12
12
12
32
53
64
69
71
72
73
72
73
75
81
90
94
95
100
99
97
100
104
105
106
104
102
100
98
97
95
94
95
96
94
93
92
89
89
88
86
85
86
91
97
100
100
98
96
93
89
85
84
85
86
86
84
77
73
73
70
72
80
83
82
80
82
88
93
97
98
100
103
103
107
105
111
112
109
111
103
77
43
17
15
13
11
12
11
11
11
12
12
12
12
12
12
11
27
51
64
68
72
72
72
71
70
72
79
86
91
93
97
97
96
98
101
102
104
103
102
100
98
96
95
95
97
98
97
96
95
93
94
93
91
91
94
98
102
104
103
101
98
95
93
90
89
89
91
91
88
79
77
78
74
71
74
78
82
86
95
101
104
107
104
106
106
109
115
113
118
120
126
119
95
55
26
12
15
13
11
12
12
11
11
12
12
11
12
12
11
11
25
50
64
69
73
73
72
71
70
71
75
81
86
89
94
95
94
97
98
100
101
101
101
99
97
94
94
94
97
98
97
96
97
95
94
94
94
95
98
101
103
103
103
101
97
95
95
94
94
93
95
94
90
83
83
85
81
80
81
89
96
102
108
112
111
110
107
110
113
116
122
119
125
130
133
113
74
34
16
9
11
9
11
12
13
12
11
11
11
11
11
11
11
11
24
46
62
68
73
73
73
71
70
69
70
74
80
86
91
92
93
94
97
97
98
97
97
96
95
94
94
93
95
96
95
95
96
95
95
95
96
97
99
101
101
101
102
100
98
97
98
99
100
99
99
94
90
87
88
89
86
88
97
108
115
116
117
118
117
116
118
121
125
125
128
125
132
136
126
89
46
18
14
12
11
10
10
11
12
12
11
11
11
11
11
11
11
11
20
39
58
64
70
73
73
71
67
66
63
66
74
82
88
90
92
92
94
94
92
90
90
91
92
92
92
90
91
93
92
93
94
92
94
94
95
94
95
97
98
99
100
99
99
99
101
104
105
105
100
94
92
93
94
95
95
102
115
123
125
121
119
120
122
123
131
135
138
137
136
136
141
137
103
60
23
8
14
15
13
13
11
11
12
12
11
11
11
11
11
11
11
11
19
37
57
62
67
69
69
67
65
66
62
63
70
77
83
87
91
91
92
91
91
89
89
89
89
89
89
88
88
90
90
91
91
89
90
92
93
92
91
92
94
95
97
98
98
99
100
102
103
103
99
97
98
99
105
108
111
121
130
130
126
122
122
124
127
131
141
142
146
145
144
144
141
122
77
39
14
6
13
15
14
12
12
12
12
11
11
11
11
11
11
11
11
11
22
41
57
62
64
64
65
64
65
68
65
63
67
73
78
84
90
92
94
94
93
94
93
92
90
88
88
86
87
89
90
91
90
88
87
90
92
92
90
90
91
92
94
96
97
96
96
98
99
98
101
101
104
108
113
119
126
136
137
131
124
124
128
131
135
141
146
145
150
149
148
145
134
104
63
31
15
9
14
15
12
11
13
13
12
11
11
11
11
10
11
11
11
11
30
47
62
64
66
63
62
63
65
67
66
66
67
70
74
79
85
89
92
94
95
94
93
92
90
88
86
85
86
88
89
89
88
88
86
88
90
91
90
90
92
93
94
94
95
95
94
95
97
98
99
103
108
113
118
124
129
133
136
130
126
128
131
134
139
143
148
153
151
152
144
129
115
91
57
26
13
14
17
15
13
13
11
12
12
12
11
11
12
12
11
12
12
12
27
43
58
62
65
65
64
64
65
65
65
64
67
69
71
73
79
86
91
94
95
93
91
90
88
86
86
85
86
87
88
87
86
86
83
86
89
90
90
90
91
93
94
95
95
95
93
94
96
99
101
104
109
115
121
126
129
130
133
131
130
131
133
135
140
145
150
155
151
147
132
113
102
86
52
21
9
12
14
13
13
12
10
11
12
12
12
12
11
11
11
11
11
11
32
47
58
62
68
68
66
64
63
62
62
63
66
69
67
67
72
80
87
91
93
93
91
90
89
88
87
86
86
87
86
85
84
85
83
86
88
89
88
88
89
91
93
94
95
94
93
94
95
98
101
103
109
116
124
128
129
128
130
131
133
135
136
138
142
146
151
151
143
134
119
100
92
84
49
16
8
10
12
11
14
12
11
12
13
12
12
12
12
12
11
11
11
11
44
54
57
60
66
68
67
66
64
65
61
62
66
69
67
64
68
77
84
89
92
93
90
91
91
91
88
88
87
86
85
83
83
84
84
85
87
87
88
89
91
90
93
93
94
95
95
97
99
99
103
103
108
115
124
128
130
131
133
133
136
138
138
139
143
147
150
142
128
119
109
97
92
90
49
16
9
11
11
12
17
13
11
12
12
12
12
11
11
11
12
11
11
11
55
54
56
60
65
66
66
63
61
62
60
61
65
69
68
65
67
73
82
87
91
90
89
89
90
91
89
89
88
86
84
82
84
86
84
84
84
85
88
91
92
92
92
93
94
95
98
100
100
101
103
104
108
115
123
128
133
137
137
136
137
138
139
141
144
146
144
130
114
108
104
99
95
91
48
17
10
11
10
12
17
12
11
11
11
11
11
10
10
10
11
10
10
11
78
63
55
58
61
62
61
58
57
57
60
60
64
68
69
67
68
71
76
80
85
86
87
87
88
90
88
88
88
87
84
82
83
87
87
85
84
85
87
90
90
90
91
91
92
94
97
99
100
101
103
105
110
117
121
126
133
139
141
139
137
138
140
143
144
144
133
119
108
103
99
98
95
87
45
17
11
12
11
12
15
12
11
11
10
10
11
11
11
11
11
10
10
11
66
47
52
54
56
57
57
56
58
60
61
61
63
67
70
69
70
71
71
76
80
81
82
84
85
85
85
87
88
87
84
82
83
86
88
87
86
86
87
88
88
88
91
91
92
92
93
95
98
99
102
106
114
121
125
128
134
141
143
138
135
135
137
140
138
136
123
109
103
100
96
98
93
80
40
17
13
14
14
12
15
14
14
13
11
11
11
12
12
13
12
11
11
13
94
75
59
59
57
55
52
51
54
57
63
63
64
66
70
71
71
72
71
75
78
78
78
79
79
78
83
85
87
87
85
82
83
85
86
87
87
87
88
89
90
91
92
93
93
92
91
93
97
100
102
107
117
126
129
131
136
142
141
137
132
132
134
135
132
127
117
102
98
96
93
100
94
76
36
17
15
15
16
12
15
17
16
14
13
12
11
12
12
12
13
12
13
15
127
115
83
74
63
55
51
50
54
58
61
64
64
65
66
68
68
72
73
76
78
79
76
74
73
73
77
81
84
85
84
82
83
84
84
84
86
88
89
90
91
93
94
91
90
92
93
94
96
99
105
112
120
127
133
138
138
136
135
134
132
128
129
129
126
121
113
105
94
94
91
101
96
79
33
14
12
12
13
15
19
16
11
14
13
11
12
12
12
13
14
15
16
17
152
145
126
111
88
67
52
47
51
55
57
60
61
62
63
65
66
68
73
74
75
75
74
72
71
71
74
76
80
82
83
83
83
82
85
84
84
86
88
89
90
91
92
90
90
92
94
96
98
101
106
113
121
127
132
134
133
130
128
131
131
129
127
125
119
113
103
96
91
88
91
101
99
70
24
9
11
14
15
16
19
15
13
14
14
15
17
15
14
16
9
10
12
14
162
160
157
145
125
103
83
68
55
47
44
49
56
61
66
68
67
65
71
71
72
73
74
73
71
68
70
71
74
77
80
82
82
82
83
81
80
82
84
86
87
87
88
88
90
93
96
98
101
104
110
116
121
126
130
130
127
124
123
127
130
128
125
119
111
103
95
90
93
88
94
97
96
57
25
14
17
18
15
12
13
10
13
12
12
16
18
15
12
15
13
15
15
15
168
167
163
160
154
147
136
115
84
59
44
42
45
51
58
64
67
68
67
67
70
74
77
76
72
68
69
69
70
72
74
76
78
79
79
78
78
79
81
82
82
83
85
86
90
94
97
99
103
106
110
114
118
121
124
124
121
118
119
124
127
124
118
111
102
95
92
90
90
84
90
98
100
54
27
16
16
12
11
12
16
15
15
16
16
18
20
17
15
16
19
23
21
17
170
170
163
162
162
163
161
147
120
96
70
55
46
48
51
56
62
65
64
65
69
73
76
76
73
69
69
69
70
70
71
71
72
73
75
76
77
78
79
78
79
80
83
86
90
93
94
96
100
103
104
107
111
113
116
116
115
114
116
121
122
117
110
102
94
88
84
91
92
84
88
106
112
73
55
44
41
31
24
20
20
17
14
16
16
14
14
14
13
14
12
15
16
18
166
166
165
163
159
158
158
155
146
135
114
90
69
56
48
49
56
59
63
63
66
69
72
73
71
70
69
70
71
71
70
68
68
67
73
75
77
78
78
77
78
80
83
86
89
91
90
91
92
94
96
99
102
105
108
110
112
112
114
117
117
111
104
96
89
83
83
89
92
87
91
116
143
149
132
129
126
102
72
43
24
11
17
19
17
13
13
15
17
19
14
16
23
40
166
168
169
167
164
161
160
159
157
155
146
125
102
80
59
52
55
55
56
58
60
63
66
68
68
68
68
69
70
71
71
70
69
68
71
72
74
75
77
78
80
82
85
87
88
88
85
84
85
85
85
88
93
97
100
105
110
113
115
116
112
104
97
91
86
81
83
83
82
81
95
131
181
225
221
218
215
188
153
113
76
52
41
40
36
34
36
40
44
49
49
55
71
101
164
166
165
165
165
165
165
163
159
154
152
146
138
119
93
72
61
49
45
49
54
58
61
63
63
64
68
68
68
69
71
72
73
73
70
70
71
73
76
80
83
86
87
88
88
86
82
80
79
78
76
79
84
90
95
101
107
112
115
114
108
98
91
86
84
80
77
79
81
79
106
147
190
229
211
204
206
205
207
194
166
139
116
112
107
107
111
115
121
129
131
138
154
178
168
165
164
164
165
165
166
165
164
163
155
155
154
146
131
108
79
58
47
45
47
55
60
60
61
62
65
72
71
67
71
73
72
70
70
68
68
71
76
78
81
83
84
83
83
82
80
80
79
78
78
80
83
89
94
99
106
114
118
114
107
98
89
82
77
74
76
76
77
84
111
146
183
198
195
190
195
212
220
223
221
204
187
179
178
186
198
211
220
222
221
221
218
217
166
164
162
162
162
163
162
161
160
160
157
155
154
151
145
130
107
87
60
50
45
49
54
55
54
55
62
68
71
70
71
70
67
68
69
67
68
71
75
76
78
79
79
80
80
80
82
82
82
82
80
81
83
89
95
101
108
115
121
116
108
97
87
79
75
73
76
77
79
88
114
147
177
179
181
189
202
222
238
242
242
235
230
224
222
227
234
242
247
247
247
246
243
241
165
164
162
162
161
162
161
160
160
160
155
154
151
149
150
145
129
114
91
76
59
51
48
47
49
54
59
64
67
67
68
66
66
68
68
68
69
73
76
76
77
78
79
80
82
83
84
85
85
84
84
84
86
92
99
106
113
119
122
117
107
95
85
77
75
75
80
81
82
94
120
155
183
172
179
200
217
234
250
251
248
249
249
246
245
247
248
250
251
250
252
252
251
251
