102
109
112
120
129
140
153
162
166
165
166
164
162
163
164
164
165
166
166
164
160
156
154
150
147
145
146
145
144
142
142
141
141
140
139
139
139
139
140
140
140
140
139
137
137
136
137
138
139
139
138
138
139
137
137
137
135
133
132
132
131
130
129
127
126
123
120
119
116
115
112
109
105
103
99
95
94
96
96
91
79
65
53
40
33
28
26
30
29
29
27
27
26
25
104
111
115
123
133
140
151
160
163
161
163
162
161
161
163
163
164
166
164
161
158
155
152
149
146
142
143
141
141
140
140
140
140
140
138
138
139
139
139
139
139
141
139
138
137
136
137
138
139
141
140
140
140
139
138
138
136
135
133
132
132
131
131
130
127
124
119
118
115
114
112
108
105
103
99
96
96
98
99
95
84
69
61
48
39
31
27
28
30
30
29
29
27
25
109
114
119
126
137
144
151
158
160
156
161
161
161
161
162
163
165
164
162
159
156
152
149
146
143
142
142
140
139
136
138
138
137
136
136
136
137
138
139
139
139
139
139
139
137
136
137
138
141
143
142
142
143
141
139
137
136
135
135
135
134
134
133
132
130
128
120
119
116
115
113
110
107
103
102
99
97
97
94
91
86
78
68
58
45
35
29
29
32
31
31
30
28
26
113
120
125
131
139
145
150
158
160
158
160
160
160
160
160
161
162
161
159
157
153
150
147
143
141
140
140
139
136
134
135
136
135
135
136
137
138
138
139
141
142
142
141
140
138
138
138
140
142
144
144
144
143
142
140
138
137
135
134
134
134
134
134
132
131
129
123
123
121
118
116
113
109
105
103
100
97
95
93
91
86
80
75
64
51
38
31
30
32
31
32
31
30
28
118
124
131
135
142
145
150
158
161
160
162
163
162
160
160
160
159
159
158
156
152
149
146
142
140
139
139
136
135
133
134
135
135
135
137
138
139
141
141
142
143
144
142
142
141
141
140
141
142
143
143
143
142
141
138
137
135
134
133
133
134
135
134
133
132
130
128
126
124
123
120
115
112
109
105
101
97
95
93
93
89
83
78
67
54
43
34
33
33
33
34
33
32
30
120
125
133
137
144
145
150
158
162
162
164
164
164
162
161
159
158
157
157
155
151
148
145
141
139
137
137
136
134
133
134
136
136
136
137
141
142
143
143
143
144
146
145
145
144
143
142
142
142
142
142
143
142
139
138
137
135
134
133
134
134
135
135
133
131
130
130
129
126
125
122
119
114
111
106
102
100
97
96
94
91
86
78
69
58
47
37
35
35
34
34
36
35
34
120
124
132
137
143
145
148
154
160
159
161
161
161
160
159
157
156
154
155
154
150
147
143
140
138
136
136
135
134
134
134
136
136
137
139
141
144
144
144
144
145
146
146
145
145
143
142
141
141
141
143
142
141
138
137
136
135
133
133
133
133
134
134
133
130
129
130
129
126
124
122
119
115
111
104
102
102
101
98
98
93
87
81
73
62
51
42
35
34
32
35
37
36
35
120
123
130
137
143
143
144
149
153
154
154
156
158
158
157
157
155
154
155
152
150
147
142
140
138
137
135
135
133
133
133
134
135
136
137
140
143
144
144
144
145
145
145
146
144
143
142
141
141
141
142
141
138
137
136
136
134
132
132
132
132
133
133
132
131
129
129
128
126
124
122
118
114
110
106
103
102
101
100
98
93
87
82
74
67
59
49
41
36
34
35
38
38
36
121
123
129
135
143
142
139
142
147
147
148
151
153
154
154
154
153
153
154
152
150
146
142
140
137
137
134
134
132
132
132
132
132
133
135
136
139
141
142
142
144
144
146
144
144
142
141
141
141
141
141
140
137
134
134
134
133
132
130
132
132
133
133
133
132
131
128
128
126
124
122
118
113
109
106
103
101
101
100
97
94
86
81
75
70
65
56
47
41
37
38
40
41
38
123
124
127
135
141
140
136
138
142
143
144
146
148
149
150
150
149
149
151
150
148
145
140
137
136
135
134
134
132
131
130
130
130
131
133
133
135
137
139
141
142
143
146
146
144
142
141
140
140
141
142
140
137
134
133
134
133
132
132
133
134
134
134
134
132
131
129
127
126
124
122
118
113
108
106
103
101
100
99
97
94
86
83
77
73
70
61
51
42
37
40
43
44
40
124
125
131
136
140
138
134
133
135
139
142
142
146
149
150
148
144
143
145
144
144
141
139
135
133
134
131
131
132
132
130
130
130
130
131
132
134
136
138
139
141
143
144
146
146
142
140
139
140
141
143
141
139
136
135
135
134
134
133
133
134
134
135
136
135
134
129
128
126
124
121
119
114
111
109
106
102
101
101
98
91
85
86
81
79
76
68
57
47
38
42
45
46
43
127
128
131
135
139
138
135
134
133
134
138
141
145
149
148
146
142
140
139
138
137
136
133
131
129
129
128
128
128
129
128
128
128
128
128
130
132
134
136
137
140
141
144
146
144
142
140
140
140
141
144
143
139
136
135
135
134
132
133
133
133
135
136
137
137
136
129
127
125
124
121
118
114
111
109
106
102
102
101
98
91
84
87
84
83
81
73
62
51
42
44
45
46
43
132
131
131
134
136
135
135
133
129
126
133
137
144
148
147
143
141
139
137
135
134
132
131
130
128
128
127
127
127
126
127
127
127
127
128
128
131
133
135
135
138
140
143
144
144
142
140
140
141
141
143
142
139
136
135
134
133
132
133
132
133
135
136
137
136
135
126
125
124
122
119
116
112
110
109
107
103
102
101
98
91
85
87
84
86
85
78
67
56
47
46
46
45
43
134
132
132
132
133
133
133
129
126
122
127
132
140
145
147
144
141
141
139
136
133
132
132
131
130
130
129
128
127
127
127
127
127
127
128
128
130
132
134
135
136
139
142
143
143
141
140
140
140
141
142
141
139
137
134
133
131
128
130
128
130
131
132
131
130
128
124
124
122
121
118
115
111
110
109
107
105
103
102
99
92
86
86
85
86
87
80
70
59
51
46
45
44
42
135
133
131
131
132
131
131
128
125
123
126
129
135
140
144
145
144
144
142
139
136
135
133
133
132
133
133
131
130
128
128
128
127
127
128
128
130
131
132
134
135
137
140
141
141
139
138
137
138
138
139
138
136
134
133
130
128
125
124
123
123
123
124
123
122
120
121
121
120
120
118
116
114
111
109
108
105
104
103
100
93
88
87
86
87
87
81
73
63
56
49
46
43
42
135
132
130
129
130
130
129
127
126
125
127
129
132
137
142
145
145
145
145
141
138
137
136
135
135
135
135
134
131
129
128
129
128
127
128
128
128
130
131
133
134
135
137
137
137
136
134
134
134
134
134
133
132
130
128
126
124
122
119
119
118
118
119
120
119
118
118
118
117
118
118
117
114
113
110
107
106
105
103
100
95
89
88
85
83
84
79
73
67
62
53
49
45
45
132
129
127
127
127
128
128
125
124
124
124
124
128
132
137
139
141
142
142
140
137
136
136
134
133
133
131
129
126
125
125
125
124
124
126
125
125
126
127
128
130
132
132
133
132
130
129
129
129
129
128
128
125
124
124
125
124
124
120
118
118
117
119
120
120
120
119
118
116
117
116
116
114
113
108
107
107
106
105
102
96
91
85
82
80
80
77
74
69
64
57
51
46
47
131
126
126
123
124
126
127
124
122
121
118
118
121
126
130
133
135
138
137
134
134
133
133
131
129
128
126
124
121
118
118
119
119
118
122
120
120
122
123
124
126
127
128
129
129
128
127
127
126
126
125
124
123
122
123
125
126
127
120
120
120
119
121
123
122
122
121
119
118
117
116
115
113
112
109
108
107
106
105
103
96
92
85
80
79
78
75
74
71
67
60
54
49
50
127
123
122
123
126
128
127
124
122
119
118
116
116
119
123
129
135
135
134
132
130
129
129
129
128
127
124
122
119
117
117
115
113
112
113
114
116
117
120
121
123
124
125
126
127
127
127
126
126
125
124
124
123
122
122
125
126
125
121
119
117
116
118
121
122
120
120
118
117
117
117
116
115
113
111
107
106
107
106
103
98
94
87
80
78
79
78
76
74
71
63
55
52
51
126
122
120
122
126
128
128
124
122
121
118
115
115
118
122
130
136
136
134
131
128
127
127
126
124
124
122
119
118
115
113
112
110
110
110
112
114
115
116
118
120
122
124
126
128
129
129
128
127
126
123
123
122
122
123
123
122
121
119
117
115
115
117
120
119
118
118
117
115
113
113
113
112
110
109
106
105
107
105
103
99
95
90
82
79
80
82
80
77
73
63
56
51
52
122
119
118
120
123
125
125
124
121
119
119
116
115
118
124
131
137
137
134
130
126
124
123
123
123
122
120
117
115
113
109
108
108
108
108
109
112
113
114
116
119
120
123
126
128
129
129
128
127
126
124
125
125
125
125
124
121
119
117
114
113
112
114
116
116
116
115
116
113
110
109
110
109
106
106
103
103
105
105
104
101
97
91
84
80
81
84
82
77
72
64
56
51
51
121
116
114
118
121
123
122
121
119
118
118
115
113
116
121
129
135
136
133
127
123
121
122
122
122
121
117
115
112
111
109
108
108
108
109
109
110
112
113
114
117
119
120
123
125
125
125
124
124
123
124
125
125
126
126
125
122
120
115
113
110
109
111
114
114
113
112
114
113
107
106
107
108
105
104
102
102
103
103
104
101
95
90
84
80
82
82
82
77
72
65
57
52
51
119
114
112
115
119
121
120
119
118
116
116
112
110
111
116
124
129
131
129
125
121
119
120
122
120
120
114
112
109
109
111
109
108
106
108
108
108
108
108
109
113
114
116
117
118
117
117
118
118
118
119
120
120
120
121
121
120
119
114
113
109
108
109
112
112
111
110
112
111
106
104
105
105
104
103
101
103
104
105
104
100
95
90
85
82
83
82
81
77
71
64
57
52
52
113
109
111
113
117
119
119
119
118
116
115
110
108
109
111
118
124
125
125
122
120
120
121
121
121
120
113
109
107
108
109
109
106
105
107
106
105
104
104
105
107
108
112
113
113
112
112
113
114
115
115
114
113
112
114
115
117
117
115
113
111
109
112
114
113
112
109
112
110
107
105
104
106
104
104
103
104
104
104
104
100
96
90
86
85
84
82
81
76
70
61
55
51
52
110
106
109
111
115
117
119
119
118
117
115
110
108
107
109
115
121
123
121
120
119
120
122
122
121
120
112
110
106
106
106
106
105
103
106
105
104
103
103
105
107
109
113
114
115
114
114
115
115
115
114
113
112
110
111
113
117
118
117
116
114
114
115
117
115
114
111
112
111
109
105
103
103
103
105
105
106
104
102
102
102
96
93
89
85
84
82
80
74
66
59
52
49
51
110
108
107
109
112
116
118
118
118
117
113
109
107
106
107
112
120
121
119
118
118
120
122
120
118
116
113
111
108
106
105
103
102
103
105
105
104
104
105
108
112
114
119
120
121
121
119
119
119
118
114
114
112
111
112
115
120
122
122
121
118
118
119
120
119
117
113
113
111
110
107
105
103
103
105
105
105
103
101
101
100
96
94
89
86
84
82
80
72
62
56
50
48
49
108
108
105
107
108
111
114
115
116
115
112
109
106
103
106
109
114
115
116
116
117
120
119
116
115
115
113
111
107
105
104
104
106
109
108
108
108
109
111
114
119
121
127
128
128
128
125
123
122
120
116
115
114
114
114
117
122
124
125
123
120
118
120
119
116
113
110
112
111
109
106
105
103
100
103
105
104
102
100
100
98
95
93
91
87
84
83
78
68
60
52
49
46
47
106
107
107
107
107
109
111
112
113
112
111
109
105
103
104
107
111
113
114
115
116
118
117
114
113
113
113
110
108
107
106
106
109
111
110
112
112
113
116
120
124
128
130
131
131
130
128
127
124
122
117
116
115
117
120
124
125
126
126
124
122
118
119
118
116
113
108
112
112
111
109
106
105
103
104
105
104
103
99
98
97
96
92
89
84
82
81
77
68
58
50
48
46
46
103
105
108
108
108
108
109
110
111
110
111
109
105
103
104
106
110
112
111
114
116
117
116
113
112
112
113
111
110
109
108
110
111
113
113
114
114
114
114
117
121
123
127
127
128
127
127
125
122
119
118
116
115
120
123
125
125
126
127
125
122
120
119
119
118
115
112
112
115
116
114
109
106
106
104
105
106
104
100
96
95
96
92
89
84
82
80
76
67
59
48
47
45
46
97
100
106
109
110
109
109
108
109
109
109
109
107
105
104
106
110
113
113
114
116
118
117
115
114
113
114
112
111
111
112
113
114
117
118
118
118
117
117
117
118
120
123
125
125
126
127
127
123
120
121
118
117
120
123
124
124
125
123
122
120
118
120
121
122
121
118
117
118
119
117
112
108
107
110
110
109
108
104
99
96
96
94
90
84
82
79
76
65
57
44
45
45
45
93
96
101
105
109
109
106
105
106
106
109
109
108
105
104
105
110
113
114
114
116
117
118
118
115
113
113
112
112
112
113
116
118
120
121
121
121
120
119
119
119
120
121
122
123
125
127
127
124
121
118
116
114
115
117
116
118
121
123
122
121
122
125
128
130
130
129
124
123
124
123
119
115
113
111
110
109
108
105
99
95
94
92
89
85
80
78
73
64
56
42
42
43
42
89
93
96
100
105
105
102
101
102
103
109
110
109
107
104
105
109
113
116
116
115
117
120
120
118
115
112
111
110
111
114
117
119
122
123
123
124
123
122
121
121
121
123
123
123
125
126
126
123
121
113
111
110
109
108
109
112
114
114
113
113
113
116
120
122
122
119
115
113
113
114
111
109
107
105
103
101
100
100
98
95
94
90
88
84
81
79
75
65
57
43
44
45
43
88
91
93
95
98
100
99
99
101
102
108
109
110
107
104
105
109
113
115
116
117
119
122
123
120
117
113
111
110
111
116
119
122
125
128
128
129
129
130
130
128
127
128
127
124
123
123
123
120
119
115
114
111
108
106
107
108
108
108
105
102
100
101
102
101
99
93
91
90
90
92
94
94
92
87
86
85
85
87
92
96
96
87
85
82
81
81
77
68
60
46
50
54
55
87
90
90
90
91
93
96
98
101
101
104
108
108
106
102
104
108
113
115
116
119
121
123
123
122
119
116
116
115
116
119
122
127
130
128
128
128
130
132
133
133
132
130
127
122
118
117
117
116
115
116
114
109
104
102
103
102
98
93
89
83
79
76
75
70
67
58
60
60
60
63
66
68
68
64
63
63
63
70
80
87
91
83
82
79
80
80
78
69
61
50
56
64
68
90
92
88
88
88
89
92
95
98
99
104
107
109
107
104
103
107
112
118
123
123
126
125
121
120
119
117
115
116
120
120
121
124
125
124
123
123
124
127
130
128
125
124
120
115
113
111
113
114
118
118
117
112
107
105
103
98
91
86
76
69
62
55
49
44
39
34
34
35
36
38
41
43
43
42
45
45
45
51
62
73
78
77
80
85
81
84
75
67
58
49
67
77
82
88
90
88
88
89
91
94
96
96
96
100
104
106
105
102
102
109
117
122
127
127
129
128
122
120
118
116
113
111
111
107
106
105
103
100
98
98
101
104
105
106
103
105
102
101
102
103
107
112
116
119
117
115
110
107
104
95
86
79
70
60
52
44
37
31
26
21
21
20
21
23
25
27
28
30
30
30
30
35
43
53
60
68
77
83
81
82
71
62
57
54
77
92
94
90
91
90
90
91
93
98
99
96
95
94
97
101
101
102
107
116
123
128
133
134
132
130
123
119
111
105
99
96
92
87
82
79
76
76
73
72
74
76
77
77
78
80
80
83
87
94
101
108
112
114
115
114
112
109
106
95
87
79
70
59
51
41
34
28
22
19
18
17
16
16
16
18
20
20
16
16
18
21
24
33
42
54
67
77
78
81
71
63
62
57
82
104
102
92
92
91
92
94
97
99
99
96
95
94
94
96
98
104
111
117
122
129
135
135
134
129
119
108
95
87
80
72
67
61
57
54
51
53
50
50
48
48
48
51
54
57
60
66
75
85
95
103
109
111
111
110
109
107
103
96
88
81
74
66
58
51
44
38
31
27
25
21
19
17
16
17
19
17
14
13
15
18
20
25
31
38
50
59
65
74
70
67
68
61
81
104
99
88
89
90
92
95
98
98
98
97
97
99
99
99
100
102
109
115
119
128
132
131
127
115
103
88
70
61
54
46
42
37
36
34
32
30
29
29
28
26
24
28
34
41
47
58
70
81
91
98
103
105
107
107
107
105
101
93
88
81
77
72
67
61
56
49
43
36
33
28
25
22
20
21
22
21
20
19
21
26
30
29
28
30
36
41
53
66
69
69
73
69
81
97
94
84
85
86
91
95
99
98
98
98
98
100
103
103
102
103
108
115
120
126
122
116
109
91
74
59
42
33
27
23
22
22
21
22
21
19
20
21
19
17
17
23
30
39
47
57
69
81
90
96
99
100
102
105
107
105
101
95
92
87
84
80
77
71
67
60
52
46
42
37
35
31
29
30
32
31
33
33
33
38
44
41
35
28
28
31
44
58
68
71
75
76
81
86
84
82
84
87
93
99
103
101
100
99
99
99
102
103
102
105
108
110
112
110
101
89
77
59
45
35
22
18
16
16
17
19
19
21
20
19
22
25
23
23
26
34
39
51
57
66
74
82
89
94
96
95
100
103
104
104
100
96
94
93
89
86
82
77
72
65
56
49
43
39
35
33
30
31
35
36
39
40
43
47
53
51
45
33
29
31
43
48
59
67
73
78
79
76
74
83
85
89
96
103
108
106
102
100
99
99
100
101
103
106
107
102
96
87
77
63
52
37
27
25
18
18
17
19
24
25
26
24
22
22
26
28
28
31
36
44
49
61
67
73
76
81
88
90
91
95
98
102
101
99
94
93
93
91
88
84
78
73
69
62
53
46
41
36
33
30
28
28
32
34
36
39
42
49
53
54
50
46
41
42
51
47
56
64
71
78
79
70
66
84
86
91
99
105
107
107
106
103
100
98
101
107
108
106
101
91
79
65
53
40
33
30
27
27
26
26
27
27
29
30
30
28
28
27
28
32
35
38
42
49
56
67
72
75
75
80
84
87
88
90
95
99
101
99
92
89
86
83
79
73
67
62
58
51
43
35
33
31
29
27
24
26
27
32
31
35
39
42
47
53
56
53
56
57
54
55
58
62
69
78
80
65
62
85
90
94
100
105
106
105
106
103
100
103
106
108
105
98
88
77
65
48
37
29
30
32
34
37
38
36
33
32
31
30
31
30
30
24
25
29
35
38
42
48
55
60
64
67
69
75
79
81
83
85
92
97
102
99
90
85
80
75
68
60
55
50
46
38
28
24
25
26
28
27
26
27
30
31
30
32
35
37
42
51
57
57
61
62
61
60
61
65
70
78
81
68
66
87
93
97
102
106
107
107
107
105
104
108
107
105
99
87
74
62
52
45
36
32
38
44
46
46
46
41
36
30
26
24
23
23
24
24
22
25
29
30
32
39
46
49
51
51
55
61
63
67
74
79
90
99
103
99
89
81
71
67
59
49
43
39
36
29
21
20
25
29
32
34
34
34
36
35
35
36
35
35
36
43
51
54
61
65
65
65
66
68
73
80
83
75
75
92
97
101
105
109
110
111
111
110
109
109
106
101
93
77
65
55
49
49
43
43
47
50
48
44
37
33
31
28
26
25
25
25
26
26
21
20
21
19
20
27
36
40
40
39
43
47
51
58
66
77
92
103
107
103
91
78
65
59
51
41
35
30
28
25
22
25
33
39
41
42
40
37
40
39
40
40
36
30
27
32
41
50
59
66
68
71
71
74
78
80
84
85
86
98
103
105
108
112
113
113
113
112
111
109
103
96
86
72
61
55
51
52
49
49
48
46
43
39
31
28
28
30
32
33
33
34
33
34
31
28
22
16
16
21
30
33
32
34
40
47
51
58
66
77
94
106
114
108
95
79
64
53
46
37
31
26
25
28
30
39
49
52
50
48
43
39
43
44
47
48
42
33
27
30
42
49
61
70
76
77
78
78
82
82
88
96
98
107
107
107
110
115
115
115
112
111
110
106
100
92
83
73
67
62
58
60
54
50
44
37
35
36
32
31
31
32
36
40
41
42
40
46
48
45
33
22
18
22
24
26
28
34
43
53
55
60
67
79
95
111
119
116
102
85
69
54
45
37
33
27
25
33
42
55
64
62
52
46
38
35
40
47
57
60
53
43
34
37
48
52
64
76
81
83
83
83
85
86
92
108
111
112
109
107
110
116
118
116
113
111
111
106
101
93
85
78
75
70
63
60
51
43
35
30
27
33
38
40
38
36
37
42
46
48
48
52
62
62
45
31
27
28
26
29
32
39
50
60
64
66
69
81
98
116
128
127
113
95
79
61
48
40
40
34
29
37
49
65
71
63
46
35
25
24
31
46
63
73
67
58
49
48
58
62
72
82
89
91
88
86
86
88
96
115
118
114
108
107
111
117
119
118
114
113
114
110
105
98
88
82
79
73
63
55
43
34
32
28
28
38
49
55
47
38
34
35
37
38
39
54
68
69
53
38
38
39
37
37
41
47
57
66
70
73
75
84
101
120
135
135
122
104
88
71
58
51
50
44
38
45
57
72
78
65
42
28
18
17
26
45
71
87
86
78
68
66
73
75
84
92
96
96
92
87
85
88
95
117
120
109
108
108
112
118
119
118
115
115
117
111
107
98
89
83
76
66
62
51
40
32
33
36
32
44
64
71
62
40
24
22
20
23
30
51
71
75
61
50
50
53
48
54
52
59
68
74
77
77
78
85
99
119
134
137
127
109
96
79
70
65
63
57
55
60
66
74
80
69
50
36
22
22
32
51
75
91
96
93
84
83
85
90
93
100
103
101
96
87
86
85
96
116
125
106
105
106
113
118
119
116
114
115
119
115
110
100
91
83
73
64
60
49
43
38
45
48
47
60
78
84
71
45
25
18
17
18
26
48
69
75
66
59
61
67
66
67
65
70
75
77
80
80
82
87
99
116
127
130
123
109
100
88
81
77
78
73
70
72
75
80
84
77
64
54
44
40
47
60
79
90
94
96
91
93
100
102
104
110
111
109
101
90
85
82
94
113
125
104
102
104
111
118
119
114
112
115
121
117
112
103
95
86
75
66
64
61
63
63
69
73
71
80
93
94
82
57
36
28
24
27
33
49
68
74
70
67
73
83
85
81
79
81
81
79
82
85
90
94
103
114
120
122
120
112
106
101
96
94
93
89
88
85
82
81
82
81
78
70
63
61
62
68
80
85
91
97
97
104
111
112
113
118
117
111
103
89
82
81
92
111
124
104
100
103
108
115
117
113
111
114
120
119
116
108
102
95
85
79
79
82
89
94
100
98
94
96
100
101
89
69
54
48
46
47
51
57
69
73
71
73
79
89
92
88
86
88
84
81
85
91
97
104
113
118
118
118
119
115
111
111
107
104
102
99
97
91
84
76
75
78
80
76
73
72
69
72
78
80
87
95
100
110
116
121
118
120
117
113
104
91
83
82
90
109
122
106
103
101
105
109
112
112
112
114
120
121
120
116
112
107
101
97
98
104
113
120
125
121
113
109
105
103
91
77
69
67
66
65
68
66
70
68
68
74
80
88
90
88
88
91
87
84
91
100
109
116
122
124
120
119
118
117
113
113
112
110
107
104
102
93
82
72
68
71
74
70
70
74
72
73
76
79
87
98
106
115
121
124
120
118
114
109
104
94
88
86
92
109
122
109
107
102
101
105
109
112
113
115
120
125
126
124
120
117
113
111
113
122
127
132
135
130
122
114
103
95
87
83
83
83
80
75
74
69
69
64
68
73
79
85
85
88
88
92
91
90
98
110
121
127
127
127
125
123
122
120
114
116
116
115
113
110
106
93
79
69
63
65
67
65
66
71
71
76
80
84
95
104
113
123
125
125
120
116
110
106
104
95
90
88
93
110
121
114
112
105
103
105
110
114
116
118
121
127
130
129
125
124
123
122
123
126
127
128
127
121
116
108
94
87
82
82
86
84
78
74
72
69
69
67
72
80
83
88
91
96
95
100
100
99
107
119
133
134
131
127
126
129
129
122
114
114
114
118
117
115
112
101
88
78
72
71
72
72
73
77
81
87
93
98
108
116
123
131
130
130
125
119
111
107
104
95
89
86
94
111
120
118
118
108
106
106
112
117
119
120
122
127
131
131
127
127
129
128
128
127
125
121
120
116
112
107
93
87
80
78
79
73
69
69
70
71
73
74
82
90
91
96
100
108
106
110
110
108
115
128
143
136
129
124
125
131
131
123
113
107
110
115
119
121
121
113
103
93
89
86
87
88
89
93
97
100
107
114
121
126
132
138
136
130
125
119
110
103
100
90
82
83
93
110
120
123
116
108
105
105
109
114
118
120
122
127
129
130
129
128
128
131
132
131
128
121
117
114
112
107
102
95
91
84
75
70
69
71
72
72
76
81
89
96
99
105
113
119
126
128
123
116
118
132
147
138
128
123
126
130
131
124
111
103
102
106
114
119
124
124
119
111
104
101
104
104
102
104
108
112
118
126
131
135
138
138
136
129
122
114
106
100
94
85
76
80
88
105
117
115
109
107
105
104
108
111
114
117
121
121
124
126
126
127
127
129
132
130
128
123
119
118
119
116
112
112
108
100
93
86
84
83
83
80
85
91
98
104
107
111
119
130
137
139
134
126
125
136
152
142
131
125
128
133
136
128
114
104
102
105
109
116
123
128
128
124
121
119
117
117
116
116
118
121
126
133
137
138
138
135
131
124
117
107
101
95
91
85
76
77
87
106
120
109
103
103
103
104
106
109
111
115
120
118
120
122
123
124
126
129
132
130
129
126
123
125
127
127
125
126
124
119
111
106
102
100
99
96
102
108
113
115
113
115
122
133
141
145
142
136
133
145
159
148
136
130
133
139
140
132
116
106
104
104
107
112
120
128
130
132
134
133
129
127
127
127
125
128
133
138
141
141
138
131
126
119
112
106
101
96
93
86
77
77
89
109
122
103
99
98
99
102
106
108
111
114
117
117
118
120
121
122
124
128
132
132
132
129
127
127
130
131
131
132
132
131
127
121
117
115
116
117
122
125
126
123
119
121
126
132
139
144
143
137
136
148
163
152
141
135
138
143
144
133
117
108
105
106
109
111
117
122
124
130
137
138
134
131
132
132
130
131
134
139
142
142
137
129
123
118
111
107
105
101
97
88
79
83
95
113
126
95
95
93
96
101
106
110
112
113
113
114
115
115
116
118
121
125
129
133
133
131
129
128
129
130
130
134
136
138
136
130
127
129
131
137
139
139
135
129
126
127
133
138
143
146
143
137
133
146
164
155
143
137
140
144
144
132
116
105
103
106
110
112
116
118
120
129
136
140
138
137
136
136
135
133
135
139
143
143
139
130
123
118
111
108
106
104
98
90
82
86
100
119
128
92
90
90
94
101
108
111
113
112
111
111
110
110
112
114
118
122
128
132
135
133
130
128
126
128
128
132
137
140
140
137
134
138
142
148
149
144
138
132
129
131
137
144
146
146
143
134
130
142
161
155
143
138
141
145
144
131
112
100
98
104
110
112
114
119
121
129
135
139
141
140
141
141
140
137
138
141
144
145
140
132
124
121
112
107
105
102
98
91
84
85
100
120
128
92
89
89
93
101
106
110
112
112
110
109
108
108
110
112
115
121
126
133
135
136
131
127
126
126
126
130
135
140
143
143
143
146
151
154
153
148
139
132
128
129
135
140
142
143
140
131
128
140
161
153
141
135
140
147
146
131
110
97
96
102
109
111
112
116
120
127
131
137
139
140
143
143
140
139
138
139
143
144
140
132
125
123
112
106
102
99
95
88
83
83
100
119
127
94
89
88
92
99
104
108
109
109
109
108
106
106
109
111
113
119
123
133
137
138
133
128
126
125
125
129
134
139
145
147
149
154
158
160
158
149
139
131
127
126
130
136
137
139
138
131
126
140
160
151
139
133
139
147
147
130
109
96
97
103
110
109
108
111
115
124
130
136
136
140
145
145
140
136
134
135
140
142
138
131
125
120
111
104
100
97
90
83
76
84
100
117
123
96
90
89
90
94
100
103
103
105
106
105
105
105
105
108
112
119
123
133
137
140
139
133
128
126
125
128
134
142
146
147
152
159
161
160
156
152
140
128
119
118
125
129
133
137
140
130
131
139
157
151
138
133
139
146
146
135
115
101
100
102
106
106
103
106
112
122
128
133
135
138
141
144
146
137
137
135
135
136
134
127
122
117
109
100
98
96
89
79
76
86
102
114
113
98
90
89
89
91
94
98
99
100
102
103
105
105
106
109
113
120
124
137
140
142
141
137
131
128
126
129
133
141
146
147
151
156
156
153
147
144
133
122
114
112
118
123
131
137
140
132
133
141
156
147
136
134
141
146
146
135
115
103
99
100
103
105
105
107
113
118
125
128
130
134
138
140
141
137
134
133
132
132
128
123
118
115
108
99
97
95
89
79
76
90
104
112
111
100
93
91
91
91
91
92
94
98
101
104
106
108
109
110
114
121
127
138
141
143
142
138
132
129
126
127
130
137
142
145
147
151
149
144
137
132
124
116
111
108
113
120
131
137
137
130
133
141
150
144
137
138
145
150
149
136
117
104
98
97
101
105
107
108
111
114
118
120
123
128
132
134
135
131
129
126
125
125
123
118
112
111
105
97
93
94
86
78
74
90
104
110
105
100
95
93
93
93
92
91
93
96
100
104
105
108
108
109
113
119
124
133
136
139
138
134
127
125
123
123
124
129
134
138
141
142
139
135
126
119
112
107
105
104
108
119
132
138
135
130
134
145
150
145
141
142
150
156
153
137
117
103
100
98
101
106
107
108
108
110
114
115
117
123
126
126
127
126
124
121
119
119
118
114
111
109
103
95
91
90
85
76
71
85
99
105
100
98
93
92
94
95
94
92
93
96
99
101
103
104
105
107
110
116
120
126
129
132
131
126
122
119
119
120
119
121
126
129
134
134
130
126
115
107
99
96
96
97
101
116
132
139
137
135
140
150
150
144
142
143
151
158
153
136
117
107
105
105
106
108
108
107
107
108
110
110
113
119
121
120
121
121
120
118
118
118
117
114
112
109
103
96
91
89
82
74
70
82
94
100
96
94
90
91
94
98
96
95
95
98
100
99
100
102
103
104
108
113
118
122
124
126
126
121
118
117
118
118
116
117
119
123
126
126
123
117
107
99
92
90
90
91
97
114
131
139
139
138
138
147
143
139
135
135
143
149
144
129
114
109
110
111
111
109
109
108
108
107
108
108
109
113
116
116
117
119
120
120
120
118
117
115
113
111
106
97
91
87
80
72
69
80
91
95
92
95
90
92
96
99
97
95
96
98
101
99
100
101
102
104
107
111
114
119
119
119
117
115
113
113
114
114
113
113
115
115
116
114
110
107
99
94
90
88
88
90
98
113
129
138
137
135
130
137
132
128
124
121
126
133
129
118
110
110
112
113
111
109
109
109
109
108
106
102
101
104
106
108
110
115
117
120
119
119
117
114
113
111
107
98
90
85
78
70
68
78
89
93
91
97
91
93
97
100
97
94
95
97
99
99
100
101
102
103
106
109
112
115
114
112
110
108
108
109
109
109
107
108
109
108
108
104
100
96
91
89
87
87
88
91
99
113
128
134
133
131
124
131
126
118
113
109
113
119
117
110
108
109
111
112
108
107
107
108
108
108
105
99
96
97
99
101
105
110
114
118
119
118
116
113
112
110
106
97
88
83
76
69
67
77
88
95
94
100
94
94
98
99
97
94
94
96
98
97
99
102
102
104
106
108
112
110
109
107
105
105
105
105
104
103
104
105
105
104
100
94
91
86
82
83
87
90
91
94
103
117
127
134
130
122
119
118
117
113
103
98
101
106
108
108
109
111
107
107
103
100
101
104
110
115
109
104
93
94
88
91
93
99
108
113
114
116
112
107
108
109
104
96
85
80
76
69
66
80
92
98
99
100
94
93
95
98
96
94
94
98
99
99
100
100
102
102
106
109
112
110
108
105
102
103
104
103
102
101
102
104
105
102
97
88
82
80
78
80
84
89
91
91
98
109
116
117
112
105
104
107
109
107
100
95
97
99
101
102
105
102
97
94
91
89
93
102
114
121
118
110
98
90
85
84
85
92
101
106
107
108
104
102
102
106
101
93
84
78
75
71
71
84
96
102
103
98
92
92
94
95
93
92
94
98
100
101
101
100
100
102
105
108
110
110
107
103
101
103
103
102
98
94
96
100
102
99
92
82
75
74
75
80
83
90
91
86
86
96
97
94
87
81
81
88
94
95
94
92
92
91
90
93
95
87
78
72
70
71
78
94
114
128
129
118
104
89
82
78
78
84
93
99
99
100
99
97
97
99
93
88
82
76
72
71
77
89
101
106
108
94
90
90
92
95
93
92
93
96
100
101
101
99
99
100
103
106
107
109
107
105
102
102
102
98
96
91
93
95
95
91
85
79
76
77
80
87
89
92
90
78
72
76
74
69
61
53
53
62
71
79
85
89
89
87
83
81
79
67
55
49
49
52
64
85
109
128
133
125
111
93
86
77
74
79
87
94
96
98
98
96
93
89
86
85
81
75
70
71
83
95
105
110
112
93
90
89
92
95
93
92
93
96
100
101
101
99
99
100
102
103
103
106
106
105
102
101
98
95
93
92
92
91
86
81
77
76
76
83
87
93
93
94
87
71
61
60
56
51
42
31
28
36
46
60
70
80
84
81
73
65
58
43
34
33
38
48
63
84
106
123
131
126
115
99
92
80
75
75
81
88
93
98
99
98
93
83
81
85
82
74
68
73
90
101
111
114
118
94
91
88
91
95
93
92
93
97
101
100
99
99
99
100
101
101
101
102
105
105
102
100
97
93
91
90
88
85
78
72
71
74
79
86
87
90
87
89
85
71
64
61
58
53
41
28
22
25
31
42
52
64
70
69
60
49
41
32
30
36
48
61
78
93
110
118
126
124
115
106
99
87
79
72
73
79
87
92
96
98
93
82
83
86
83
76
68
76
95
106
115
119
123
96
93
91
92
95
93
91
92
98
102
100
101
100
98
100
100
101
101
101
102
102
101
99
97
92
89
86
84
79
73
69
70
75
80
84
83
81
79
82
87
84
83
83
82
74
61
46
34
28
28
29
37
48
56
55
47
40
35
34
41
56
70
83
95
103
110
114
118
118
111
110
105
94
83
75
71
72
78
82
88
93
94
87
87
87
82
72
67
77
97
113
121
124
128
99
97
92
95
96
92
90
92
98
101
101
101
100
98
99
99
101
101
99
100
100
99
98
96
92
89
86
84
77
72
67
70
75
79
82
78
75
73
82
92
99
104
104
103
96
82
65
49
35
29
22
28
38
44
45
41
38
36
42
54
73
87
96
104
105
106
108
110
110
106
111
106
99
88
79
70
68
71
73
80
90
94
92
89
87
79
70
66
77
98
118
127
129
131
103
99
94
94
93
92
91
93
96
99
100
100
98
99
99
99
98
97
100
98
99
99
98
96
92
87
83
80
73
69
67
68
72
75
77
75
75
77
84
97
108
112
113
108
102
94
79
62
44
32
25
24
27
31
32
30
32
36
51
69
86
98
104
107
105
103
100
103
103
101
102
104
99
90
82
75
71
72
77
81
88
93
91
85
82
76
67
65
81
103
124
133
133
135
101
97
94
93
92
90
91
94
96
98
98
96
97
98
98
98
98
97
100
99
99
99
96
94
91
86
82
78
72
68
67
68
70
72
70
69
71
73
82
96
107
109
106
104
101
95
85
71
54
41
28
24
22
25
27
31
39
47
61
76
90
98
102
104
100
98
98
99
97
94
95
96
92
89
83
79
75
77
80
83
87
91
87
81
78
73
67
68
84
109
131
136
135
138
98
95
94
92
89
89
92
95
97
97
97
97
97
97
98
98
98
98
100
98
98
97
94
92
90
87
80
77
71
68
67
67
67
69
67
67
69
73
84
99
107
106
101
100
98
95
89
80
65
52
41
32
26
25
26
31
42
53
63
74
84
90
96
100
97
96
95
94
92
89
87
85
84
84
81
79
79
81
83
84
86
88
85
78
75
70
66
69
88
116
141
143
139
142
94
93
91
89
88
88
92
94
96
96
97
96
96
96
97
98
98
98
98
96
97
96
94
93
90
87
80
76
70
68
67
67
69
70
68
69
72
79
89
102
108
103
97
93
92
90
87
83
74
62
51
42
34
33
34
39
49
60
70
77
83
87
91
94
96
97
95
94
91
88
83
80
78
77
74
74
78
80
83
84
84
85
83
77
73
69
69
75
95
124
149
151
147
149
92
90
88
88
88
90
91
94
95
96
95
94
94
94
95
96
97
97
96
94
94
93
92
90
88
83
79
74
68
66
65
67
69
71
70
71
75
80
90
102
104
98
89
86
84
83
81
82
76
68
60
54
46
45
44
47
56
63
74
81
84
87
89
94
97
100
99
97
94
86
81
78
74
71
69
69
73
79
81
83
83
81
79
76
72
71
74
81
101
130
155
158
155
157
90
88
86
87
88
90
91
93
94
95
93
92
92
92
94
95
96
96
96
94
93
92
89
88
85
79
75
69
63
61
63
65
68
69
70
71
74
81
89
99
100
95
83
81
82
82
80
78
75
72
71
68
64
60
59
60
67
72
79
83
86
87
90
93
96
99
97
95
90
83
77
75
72
68
67
70
73
78
81
82
80
79
77
75
72
72
77
82
101
131
161
162
158
162
90
87
86
87
87
89
90
92
93
94
94
93
90
90
93
94
95
96
95
93
91
90
88
87
85
81
76
69
65
62
64
66
68
68
70
70
72
77
83
92
93
90
82
81
83
85
82
79
77
78
82
82
80
77
75
79
82
86
89
92
93
91
92
91
90
90
88
86
82
79
75
70
69
68
69
72
76
79
81
81
79
78
78
75
71
70
77
85
105
135
166
164
159
163
90
87
87
87
86
88
90
92
93
94
94
93
90
90
92
93
94
94
94
91
91
90
87
88
88
85
79
74
70
68
68
69
70
69
68
66
67
72
79
85
87
85
81
81
84
89
86
84
87
90
93
96
95
89
86
88
88
88
88
90
90
89
90
87
84
83
78
75
74
76
73
67
65
69
70
74
78
79
81
79
78
77
78
74
67
67
76
89
112
147
171
168
160
164
94
92
89
89
89
90
90
91
93
94
95
95
93
91
91
91
92
93
90
90
89
88
87
87
88
88
83
77
75
74
73
73
69
64
60
59
59
59
63
67
70
71
67
68
72
73
72
69
74
80
83
83
81
77
75
77
75
73
74
73
73
73
69
63
60
60
61
64
69
72
74
71
70
68
71
73
79
80
80
79
78
78
77
72
73
65
80
93
129
160
171
170
168
171
98
96
92
92
91
90
90
91
94
95
96
95
93
91
90
90
90
89
88
88
88
87
87
88
88
88
82
77
76
74
72
70
66
60
55
51
48
46
48
51
52
51
51
51
52
52
50
48
50
55
58
60
59
57
55
55
54
52
53
51
49
48
46
44
46
48
56
62
69
74
74
75
72
70
72
74
79
80
79
78
77
76
76
75
74
72
81
100
130
160
161
169
178
183
102
99
95
93
91
90
91
92
94
94
96
95
93
91
90
90
89
89
88
89
89
88
89
89
88
85
81
78
75
73
69
65
63
60
57
52
45
44
47
48
47
44
44
42
42
41
39
35
33
35
38
40
41
39
39
39
38
35
35
35
38
42
46
52
59
65
76
84
87
87
82
78
73
70
71
75
79
80
78
76
74
74
72
78
75
78
86
115
141
171
163
171
182
188
104
100
98
95
92
91
92
94
95
95
95
94
91
91
93
93
91
91
90
90
90
90
90
90
89
85
82
78
75
74
71
69
67
66
62
58
55
56
60
64
63
62
62
61
60
58
55
47
42
38
42
43
43
43
42
45
46
45
45
47
54
59
66
72
80
84
90
92
94
92
83
78
71
68
72
75
79
80
78
76
74
74
71
80
77
80
93
133
162
187
179
179
181
183
104
101
99
97
95
95
96
97
97
96
95
93
92
92
93
94
96
94
92
92
92
91
91
91
89
87
84
80
76
76
74
73
73
71
67
67
67
72
79
87
90
91
91
92
91
88
81
72
65
60
62
61
60
58
60
65
69
72
73
76
80
85
88
90
91
92
98
97
98
97
92
83
78
77
76
78
81
81
79
76
74
74
74
82
78
78
105
154
186
206
199
191
187
185
101
100
98
96
95
96
97
98
98
98
96
95
93
92
93
94
96
96
93
93
93
91
92
93
91
89
86
82
79
78
76
75
73
71
71
74
77
83
90
99
106
110
111
112
112
109
103
96
91
89
88
87
86
85
87
93
99
103
109
108
109
109
107
103
98
97
98
97
98
99
95
87
81
79
80
81
81
80
78
74
73
71
74
77
79
85
126
176
210
225
221
213
204
198
98
98
96
95
94
95
97
98
99
98
97
96
95
95
95
95
96
96
93
95
95
93
93
94
93
91
88
83
82
80
76
74
74
73
75
79
86
92
98
105
111
114
118
119
119
118
114
110
106
104
106
106
106
106
107
110
116
119
123
122
120
115
110
106
101
97
97
99
100
98
96
93
89
86
84
82
80
77
73
71
70
69
75
75
80
100
149
197
224
236
237
231
223
220
94
96
96
95
95
95
97
99
99
98
97
97
97
96
96
96
96
96
94
96
96
96
96
97
95
93
92
88
84
80
76
75
77
79
84
91
100
107
111
115
117
118
121
123
123
122
117
114
108
102
101
102
105
106
106
107
109
111
112
111
111
110
110
109
105
103
103
107
105
98
94
93
90
87
84
81
78
73
70
68
68
67
78
75
84
113
163
206
225
235
240
239
235
239
97
95
95
96
96
98
98
100
100
99
100
98
98
98
97
96
97
99
97
98
97
96
96
98
97
95
92
90
86
81
77
77
83
90
94
102
111
116
117
118
118
118
120
118
117
116
111
103
94
90
92
93
95
95
97
99
99
99
98
100
102
103
105
104
102
101
104
107
106
103
98
94
89
84
82
78
77
72
66
67
68
70
77
77
94
136
180
209
225
232
240
242
244
249
98
98
97
97
98
99
100
101
101
101
100
100
100
101
101
100
100
99
100
100
97
96
97
97
96
94
89
87
83
79
77
79
87
93
98
107
116
121
122
121
119
118
117
114
110
105
96
88
82
80
81
82
83
83
86
90
92
93
92
95
99
101
102
101
100
97
97
102
102
99
95
91
87
84
81
77
78
74
70
69
70
73
75
84
112
156
194
214
223
231
238
244
249
252
99
100
97
98
99
99
101
102
102
102
103
104
104
103
102
103
102
101
100
100
98
97
96
96
95
94
91
86
81
77
74
75
83
91
96
105
114
118
118
118
116
113
111
109
103
94
84
77
73
70
73
74
74
73
75
79
84
87
87
91
97
100
99
98
97
95
95
98
97
94
90
87
85
83
81
76
77
75
73
71
70
76
82
102
138
180
209
220
225
232
235
243
247
247
98
98
97
97
98
99
100
101
102
104
105
107
107
105
104
106
105
103
101
100
98
95
94
94
95
95
93
87
81
75
70
71
78
84
90
97
105
109
110
110
109
108
108
105
99
90
82
77
71
68
67
66
65
64
65
69
75
79
84
90
95
98
97
96
96
94
98
97
94
89
84
82
82
82
80
75
75
77
76
72
71
78
97
126
164
197
217
223
227
233
235
241
245
244
99
97
96
97
98
97
97
97
100
101
104
107
110
109
108
110
108
104
101
101
98
95
94
93
93
94
91
87
80
75
71
70
76
81
87
94
101
106
107
107
106
106
105
103
99
92
85
77
70
65
61
60
58
58
58
64
72
77
82
86
91
93
92
95
95
96
97
96
92
87
81
80
80
81
79
73
74
77
79
77
76
85
115
150
184
206
218
222
223
228
230
234
238
244
99
100
98
98
98
96
94
93
96
97
99
104
109
112
113
112
108
104
105
102
98
95
93
91
91
92
91
89
83
80
74
74
77
81
86
92
100
105
106
107
105
103
103
101
97
91
85
78
70
65
62
61
60
60
64
69
76
81
85
88
90
91
91
92
93
94
94
93
90
87
81
79
78
78
78
76
75
77
82
83
88
102
132
166
194
208
215
216
214
218
226
228
234
241
99
103
102
103
101
97
92
89
90
92
93
98
104
109
112
112
110
108
107
103
99
95
91
88
87
90
91
89
88
85
80
77
79
83
87
93
100
104
105
104
103
100
101
100
97
93
88
82
78
76
75
74
75
76
78
82
86
90
95
95
97
95
94
95
95
94
95
92
89
86
81
78
77
77
78
79
79
79
83
90
103
123
150
177
197
205
211
211
208
215
225
229
233
239
102
107
107
106
103
98
91
87
88
89
91
93
99
105
109
110
111
111
109
104
100
95
90
86
86
88
89
89
90
88
84
81
82
85
89
93
99
101
101
102
101
101
101
100
97
96
92
90
91
93
97
96
96
98
99
100
101
103
102
102
102
102
101
102
101
100
98
95
89
83
78
76
76
77
79
83
83
81
84
95
113
137
163
182
195
201
209
208
209
218
223
228
232
234
98
104
105
105
104
97
90
86
87
88
88
86
89
93
100
108
110
114
113
108
101
98
96
92
89
90
90
92
92
90
87
85
87
89
92
96
101
100
99
99
101
103
104
104
103
101
99
100
103
105
108
110
111
112
112
111
110
108
104
103
102
103
104
103
103
103
100
97
91
85
81
79
77
75
84
89
89
86
87
98
119
144
167
182
191
195
202
207
212
222
233
236
233
233
98
101
107
107
105
98
92
87
87
88
89
84
84
84
90
100
106
113
114
113
109
106
102
98
92
92
92
94
94
93
90
88
90
92
94
98
102
101
100
100
99
101
104
105
106
104
102
103
104
106
107
109
112
113
113
111
106
103
100
98
98
101
102
103
103
102
100
97
91
86
83
81
79
79
81
85
87
86
91
102
122
142
160
173
182
189
197
201
210
222
234
238
235
235
99
100
107
109
108
101
96
92
90
90
88
82
79
75
79
90
100
108
113
115
114
110
107
101
95
94
92
94
96
95
92
92
92
93
96
99
101
101
100
100
100
99
103
105
107
107
105
103
102
103
103
104
105
106
106
103
99
96
95
95
96
98
100
102
101
100
98
95
90
87
84
82
81
82
80
82
82
84
92
104
120
133
146
157
169
180
189
195
205
219
232
237
235
236
102
103
107
111
113
110
103
96
95
94
88
84
81
73
74
81
91
98
105
110
112
108
105
102
98
95
94
95
97
97
94
93
93
94
95
96
99
100
101
101
102
102
106
107
106
104
102
98
97
96
96
95
95
94
94
94
92
93
92
92
93
95
96
98
98
96
95
92
88
84
82
81
81
81
80
78
77
82
94
108
120
126
133
144
158
172
181
186
197
213
226
234
233
236
106
106
107
112
118
116
108
99
95
93
90
88
85
76
73
76
81
88
96
103
108
106
105
104
100
98
98
99
100
100
97
95
94
94
93
94
96
98
101
102
104
104
108
107
105
102
97
95
91
90
91
88
85
84
85
86
88
91
92
93
93
95
96
98
97
95
91
88
84
81
80
79
80
81
80
74
71
78
96
116
126
127
128
135
149
163
171
176
190
207
223
231
232
235
115
105
105
111
116
117
112
105
97
94
91
89
88
82
76
74
73
78
86
95
101
103
105
106
104
102
102
103
103
103
101
99
97
97
95
95
95
97
99
100
101
103
107
105
103
100
94
91
90
88
86
82
80
81
82
83
86
89
93
93
95
94
95
97
95
93
86
82
80
79
79
78
77
79
78
70
66
75
95
119
131
129
130
132
141
152
160
169
189
206
219
228
230
234
134
114
107
110
114
115
114
107
99
93
88
88
91
90
81
74
69
71
79
87
92
97
102
105
105
106
104
105
105
104
104
102
101
100
98
97
96
97
96
96
97
100
102
101
98
94
90
87
84
83
80
79
79
81
84
83
86
88
92
93
93
92
93
93
92
89
85
82
78
79
79
76
74
74
75
68
65
75
97
124
138
138
137
133
136
144
152
165
185
200
213
223
226
231
154
129
113
113
114
115
113
107
97
90
84
86
94
95
87
75
66
67
75
80
84
89
95
101
104
108
106
107
106
107
107
106
106
104
101
99
98
97
95
94
95
98
98
97
93
90
86
82
80
79
79
77
78
81
84
86
87
90
90
91
91
88
89
88
88
85
84
80
77
79
78
75
70
69
70
66
67
79
102
133
151
151
147
139
136
141
148
159
178
190
205
215
220
229
181
150
132
121
118
116
111
110
105
89
82
83
91
96
89
80
73
71
76
74
73
75
81
90
101
110
108
110
111
110
111
110
109
108
104
102
100
99
99
99
96
92
92
89
88
87
82
80
80
82
81
79
79
82
86
88
90
91
92
91
89
87
86
85
84
84
85
83
80
75
73
71
69
65
66
66
71
85
111
138
156
163
157
149
142
142
149
157
171
189
202
212
222
228
200
175
150
129
117
114
116
120
110
92
83
83
90
94
90
84
80
76
76
71
65
64
69
80
94
103
107
106
107
110
113
112
110
110
111
109
105
102
102
101
97
94
90
88
88
90
89
88
88
87
85
82
80
82
85
87
89
92
92
90
88
86
84
82
82
81
84
82
80
76
72
71
65
62
61
66
74
91
116
142
159
166
163
155
147
148
152
159
174
189
202
212
222
226
219
200
170
144
123
117
119
123
114
98
84
83
87
91
90
88
86
83
79
72
63
58
60
72
85
92
96
94
95
101
106
108
110
113
112
111
108
105
104
102
99
94
90
86
88
93
94
93
92
90
89
86
82
81
83
86
88
92
91
90
88
87
85
84
83
82
84
83
79
76
73
69
64
60
61
67
77
93
116
143
162
171
170
162
155
155
159
165
178
191
204
213
221
226
227
215
192
166
142
128
124
125
118
106
87
84
84
86
88
88
87
85
82
76
67
61
63
72
78
81
80
76
76
83
89
93
101
108
113
114
113
112
111
109
105
100
94
91
93
99
100
99
96
93
89
84
80
79
80
83
87
90
91
90
88
87
86
85
85
84
84
82
79
75
72
68
64
60
65
68
77
92
115
141
162
173
172
169
164
165
170
174
183
195
207
215
223
226
231
226
213
191
167
150
137
129
120
108
96
90
85
82
81
85
87
87
84
79
72
67
68
72
73
70
66
62
62
65
69
73
83
94
107
110
113
114
114
113
107
102
94
92
95
100
100
98
95
93
89
87
82
80
81
84
87
89
91
90
88
86
84
86
85
84
85
83
79
74
70
67
63
63
65
69
78
94
116
141
159
170
174
176
177
179
182
184
191
200
209
216
223
227
233
234
226
216
201
177
151
129
115
107
106
97
88
80
77
81
84
83
84
80
72
69
68
67
65
63
59
55
54
56
58
60
69
78
95
98
102
104
107
109
106
101
92
92
94
99
98
97
95
94
94
93
89
86
88
91
91
92
91
91
88
85
84
86
86
86
89
86
81
75
69
65
64
67
67
71
79
95
118
141
159
170
176
182
188
192
195
195
200
206
213
219
224
227
237
237
233
234
228
205
169
135
116
112
111
104
94
84
78
81
81
80
79
75
70
67
64
63
61
60
57
55
53
54
54
53
56
60
73
77
80
85
94
102
105
102
95
93
96
100
101
100
100
98
97
97
96
94
94
96
94
93
91
91
87
82
83
86
89
89
91
89
83
75
67
62
62
66
67
71
81
97
118
139
156
167
175
185
196
201
203
205
210
216
220
224
227
228
241
240
237
242
241
223
187
151
127
118
113
108
101
91
83
82
81
76
72
70
68
65
62
58
59
61
59
56
53
53
49
45
43
43
50
53
57
63
76
91
98
99
94
91
93
97
97
98
97
95
99
99
98
96
96
96
94
90
89
88
83
79
79
86
89
90
91
89
82
73
65
58
59
63
63
70
83
102
121
137
150
158
173
185
198
204
209
212
218
224
227
229
230
230
245
245
244
244
245
234
203
173
149
131
122
108
99
93
86
85
81
73
69
70
70
69
66
63
60
58
56
52
48
49
48
44
40
40
45
47
46
48
58
72
82
89
86
80
82
85
84
85
86
85
89
89
86
86
88
86
85
85
83
83
80
80
79
83
91
93
91
86
80
71
65
60
55
56
60
73
92
110
123
134
136
150
164
181
195
205
213
217
222
230
233
232
231
231
246
247
247
244
247
240
218
197
177
159
140
124
111
101
89
83
80
74
73
73
73
72
68
64
60
58
52
47
46
47
47
44
41
40
45
45
40
38
41
50
60
68
64
60
60
62
66
68
69
69
74
75
73
73
75
75
74
75
75
75
75
82
86
88
92
88
90
84
78
68
61
58
54
56
65
81
102
121
131
135
133
144
159
177
193
203
212
219
226
234
237
237
234
232
247
248
246
244
245
243
234
222
206
191
174
152
134
117
99
87
84
82
82
83
84
85
82
77
74
73
68
65
63
60
59
55
48
43
45
38
31
30
32
35
37
39
44
44
41
41
45
48
52
56
64
63
62
62
65
66
67
71
73
74
76
84
89
91
92
88
88
80
72
66
59
56
54
58
73
93
117
138
144
141
134
141
157
175
191
200
209
218
227
237
240
240
238
233
