175
176
175
175
175
177
178
178
178
178
179
175
173
173
169
166
174
188
205
221
236
241
242
242
242
242
245
248
247
243
242
246
248
247
243
242
242
243
242
236
227
222
222
217
211
204
198
192
184
174
170
167
163
160
161
164
166
168
169
170
178
190
191
186
186
191
199
202
204
207
210
213
215
216
219
220
223
224
224
229
230
225
220
208
192
177
165
156
148
141
138
140
143
147
170
172
171
171
173
175
176
176
175
176
172
173
172
167
167
176
195
210
228
235
237
236
237
238
239
241
240
241
240
240
240
241
244
246
244
241
238
238
237
232
226
224
220
213
202
190
182
180
173
163
159
157
154
153
155
157
160
162
163
164
172
184
185
177
176
183
189
191
194
198
203
207
209
210
208
209
216
220
221
223
227
225
228
222
209
196
188
178
162
149
140
140
145
149
166
167
168
169
170
172
172
171
170
170
170
170
170
163
175
201
218
231
235
236
236
237
236
234
234
235
238
237
237
235
235
238
242
241
239
236
232
227
223
223
221
218
211
198
182
171
167
163
158
154
150
147
145
146
151
155
155
154
156
161
166
167
167
167
169
171
174
175
179
187
190
193
198
202
202
203
206
209
213
217
221
225
228
229
218
212
207
206
201
174
152
147
150
152
161
163
167
167
166
166
167
168
168
169
169
167
166
174
195
218
231
238
234
235
238
239
237
232
228
227
226
230
235
236
233
232
231
226
223
227
229
225
216
208
198
189
184
174
163
157
154
151
147
143
141
140
139
141
145
148
147
144
147
153
155
151
150
155
160
161
160
162
167
173
177
182
187
192
195
195
196
198
200
206
214
220
228
230
225
224
221
221
223
214
194
162
143
147
154
157
162
163
162
161
163
164
165
169
170
170
174
192
217
234
241
241
233
234
235
235
232
227
223
221
222
225
228
227
224
222
218
212
217
221
222
214
203
192
179
167
160
154
148
144
142
140
138
136
135
135
135
137
141
142
139
136
139
145
144
136
136
144
150
148
147
149
154
160
164
169
175
180
185
186
186
187
189
193
203
210
220
224
229
231
232
232
234
236
227
195
162
151
148
151
155
157
159
160
160
158
160
168
177
189
199
215
230
236
239
235
229
228
226
224
222
222
220
220
221
219
219
220
221
222
220
215
209
204
197
189
182
175
167
159
154
149
143
139
137
136
135
135
133
134
134
136
138
138
136
132
132
136
136
131
131
137
140
139
141
143
147
151
154
158
164
169
171
174
177
178
179
182
191
197
207
214
221
223
230
229
220
221
228
228
209
175
140
143
147
152
154
156
155
150
156
170
190
212
225
233
235
235
235
227
224
222
220
217
217
217
217
217
216
214
214
213
216
222
223
220
202
186
169
162
161
159
155
149
148
143
138
136
134
134
134
134
133
134
134
133
133
132
133
132
130
127
127
130
131
130
129
130
136
138
140
142
144
148
152
156
155
160
166
170
170
172
177
183
192
199
208
214
223
220
208
210
222
238
236
209
134
137
142
147
147
147
149
152
164
184
208
230
242
240
236
235
230
222
219
218
216
214
215
215
213
212
209
208
208
205
207
214
219
218
206
183
160
150
147
144
141
137
134
133
131
131
132
132
132
132
132
133
134
132
129
129
130
132
128
122
122
127
129
125
123
127
133
135
135
136
138
141
144
146
145
149
155
160
162
165
170
175
180
184
194
205
216
214
209
216
225
225
229
231
127
131
135
142
140
138
150
167
188
209
227
239
245
239
233
231
223
218
215
214
212
210
210
211
210
207
205
202
200
199
199
202
203
201
191
172
154
143
136
133
129
127
126
127
128
130
129
128
129
129
130
131
132
130
128
127
126
126
124
121
121
125
126
124
124
127
131
132
133
134
137
139
140
140
141
144
148
151
154
157
162
166
171
175
183
194
203
207
207
212
213
207
212
227
119
124
126
136
133
132
153
183
209
229
240
242
243
235
228
223
214
213
213
211
207
203
204
207
208
207
204
199
195
192
190
185
173
163
158
151
145
139
133
131
129
128
127
128
130
130
129
127
128
129
127
128
128
127
125
123
122
120
121
123
125
125
125
127
128
129
130
130
131
133
135
137
136
135
139
140
143
145
148
151
154
158
164
170
175
181
191
197
197
195
190
197
205
216
103
111
120
127
124
129
183
212
227
247
246
232
232
232
222
216
214
212
209
203
203
204
200
201
203
198
196
193
188
179
169
157
145
136
137
134
132
133
132
130
129
127
127
126
126
128
129
127
126
127
129
130
130
128
124
121
120
120
120
122
124
126
127
127
128
128
129
132
133
133
133
133
133
133
134
135
138
141
144
147
149
153
159
161
169
176
175
178
185
181
175
178
186
203
92
99
110
113
118
147
213
233
229
247
246
235
236
232
218
211
210
212
208
202
203
206
204
200
195
186
184
185
180
170
158
149
140
135
132
129
127
128
129
129
127
127
126
125
126
128
129
128
128
129
129
130
130
129
125
122
121
121
120
122
124
126
128
128
128
128
130
132
133
133
133
132
132
131
130
131
132
136
140
143
147
150
154
155
160
165
164
167
173
171
163
167
178
194
84
91
97
99
118
170
238
250
230
244
244
234
233
229
215
208
208
210
208
201
200
201
199
194
190
181
178
177
168
155
144
139
136
136
132
130
128
128
130
130
130
128
126
125
125
127
129
129
129
131
129
131
131
129
126
123
122
122
121
122
124
126
128
129
129
129
129
130
131
132
132
131
130
129
127
126
127
131
134
139
143
147
150
151
153
155
154
158
165
162
160
160
168
186
74
85
89
95
136
199
244
254
237
243
238
226
222
220
213
209
206
205
205
200
196
193
190
189
188
184
171
162
151
140
131
127
126
127
130
127
126
126
127
127
128
128
127
125
125
126
127
127
128
128
127
128
129
129
127
124
123
122
121
122
124
126
128
129
129
128
128
128
128
129
130
130
128
127
125
124
124
127
131
136
140
143
147
150
150
151
149
151
159
158
158
156
162
173
66
78
75
97
163
225
238
243
238
239
232
219
214
212
210
208
203
200
199
199
196
190
185
185
179
172
154
146
138
132
128
122
117
118
123
124
125
126
126
127
129
130
128
126
125
124
124
124
125
126
127
128
128
128
126
124
123
122
121
122
124
126
128
128
127
126
126
125
125
126
128
128
127
125
125
124
124
127
130
133
137
139
142
147
148
148
143
142
148
150
152
155
159
159
60
71
67
111
194
246
234
230
234
232
226
217
213
209
205
202
198
196
198
198
194
188
182
176
165
154
141
135
130
129
125
120
119
122
122
124
126
127
126
127
130
130
127
126
125
124
123
123
124
125
125
126
127
127
125
124
123
123
122
123
124
126
126
126
125
124
124
124
124
125
126
126
126
125
124
124
123
125
128
130
133
135
140
143
144
143
138
132
137
141
146
150
151
145
53
61
79
149
222
250
236
229
230
225
222
216
212
206
200
196
191
191
194
194
189
183
175
164
150
141
132
129
125
122
120
120
122
125
123
126
127
127
126
126
125
124
125
125
125
125
124
124
125
126
125
125
126
126
125
124
124
124
123
123
123
124
124
124
123
123
123
123
123
123
124
125
124
124
124
123
123
124
125
128
131
133
137
140
140
140
135
128
129
135
139
140
138
133
49
54
92
182
239
242
233
227
226
219
218
213
208
201
196
192
187
187
187
188
187
182
171
155
141
136
129
129
125
121
122
125
124
122
125
127
128
128
128
128
126
123
123
125
126
127
126
126
127
127
125
125
126
126
125
125
125
124
122
123
123
123
122
122
122
123
121
122
123
124
125
124
123
123
123
123
123
123
124
126
129
133
134
136
135
137
132
124
127
134
136
136
133
132
42
55
112
210
239
231
228
225
219
218
216
208
204
202
195
187
186
188
190
185
183
176
163
151
141
131
127
128
126
124
123
125
125
126
126
128
129
128
126
125
124
122
122
125
127
129
128
129
128
128
126
125
124
125
125
125
125
125
123
124
124
123
120
120
121
122
122
122
122
124
125
125
124
124
123
122
122
123
124
125
128
130
131
131
133
134
128
126
129
131
133
137
136
129
46
67
136
220
235
228
227
222
216
215
212
205
200
197
190
183
186
189
192
188
181
172
159
149
137
129
128
127
125
124
123
125
126
127
127
129
129
127
124
123
122
121
123
126
127
127
128
128
128
127
127
126
125
126
126
126
125
125
124
124
124
122
121
120
121
122
122
122
123
124
124
124
123
122
122
121
121
121
121
122
124
126
127
128
130
128
125
127
130
131
131
136
135
128
51
75
161
235
235
223
221
217
213
212
209
203
197
194
186
182
186
191
196
192
182
168
158
147
136
128
126
123
122
123
124
124
125
126
127
129
130
127
122
121
122
123
125
127
127
127
127
129
128
127
127
127
126
127
127
127
126
126
125
125
124
122
121
120
120
121
120
121
123
123
123
122
121
121
121
120
120
120
120
120
121
122
124
127
126
122
122
127
131
130
130
135
134
124
53
81
176
243
236
220
215
212
210
207
206
201
197
193
188
185
189
193
197
194
181
167
158
146
134
127
122
120
121
124
125
123
123
125
126
129
130
127
125
125
126
127
127
127
127
129
129
129
129
128
127
127
126
127
128
127
127
127
126
126
125
123
121
120
120
120
120
121
123
123
123
122
121
121
120
120
119
119
119
119
120
121
123
126
124
120
121
125
128
130
131
134
131
122
55
96
191
244
233
220
213
207
205
201
202
198
197
194
191
189
191
192
191
188
177
165
157
145
131
126
124
123
124
126
126
123
125
128
127
129
130
130
129
130
130
130
129
128
128
129
129
130
129
129
127
127
126
127
128
127
127
127
128
127
125
124
122
121
122
121
120
122
123
123
123
122
121
121
119
119
119
119
119
120
120
121
122
124
122
121
121
123
126
132
133
133
128
119
62
116
208
238
225
219
210
200
194
195
198
196
196
194
191
191
191
190
184
179
170
162
153
142
131
127
127
127
126
126
125
125
129
133
130
133
134
134
134
134
133
132
130
129
128
129
131
131
129
129
128
127
127
127
128
128
129
129
129
128
125
123
122
122
122
123
120
122
122
122
122
121
120
119
119
118
118
119
119
119
119
120
120
121
120
120
122
119
123
131
134
131
126
119
72
138
218
230
216
212
201
191
186
192
198
196
196
194
190
189
190
189
179
170
163
157
147
136
130
127
129
129
129
128
128
129
133
134
135
138
140
139
137
136
134
133
133
132
132
133
133
132
131
132
131
129
129
130
130
131
132
133
132
130
128
124
123
123
124
125
121
122
123
123
123
122
121
120
121
119
118
119
119
118
118
119
119
120
117
118
121
117
119
128
131
127
124
120
79
153
218
224
211
203
190
184
183
191
199
198
198
194
189
188
189
189
177
166
158
153
142
131
127
126
128
129
131
129
131
133
135
135
140
143
145
142
139
137
135
134
135
134
135
136
135
134
133
133
132
131
130
131
132
132
134
135
135
133
130
127
126
127
127
128
123
123
125
125
126
125
124
123
123
121
119
119
119
119
118
119
119
118
115
116
119
116
116
124
128
125
123
122
84
164
215
214
211
199
186
174
179
189
195
192
190
196
196
190
194
192
176
161
150
143
134
129
128
124
128
130
131
134
138
137
135
136
143
147
150
147
140
140
140
136
137
140
140
138
136
135
132
133
133
133
132
132
132
134
137
139
139
138
137
136
135
131
129
128
126
126
127
129
131
131
131
130
127
125
124
122
118
117
118
117
121
119
118
115
114
117
120
119
126
125
125
125
84
171
208
199
206
198
175
170
186
188
183
178
181
188
197
201
197
191
179
159
141
132
129
130
132
130
125
129
132
137
142
143
141
139
136
142
148
146
141
139
137
134
133
133
134
134
134
135
135
134
133
134
134
135
134
134
134
136
132
129
130
135
138
137
134
131
128
131
133
132
131
131
129
127
128
124
121
118
115
116
119
120
123
121
118
115
114
119
121
119
121
120
122
125
84
173
209
200
201
189
168
165
185
190
185
180
185
189
200
209
197
186
176
161
142
130
129
133
132
128
129
132
133
134
139
143
141
138
140
143
147
146
144
142
139
136
131
127
128
131
131
133
134
133
133
134
136
135
133
132
133
136
134
131
130
133
135
132
129
128
133
136
136
133
132
132
131
128
127
124
123
122
119
118
119
120
121
122
123
118
114
116
121
123
120
118
119
122
92
169
206
200
193
178
165
165
180
188
182
181
187
192
200
207
199
189
175
165
148
137
138
142
138
131
126
128
130
130
134
138
137
132
132
131
129
130
136
140
141
140
133
129
132
136
134
135
136
133
134
134
135
134
131
132
134
138
136
135
130
127
127
127
127
128
131
133
135
136
138
136
133
129
126
125
126
127
123
121
120
119
117
121
124
122
117
116
119
120
118
118
118
121
108
169
189
182
180
173
168
167
176
179
179
181
184
193
199
202
201
192
180
172
160
155
155
149
138
130
122
122
125
128
126
123
119
115
112
106
100
103
117
125
128
130
127
128
135
139
136
134
136
133
133
133
134
133
131
130
132
132
134
129
120
110
107
111
112
109
105
109
118
128
133
133
130
131
134
133
133
131
126
123
122
121
120
119
120
121
120
119
118
114
115
117
119
119
120
177
178
178
170
163
171
167
167
175
183
184
186
196
203
202
203
193
185
179
174
170
161
147
134
128
127
117
113
107
96
85
77
73
78
71
64
70
87
97
104
112
115
122
134
138
133
131
132
129
130
131
131
132
131
127
122
118
117
105
88
73
70
73
71
63
58
64
79
94
103
108
119
128
131
135
138
135
130
126
124
121
120
120
121
121
119
117
117
115
116
117
116
114
122
183
186
184
167
156
168
162
158
173
179
183
191
201
209
212
211
204
198
193
187
177
163
150
134
119
103
88
75
65
49
37
33
30
32
31
28
33
48
59
73
89
103
117
131
136
134
132
131
131
130
130
132
133
132
123
112
103
89
72
49
34
33
33
31
24
22
26
35
46
54
64
79
93
106
116
126
129
129
134
135
131
120
122
126
124
117
114
116
118
119
119
115
112
118
183
192
183
169
158
161
157
159
169
177
183
200
209
218
227
223
219
211
210
204
190
176
163
128
87
58
44
34
26
15
10
11
8
10
11
9
10
18
27
44
65
89
107
123
130
132
132
132
132
131
131
133
135
133
122
107
95
75
54
29
14
10
9
8
7
7
8
10
14
18
24
33
40
55
69
86
95
103
117
128
129
122
124
127
126
120
115
116
117
118
119
118
117
125
178
181
171
165
160
153
151
159
172
176
184
203
222
227
229
233
232
223
219
215
206
191
170
116
52
14
18
12
5
6
5
5
8
7
6
7
6
9
19
38
64
88
105
119
127
131
130
131
130
132
129
132
132
128
122
109
93
74
47
29
17
8
8
8
5
6
5
4
4
5
6
8
13
21
29
36
41
57
79
101
126
126
128
123
122
127
122
115
114
116
117
123
120
127
185
173
158
160
154
150
144
152
172
183
193
211
226
230
232
232
228
225
219
208
190
166
132
78
28
6
11
9
5
5
5
4
4
7
12
19
22
31
44
59
80
100
115
125
130
131
129
131
132
132
128
129
129
123
119
110
95
78
61
50
35
18
12
13
12
9
7
7
8
8
6
4
6
3
6
10
13
21
37
66
102
127
140
130
119
126
125
115
116
116
118
122
118
133
190
170
150
152
144
144
134
144
172
188
199
215
228
235
238
232
221
217
210
182
143
107
70
34
11
11
13
15
13
14
15
15
13
19
36
56
64
69
76
87
99
114
126
132
134
132
129
130
131
133
127
129
129
124
122
119
108
86
75
68
56
42
36
30
25
19
16
14
14
12
7
5
6
5
4
7
6
5
12
38
70
107
135
137
123
124
125
121
123
121
121
124
119
145
192
173
150
143
136
138
130
142
173
189
202
217
228
237
238
224
204
197
187
151
99
58
40
35
34
31
36
42
46
47
50
49
44
51
72
92
103
108
109
109
115
118
128
131
135
135
132
130
130
131
126
129
129
123
124
125
118
99
91
87
82
75
69
59
47
41
39
35
30
25
19
15
13
13
10
10
8
6
7
17
30
65
98
127
130
126
125
127
124
120
118
121
118
163
194
170
153
134
131
138
135
148
174
189
204
222
232
233
225
203
180
167
149
120
84
57
58
70
74
63
68
77
83
86
86
82
75
79
89
100
113
123
123
119
121
120
125
127
131
135
134
132
130
128
125
127
125
118
118
120
115
107
104
104
101
94
89
76
65
53
57
61
57
51
48
45
39
35
28
23
20
18
16
10
11
25
52
92
120
127
128
125
120
117
113
117
117
182
195
167
155
130
129
139
141
156
178
191
205
227
234
220
200
177
155
130
106
93
89
84
92
99
93
83
83
83
84
84
80
74
70
75
82
90
105
117
117
117
122
125
127
126
129
134
134
133
131
126
125
125
121
115
113
114
110
105
101
104
100
95
90
78
68
56
62
70
67
64
67
67
60
54
48
45
44
41
31
16
13
16
27
49
81
114
126
125
126
120
114
117
117
192
192
163
153
129
120
135
144
165
193
203
209
227
228
200
170
148
128
104
89
92
103
105
105
95
75
63
58
51
47
46
40
35
36
45
57
67
84
96
100
108
117
124
126
125
128
132
133
134
134
129
129
125
119
116
113
108
105
97
92
89
87
85
80
67
58
52
53
55
50
45
49
51
46
49
57
64
66
66
57
40
35
30
25
25
46
81
109
123
128
120
116
116
113
191
184
160
147
126
109
128
143
173
208
219
215
225
220
185
148
126
107
98
100
112
119
109
91
65
35
24
21
15
14
15
10
7
9
15
25
34
50
67
78
95
106
113
118
120
125
130
132
136
138
133
131
124
118
116
110
100
97
88
81
76
72
69
63
49
43
34
30
28
23
18
22
26
21
24
45
60
65
75
77
64
57
45
32
27
33
53
91
117
118
120
117
117
111
193
188
162
143
126
109
124
148
178
218
223
220
226
209
168
132
110
106
112
119
125
116
82
51
33
13
6
6
5
7
4
5
10
11
9
8
13
19
35
60
80
89
90
106
122
127
126
128
137
140
139
135
127
117
110
107
99
91
83
72
64
57
48
39
28
20
12
12
7
6
7
7
11
14
14
26
33
40
57
69
69
66
63
61
45
28
29
61
99
125
134
133
127
117
203
197
166
146
132
110
128
158
192
218
228
226
227
202
159
125
110
112
125
124
113
89
56
25
15
11
9
6
4
4
6
12
25
29
16
8
10
16
22
38
57
71
79
92
108
119
118
119
130
136
136
134
127
118
113
110
101
92
76
60
49
40
29
19
11
7
5
7
5
6
6
4
4
3
8
8
9
19
36
54
70
81
80
78
64
43
28
48
85
116
133
135
132
123
211
201
167
146
135
114
135
170
207
221
231
235
229
200
160
131
120
124
127
117
84
49
25
14
16
23
10
8
9
6
9
19
40
43
27
16
19
26
22
24
39
56
78
90
105
111
110
114
128
138
137
135
127
116
109
106
98
87
71
51
36
28
21
15
10
9
8
10
9
9
8
9
10
6
7
7
5
6
18
40
63
79
81
78
78
77
61
58
79
109
127
131
128
125
218
200
163
139
133
121
140
181
218
227
238
238
221
187
153
136
132
137
128
105
60
22
15
23
27
23
8
10
15
11
22
45
81
87
58
30
16
19
21
30
45
58
72
88
102
106
103
110
128
139
138
137
127
113
103
99
92
82
67
46
31
21
15
11
8
13
18
13
8
8
8
11
14
8
22
31
26
11
9
21
44
66
75
79
85
93
84
73
79
102
126
128
123
127
216
199
159
138
127
123
144
194
226
230
239
238
216
180
150
137
133
130
111
76
36
15
20
37
35
21
12
14
15
8
28
66
108
117
88
47
17
12
23
40
51
55
56
74
93
102
102
108
127
139
137
137
128
110
98
93
87
78
63
50
38
27
16
8
8
19
28
20
9
8
10
16
20
15
37
64
63
34
13
6
16
42
74
95
98
92
87
86
91
110
128
130
125
131
206
191
165
148
130
126
149
204
233
230
235
236
214
179
149
135
127
114
85
42
16
15
26
42
40
27
27
30
24
16
35
63
89
87
62
40
20
14
20
34
44
54
55
68
85
98
102
108
127
141
138
138
128
112
95
86
79
70
60
55
49
38
22
9
11
29
34
23
8
5
6
11
16
14
40
82
85
44
19
8
10
25
55
86
95
89
89
92
95
109
121
129
130
135
198
194
169
156
140
135
158
208
237
237
241
233
201
163
136
127
120
103
66
33
27
47
71
89
93
87
85
85
72
58
60
66
64
53
53
43
30
20
16
17
23
39
59
69
81
93
103
116
136
146
144
143
132
113
95
84
75
68
61
56
49
36
22
10
10
25
32
26
15
13
14
13
15
16
37
66
65
36
20
16
14
16
36
69
90
99
101
103
100
105
115
126
133
138
194
187
167
157
147
144
169
209
241
251
250
232
193
155
131
124
115
91
58
39
49
81
113
131
132
127
126
126
110
97
95
95
88
82
73
58
42
36
37
33
29
40
58
72
83
94
110
135
154
153
151
149
136
117
99
89
79
72
66
56
44
32
24
16
15
28
35
39
42
50
55
51
49
51
62
65
66
65
58
41
22
13
25
57
85
97
97
108
113
112
119
131
140
143
193
176
161
165
149
145
184
218
239
248
249
223
184
157
137
119
105
89
68
65
75
101
120
132
140
136
139
138
134
124
117
115
105
92
74
57
48
51
59
59
53
55
65
76
86
104
130
151
162
162
159
154
142
125
109
92
77
71
67
61
54
49
46
37
30
32
36
49
69
85
92
93
96
100
99
98
102
109
107
84
51
26
25
39
68
89
93
98
112
119
129
138
148
148
204
181
171
158
138
146
198
232
235
236
234
211
176
148
127
108
96
89
96
101
111
124
127
127
135
138
141
131
121
114
113
110
96
83
73
61
51
49
58
66
66
68
72
80
92
118
147
164
169
165
162
157
146
130
114
100
86
77
69
67
66
64
61
50
35
32
34
50
73
93
106
109
113
115
120
118
113
112
114
107
84
60
41
43
60
82
92
102
114
120
130
139
147
145
204
180
157
139
129
147
208
245
238
231
229
200
156
129
116
108
108
110
121
126
130
132
126
121
127
132
125
115
107
104
100
93
84
75
68
64
57
51
58
70
74
75
80
87
104
136
161
170
170
167
165
160
149
135
122
110
95
86
77
73
70
65
61
52
40
35
36
48
64
82
97
107
112
115
116
118
116
111
113
117
111
100
82
71
70
81
92
102
114
121
127
139
147
146
195
178
150
127
134
156
210
247
242
235
232
200
155
131
126
119
118
124
133
132
127
123
119
114
116
119
107
103
101
100
94
87
80
76
71
73
72
67
74
85
86
85
90
102
122
150
163
165
168
168
165
160
151
140
128
117
104
93
86
79
73
65
60
57
50
48
45
54
61
68
78
86
92
96
99
105
109
111
111
114
116
118
108
96
90
92
94
100
110
117
122
138
148
149
173
176
153
122
137
166
206
237
240
241
232
207
170
145
135
127
126
135
139
137
129
122
117
110
110
109
96
95
95
94
92
89
84
79
82
85
88
87
91
98
96
95
103
118
141
160
164
161
166
167
164
160
153
142
130
122
111
100
90
86
85
79
76
74
67
62
59
68
71
74
81
85
85
87
94
97
102
107
109
109
110
111
107
106
107
108
107
110
114
117
122
136
146
149
149
163
146
130
153
177
203
230
237
239
237
214
182
153
138
134
136
147
147
144
136
131
124
116
110
103
89
89
89
90
89
93
92
87
91
93
96
97
98
99
97
99
117
130
150
164
163
160
164
164
163
159
153
143
129
124
119
110
101
95
94
89
87
86
80
75
70
79
81
84
91
94
91
94
97
100
103
104
107
109
109
107
112
116
119
120
120
122
122
122
126
136
145
147
147
156
146
156
181
188
207
228
232
234
235
214
186
158
144
145
145
150
152
147
143
141
135
128
120
107
97
97
97
96
95
99
103
102
102
102
104
105
105
105
106
115
130
138
152
166
163
158
163
162
162
158
153
140
126
124
125
121
117
107
101
95
91
91
89
86
81
87
85
85
94
96
95
100
103
109
113
112
114
120
125
124
126
128
126
123
124
125
125
126
131
137
144
145
151
149
153
171
190
192
210
226
228
235
224
204
179
153
143
150
155
159
155
151
150
149
144
138
132
119
111
108
105
105
105
106
109
108
106
107
111
113
114
115
120
132
141
145
155
166
162
157
162
163
161
156
151
138
123
123
129
128
126
115
111
107
104
102
99
96
92
95
89
87
95
96
95
100
107
112
116
120
124
132
137
140
137
136
132
128
128
127
128
130
134
137
144
146
150
152
153
168
184
193
213
228
234
231
214
191
173
151
147
151
156
161
161
159
155
152
152
146
135
128
123
118
117
117
117
114
112
115
113
113
119
124
124
127
135
141
146
152
162
168
159
155
163
159
158
161
155
140
128
129
135
138
135
130
125
119
116
113
109
104
104
105
101
100
104
103
101
105
112
118
124
128
133
139
142
142
141
138
135
133
132
128
128
132
134
139
142
149
148
151
148
157
181
194
212
232
242
227
198
175
165
153
151
154
158
163
166
166
163
159
155
148
140
134
131
129
128
129
128
124
122
124
127
127
129
133
137
143
145
143
152
158
164
168
158
152
160
159
158
163
158
143
130
130
136
142
141
138
135
131
126
123
122
118
114
116
114
113
117
117
115
115
118
123
129
136
142
146
146
144
144
142
139
138
136
130
129
132
135
137
141
149
145
148
144
151
184
198
213
234
243
215
177
158
159
159
158
160
165
169
174
172
168
163
157
148
143
142
143
138
138
140
138
133
132
135
137
141
141
141
146
152
151
147
156
163
165
164
155
151
159
159
158
164
163
149
136
131
130
130
134
137
140
139
136
136
135
132
129
130
129
127
127
128
129
128
128
131
137
145
151
155
154
153
150
147
143
142
141
136
132
133
135
136
138
144
137
142
142
154
193
204
213
231
232
201
165
151
159
167
166
169
175
178
179
172
166
159
152
147
147
148
147
142
140
142
142
139
140
143
142
145
143
142
148
152
151
149
156
167
166
159
152
150
156
154
159
164
162
150
138
131
127
122
126
129
132
134
135
139
141
139
142
139
137
134
132
134
139
140
141
139
141
147
154
158
160
162
158
154
147
145
143
138
134
134
135
134
134
139
131
141
147
167
202
205
213
227
220
190
163
152
158
171
174
181
187
185
176
165
158
153
149
148
149
149
147
141
139
141
142
143
143
145
145
141
136
140
149
150
149
149
159
166
161
157
152
147
151
151
157
160
158
147
135
130
128
127
129
128
126
124
125
133
139
141
144
139
138
137
136
138
143
148
150
147
146
149
153
157
162
165
163
159
154
150
147
140
133
132
134
131
129
140
133
148
161
182
207
203
212
227
210
184
166
156
159
176
185
192
191
182
166
157
151
150
147
148
150
146
143
141
140
142
142
141
139
138
137
132
133
142
147
146
147
153
160
159
153
155
152
144
146
150
151
157
157
147
135
128
127
126
132
129
124
119
118
125
132
131
137
137
138
138
138
139
142
147
151
151
149
151
155
159
163
166
166
165
161
158
153
145
136
134
135
130
127
134
139
153
170
185
199
196
208
229
205
177
167
162
164
182
190
192
182
171
156
150
148
148
146
149
148
142
140
141
141
139
138
134
129
125
122
120
128
144
148
145
148
156
160
155
148
150
149
143
147
147
145
152
156
152
142
135
131
128
133
132
128
121
118
121
122
120
126
133
136
136
138
140
142
145
149
150
151
151
155
160
162
162
162
163
162
158
154
145
138
135
133
127
127
127
144
154
165
175
184
186
203
230
203
171
167
166
171
188
189
183
168
159
149
145
146
146
144
146
146
139
136
139
140
136
130
124
119
113
116
112
124
146
153
151
152
156
164
160
149
147
145
144
148
143
143
148
151
152
150
149
145
141
140
139
133
124
117
117
118
115
116
128
133
132
137
144
144
147
149
151
151
150
152
156
156
154
154
156
155
153
149
142
135
133
131
124
128
126
142
156
162
169
172
184
196
220
199
166
164
168
175
184
184
175
163
153
149
143
144
145
142
144
145
141
138
139
135
129
121
115
105
105
114
119
128
142
154
156
155
164
169
162
155
148
145
139
143
144
145
149
151
149
148
147
147
150
149
144
140
129
114
113
115
108
110
119
124
125
130
138
145
148
148
148
149
151
152
151
150
151
150
149
149
148
145
140
134
130
130
124
124
123
137
149
159
172
175
177
179
208
197
169
161
166
177
182
179
168
157
152
148
146
147
149
146
144
142
139
139
133
126
122
115
109
99
103
119
119
128
142
153
158
160
171
174
170
166
163
152
143
144
146
150
144
140
138
142
148
152
152
154
147
141
132
117
108
106
104
102
104
109
116
126
136
142
146
145
146
146
147
149
148
148
148
146
144
143
142
140
139
135
131
128
121
125
123
125
138
153
177
184
176
165
195
198
176
162
161
177
178
174
161
155
149
145
149
151
153
151
146
142
139
136
128
123
114
105
111
107
111
114
113
130
155
165
163
163
171
188
187
180
175
157
152
148
141
135
131
132
138
147
157
158
152
143
140
138
131
117
101
97
102
102
95
95
108
120
130
137
142
146
145
146
146
146
144
143
142
141
139
138
137
138
137
134
133
129
121
127
122
114
134
159
184
188
174
158
187
197
180
170
160
174
170
168
160
155
150
148
152
154
156
155
150
142
138
125
122
117
97
90
108
110
109
123
114
127
153
170
178
177
175
172
171
174
174
158
148
145
139
137
138
134
133
140
149
150
149
144
145
139
127
113
98
95
103
101
92
92
102
113
121
130
135
141
143
144
143
141
139
137
136
137
136
135
134
135
133
132
129
127
122
127
120
107
136
167
186
183
170
157
186
198
184
177
164
172
164
162
159
158
154
152
154
154
154
155
149
139
134
122
116
110
98
95
113
116
115
115
107
119
148
172
178
153
121
99
108
143
177
173
145
138
136
139
131
110
91
89
90
101
121
144
147
136
115
101
94
94
100
96
93
94
98
103
111
120
130
134
137
140
141
139
137
135
133
133
131
129
129
130
129
128
127
126
122
124
120
87
125
168
192
190
180
162
182
192
183
181
171
173
162
158
157
160
159
154
154
153
153
151
146
137
128
114
102
96
102
107
111
110
114
113
100
106
127
137
123
84
51
38
58
111
161
176
156
144
136
133
115
85
63
50
36
43
69
101
116
117
102
93
94
99
105
98
100
97
92
92
98
112
128
132
136
139
140
139
137
134
133
132
129
126
126
127
129
130
130
126
121
123
123
71
110
164
197
200
191
169
179
183
176
181
177
174
164
159
160
163
162
155
153
153
152
146
141
131
118
108
100
94
106
110
105
102
107
113
101
106
113
102
74
45
30
41
58
87
122
146
154
154
144
124
104
80
63
45
27
22
27
42
63
80
83
85
90
95
98
101
107
101
89
87
91
102
119
130
135
139
138
136
134
133
131
131
128
125
124
125
127
128
129
128
124
122
123
82
109
153
188
192
188
174
186
187
179
181
180
173
166
163
165
165
162
160
156
156
154
144
136
125
109
96
103
98
105
106
104
104
105
108
105
108
101
84
69
57
52
57
68
78
100
120
141
145
140
121
102
84
69
56
48
40
27
31
46
64
78
90
98
98
93
95
105
103
93
92
89
92
106
125
129
133
133
132
132
131
130
128
126
124
123
123
124
124
123
127
123
121
120
125
121
143
172
198
187
177
190
191
184
185
182
171
166
166
164
165
165
158
162
157
155
145
125
113
105
98
105
107
105
108
103
107
101
102
106
106
97
85
78
75
73
69
72
78
90
108
122
127
125
111
96
80
67
60
59
60
60
60
67
75
84
94
97
96
96
101
109
101
103
103
89
84
94
111
123
128
126
129
131
129
127
125
123
122
123
122
119
118
118
124
122
118
114
158
140
148
176
204
193
181
192
194
183
186
180
169
166
165
161
162
164
164
164
157
151
140
119
104
98
105
108
108
110
108
100
101
99
103
103
102
97
90
88
89
87
81
78
82
85
99
103
112
112
104
88
72
65
61
63
69
75
83
86
89
91
92
92
95
101
104
106
101
101
98
92
90
89
100
114
125
127
131
133
129
127
123
122
122
123
121
118
116
117
123
121
116
112
176
159
159
177
204
194
185
193
198
188
186
177
167
165
164
158
160
165
167
164
155
145
132
110
91
92
110
109
108
113
107
98
96
98
104
103
103
101
98
98
96
93
82
77
85
83
95
89
98
102
94
82
75
72
69
66
72
78
86
88
89
90
87
87
93
104
104
96
99
99
95
96
95
84
85
102
118
125
131
133
130
126
120
119
120
122
121
117
115
116
117
119
114
113
175
162
165
173
196
195
190
195
201
192
184
175
164
163
164
159
161
166
168
162
154
139
123
100
84
92
108
108
107
112
107
99
97
102
110
109
107
104
101
99
98
94
86
80
86
84
92
80
87
89
84
79
78
79
73
68
69
73
75
77
81
87
87
84
89
99
97
85
94
98
97
99
94
80
75
89
106
120
128
133
130
124
119
118
118
120
119
116
113
113
114
117
113
114
176
161
162
172
196
200
194
196
200
188
181
176
164
162
162
160
162
164
165
159
152
135
114
91
83
97
108
109
110
115
110
108
105
109
118
115
111
106
101
101
104
105
97
87
83
82
82
73
73
77
77
77
78
78
75
77
81
84
80
80
82
89
92
88
88
92
87
82
90
90
97
99
91
78
70
79
93
111
124
131
129
125
120
117
115
118
119
116
113
111
116
117
113
113
175
162
161
178
198
202
191
193
196
186
179
175
165
161
161
162
162
160
160
154
147
131
104
84
86
104
110
115
120
121
120
122
120
122
124
121
118
113
107
108
113
116
109
99
88
85
80
72
66
65
74
78
81
81
82
89
96
97
93
89
87
90
95
94
93
93
80
85
87
79
89
93
87
77
69
69
80
99
116
127
128
126
124
118
115
117
119
118
114
112
116
115
115
115
167
156
159
174
190
199
189
190
189
185
176
173
162
160
162
162
161
159
155
151
143
126
96
79
92
111
113
119
131
132
135
136
134
134
132
130
129
125
119
117
118
119
121
113
104
100
90
82
71
65
77
85
91
93
95
100
104
101
100
97
93
92
97
100
99
99
83
84
81
75
86
84
84
78
71
64
71
93
111
122
127
127
125
119
115
116
119
118
117
115
114
113
118
117
162
154
154
165
178
199
192
190
182
183
172
168
158
158
161
161
161
158
155
150
140
124
93
78
99
117
113
119
135
139
145
145
143
142
141
138
136
133
127
124
123
121
124
120
113
110
104
98
89
84
88
94
102
108
110
114
116
111
104
105
99
95
99
104
103
101
89
83
79
78
87
79
83
81
72
62
69
92
111
121
126
128
124
119
114
115
117
118
116
116
116
113
118
113
160
151
147
156
176
201
191
185
190
181
167
158
159
160
160
163
161
160
157
153
140
118
90
82
99
115
107
115
130
136
145
145
144
143
147
152
145
138
135
132
131
129
130
123
118
118
120
111
112
112
108
109
115
124
123
119
121
119
109
108
109
107
102
101
103
95
94
85
80
84
87
76
87
90
83
72
68
85
109
119
122
127
125
120
110
110
116
116
112
117
111
113
117
109
163
156
149
157
173
197
192
187
187
177
164
157
158
159
160
163
162
162
158
152
138
117
90
79
94
107
105
110
116
132
145
145
146
146
156
160
153
144
140
137
136
135
129
126
125
123
123
117
121
123
114
113
114
118
116
114
116
112
110
114
116
114
110
106
102
100
105
100
93
89
90
80
94
96
93
80
69
76
99
116
122
124
122
118
111
109
112
111
111
114
108
113
115
104
164
156
153
164
177
195
195
189
182
170
161
156
157
159
160
163
162
161
162
155
143
125
99
86
95
102
100
103
100
122
139
138
136
135
139
147
148
148
146
138
134
129
127
125
126
122
119
113
112
112
106
100
96
95
91
92
99
97
96
106
107
98
99
105
104
104
104
110
107
99
96
85
93
92
91
82
70
72
95
117
121
119
119
116
113
109
107
106
109
112
105
112
114
103
169
157
161
174
183
190
192
188
177
165
158
157
158
159
161
163
162
160
162
156
147
134
113
99
100
101
101
102
91
99
103
97
90
89
98
115
131
143
145
144
146
147
138
131
127
126
124
113
102
97
102
93
84
84
83
84
86
83
80
81
79
72
75
87
93
95
108
114
108
104
104
92
91
83
85
80
70
71
93
115
120
115
116
114
112
108
103
103
106
107
102
110
113
103
181
174
176
182
185
186
189
181
171
163
159
160
159
158
159
160
161
160
161
157
148
137
119
106
102
94
87
88
77
64
48
40
29
29
47
95
144
166
164
160
164
164
159
147
144
148
146
135
117
112
113
117
123
119
101
88
96
105
88
68
66
71
66
59
56
57
64
80
86
91
86
78
83
83
85
81
72
72
91
109
115
114
113
110
108
105
102
103
104
104
100
106
110
103
193
192
191
189
190
193
191
172
157
156
161
163
157
154
155
157
159
159
160
156
147
136
121
110
101
87
76
74
68
55
40
30
10
4
27
94
164
193
187
180
183
184
179
166
168
175
173
165
149
149
155
159
162
158
140
129
136
143
128
104
110
117
94
60
32
22
23
30
37
55
66
70
83
83
84
80
74
79
94
106
109
112
110
107
103
103
105
105
105
103
96
100
110
103
193
194
196
193
196
197
193
169
153
149
156
161
154
151
152
153
157
157
159
155
147
137
127
117
106
87
72
68
67
69
68
55
36
13
24
78
149
192
194
181
180
180
178
169
173
185
184
179
164
167
173
179
181
176
162
158
166
171
151
137
148
150
115
62
20
8
9
10
14
31
42
56
80
84
82
78
77
85
98
105
104
107
108
104
98
100
108
107
102
102
94
99
111
102
187
189
195
192
195
191
189
172
157
151
150
157
152
150
152
153
156
155
157
155
148
140
133
125
112
90
76
73
78
95
104
91
80
57
38
58
105
155
167
154
153
160
157
151
159
171
173
172
156
157
166
169
170
169
163
164
167
162
150
141
154
155
116
55
12
9
11
13
23
45
55
67
85
84
83
80
78
85
99
102
101
104
106
101
94
97
107
105
97
97
97
101
110
97
188
188
187
189
184
186
184
167
160
158
152
156
157
157
155
155
155
157
160
154
152
146
136
126
109
97
85
75
86
112
114
112
119
109
89
75
89
123
135
128
130
139
137
131
134
145
145
132
124
125
130
133
134
132
134
139
143
144
124
111
121
131
100
47
30
34
38
41
73
88
76
79
85
86
84
78
80
86
94
99
101
100
102
99
98
102
104
100
95
92
99
104
103
98
186
186
187
188
187
190
184
160
155
160
154
156
158
158
158
156
155
155
159
155
154
148
140
128
111
101
93
84
95
119
125
124
132
135
130
118
115
123
128
129
132
135
133
130
130
132
131
125
120
120
119
120
119
117
118
122
126
127
116
103
103
106
94
73
76
82
75
78
104
106
91
83
83
81
81
77
81
89
95
98
98
98
98
98
99
103
102
97
95
94
101
102
102
106
185
183
185
185
187
194
186
155
151
160
150
154
156
156
159
158
155
154
157
156
155
150
142
129
110
104
103
97
106
122
128
128
129
134
142
146
144
140
143
152
153
150
146
146
142
139
139
139
136
130
128
129
130
129
131
134
137
137
135
130
123
117
116
112
116
114
93
96
111
107
101
91
86
81
80
79
82
90
95
97
98
99
96
96
98
102
101
97
95
97
100
101
105
113
183
180
182
180
182
192
188
155
150
157
150
154
155
155
157
157
156
155
155
155
152
148
142
128
108
104
104
105
113
120
132
140
133
135
141
153
153
148
152
157
151
143
146
148
146
139
137
139
135
128
124
129
133
136
138
139
140
140
145
147
142
133
135
130
126
117
102
107
115
102
104
94
88
84
83
82
85
89
92
95
97
100
100
97
97
99
101
100
96
96
99
102
108
113
182
180
178
176
178
184
185
154
150
157
152
158
159
157
157
156
155
155
156
154
151
147
143
129
110
106
106
109
118
121
134
146
142
147
151
154
149
147
156
158
149
144
141
144
142
133
128
126
123
119
115
120
125
131
131
130
132
132
139
142
138
131
134
128
125
122
114
122
124
107
106
93
89
88
86
86
87
90
91
93
95
97
102
99
100
98
100
100
97
97
100
103
108
109
181
180
175
174
175
176
178
151
152
159
151
159
162
160
158
156
156
156
156
153
150
147
144
134
116
110
111
114
124
128
134
139
138
144
158
155
148
148
151
144
135
134
138
132
123
117
115
114
111
106
105
107
111
116
117
118
123
127
134
135
134
133
132
123
124
129
118
123
122
109
105
93
89
88
88
89
91
93
93
92
92
92
97
98
104
99
97
100
97
98
104
104
107
102
179
178
173
171
172
174
177
153
154
160
147
157
163
162
159
157
157
156
154
151
150
148
144
136
121
112
113
115
127
134
134
138
139
140
146
148
148
150
150
142
136
138
138
125
111
104
106
107
104
100
99
98
100
103
107
110
118
126
124
121
121
126
127
117
118
124
120
121
118
111
106
95
88
83
86
88
92
95
95
92
88
86
92
97
106
99
96
102
97
99
104
104
106
97
176
175
173
170
172
178
184
158
157
161
147
158
164
164
162
159
155
153
152
149
150
147
143
136
123
113
114
115
125
129
130
141
146
141
139
141
142
144
148
146
144
145
139
128
113
104
100
100
99
99
96
93
91
94
98
104
113
121
118
112
112
116
118
110
115
120
117
118
119
117
104
93
87
83
81
85
90
93
95
91
86
82
89
95
105
99
97
103
98
96
106
101
104
96
177
175
170
172
173
188
190
164
160
162
149
159
163
168
165
159
158
151
151
149
147
146
145
135
121
112
109
116
122
127
134
139
141
143
145
139
138
140
143
143
141
137
126
120
112
105
96
94
94
90
90
88
88
92
99
105
111
116
118
114
114
116
115
116
117
117
117
114
115
113
97
90
84
85
82
81
84
88
88
86
85
90
90
97
100
91
91
100
99
99
102
100
107
95
175
173
168
171
175
192
193
164
158
163
153
161
162
165
164
161
160
154
151
146
144
146
147
139
122
106
108
117
120
123
131
134
134
139
137
135
137
140
140
135
125
115
104
104
106
105
97
93
92
88
86
85
86
91
99
103
109
115
118
118
121
121
120
121
120
119
115
112
110
104
91
89
85
83
83
82
82
83
81
81
87
95
94
95
95
88
88
97
96
96
104
106
106
86
174
171
166
169
178
201
199
163
154
162
155
163
162
165
167
164
163
157
151
145
143
144
145
143
127
108
108
114
117
121
129
129
128
132
131
131
133
135
134
128
117
104
98
97
98
96
92
89
88
86
84
85
85
91
97
101
107
113
114
116
121
121
119
120
121
119
116
111
108
101
88
84
80
79
87
86
86
87
86
85
85
87
86
89
95
92
91
97
98
96
106
113
105
74
173
169
166
168
184
212
208
165
149
158
155
164
164
167
169
165
163
157
153
147
144
143
142
143
136
121
111
108
112
122
128
128
127
130
130
130
130
130
129
127
121
111
107
100
92
87
84
85
86
84
86
87
88
92
99
102
107
113
117
119
123
120
118
120
121
117
118
110
107
105
87
78
74
78
86
85
86
87
86
86
85
83
85
86
94
94
93
98
102
98
106
119
103
65
173
169
167
170
188
222
216
169
144
152
153
165
166
168
171
165
162
156
153
149
147
143
137
142
143
136
120
105
108
123
128
127
129
128
128
129
131
129
125
122
117
110
104
95
86
80
81
83
85
87
90
90
90
94
99
103
107
112
114
118
122
122
122
125
125
120
115
104
100
98
84
79
74
78
82
84
84
81
80
83
89
93
89
87
90
88
91
98
105
99
107
122
101
61
174
169
168
174
193
227
222
178
145
146
150
164
165
166
170
165
162
159
154
150
149
144
139
140
143
142
127
108
109
121
124
125
130
129
130
131
131
127
121
115
108
103
94
90
83
79
81
83
87
92
93
93
93
96
101
103
105
110
113
116
122
124
128
131
129
123
112
101
91
85
77
80
78
77
81
83
83
82
83
84
88
89
78
82
89
91
97
99
107
104
112
121
93
59
174
170
168
179
198
226
224
189
152
143
150
164
162
163
167
166
166
163
156
152
149
145
142
139
139
139
131
118
112
116
120
122
126
130
132
130
129
126
119
113
108
103
97
93
86
84
85
88
90
96
96
95
95
100
105
106
107
110
117
120
125
128
129
130
128
122
110
101
92
84
77
81
79
77
80
79
80
82
84
85
81
79
72
78
90
94
99
94
107
111
117
116
80
54
172
168
168
184
201
224
224
196
157
142
152
164
160
160
166
167
169
168
161
153
146
145
145
140
135
135
133
127
116
113
118
120
124
134
129
127
127
128
123
117
113
108
104
99
92
91
95
95
93
96
96
96
97
102
108
109
109
111
110
113
118
122
124
126
127
123
109
101
96
93
83
82
80
82
81
79
78
79
82
85
86
88
86
84
86
86
91
85
104
118
123
110
69
50
167
163
163
183
203
225
221
195
158
136
148
166
164
167
165
173
171
168
162
156
149
144
142
141
139
134
132
123
120
117
116
120
130
136
127
122
124
128
123
116
110
107
106
101
97
99
101
93
94
95
96
99
102
106
110
111
111
112
104
102
108
117
120
117
114
117
106
103
98
91
85
83
84
84
84
83
84
85
83
82
84
87
92
87
89
88
92
96
113
126
128
98
68
52
163
160
161
183
211
230
219
193
153
125
143
169
170
174
170
174
172
167
161
155
150
146
143
141
138
134
129
126
123
122
120
123
127
130
123
121
123
126
123
115
106
102
105
101
100
102
103
96
97
95
92
100
104
103
104
105
105
105
98
95
98
107
109
104
101
103
103
95
87
82
79
80
82
81
85
86
86
84
81
79
79
81
85
87
92
95
97
100
112
127
115
82
59
54
162
160
163
186
217
229
214
193
155
125
137
166
167
173
171
171
170
164
161
156
152
148
144
141
138
134
131
129
125
123
126
126
123
119
122
120
118
118
117
113
106
103
103
101
100
100
100
97
101
95
91
101
104
102
102
104
101
96
97
94
90
90
92
96
99
100
99
91
84
82
79
80
81
79
80
83
84
83
80
80
82
83
88
90
91
95
100
110
117
123
98
68
54
59
162
161
168
192
222
226
213
197
158
128
140
164
162
171
173
172
173
169
163
158
154
150
145
141
138
134
134
132
124
124
131
129
118
109
117
117
113
110
111
110
107
107
105
103
103
101
98
100
106
100
95
103
105
102
106
108
101
91
94
95
89
78
80
92
100
98
90
88
89
90
83
80
81
81
83
86
87
84
81
81
83
84
92
94
92
95
101
121
123
113
82
62
58
63
160
161
170
197
229
228
217
198
154
121
139
162
163
168
173
175
178
175
168
161
156
152
146
143
140
137
136
134
128
127
134
130
119
111
111
113
110
106
108
109
108
109
107
105
104
101
99
100
107
100
98
104
107
107
111
112
104
95
96
100
97
87
85
92
94
89
79
82
86
89
84
82
84
85
89
91
90
86
83
83
85
86
90
96
99
102
107
129
122
94
70
64
67
66
158
160
167
194
225
224
213
194
155
120
130
155
166
167
170
177
183
179
172
165
160
156
150
146
144
142
139
139
137
135
134
130
124
119
111
111
108
103
104
107
110
111
108
107
107
104
100
97
101
96
99
106
110
110
110
109
104
101
94
93
92
89
84
79
75
73
81
81
81
82
83
86
89
90
91
91
90
88
86
86
89
91
94
98
103
108
116
129
111
76
62
67
70
63
155
157
162
183
216
217
201
188
167
133
121
142
162
167
170
177
183
181
177
171
167
164
158
152
150
149
148
145
145
143
138
134
131
127
118
114
109
104
103
108
112
114
111
111
111
108
105
98
100
98
100
109
112
107
104
103
101
101
94
88
85
89
85
78
74
76
87
87
80
77
84
90
91
93
94
93
91
89
87
87
89
91
100
104
105
111
126
119
92
66
61
68
68
61
151
152
157
174
209
214
194
185
180
146
112
123
148
163
169
173
175
179
179
176
174
171
163
157
155
155
157
152
150
149
144
140
136
131
120
115
112
109
107
111
116
113
112
111
108
107
105
96
97
98
100
109
111
103
99
99
99
97
88
82
81
85
87
84
82
84
86
89
80
75
85
91
91
92
92
90
89
89
88
88
91
93
100
108
111
118
133
108
73
62
63
68
65
59
146
149
154
179
213
220
205
190
176
144
108
104
132
157
165
162
168
176
180
178
178
174
165
160
160
160
160
162
159
154
154
147
147
135
124
123
112
113
116
115
118
115
108
107
104
101
98
100
91
95
104
110
108
99
96
98
96
93
86
81
79
81
84
88
89
87
91
90
85
81
84
88
89
89
90
87
86
88
88
90
92
92
102
111
119
122
132
94
71
61
66
73
61
59
145
148
154
184
216
218
213
195
164
136
114
103
111
138
158
162
161
168
180
181
177
171
169
165
162
164
165
163
159
157
156
154
160
148
135
128
111
112
118
118
120
115
110
105
101
100
95
95
92
100
110
113
109
98
94
94
93
92
85
82
83
84
86
87
87
83
85
89
91
89
86
85
86
88
89
90
90
90
90
89
92
95
104
115
122
126
129
92
70
65
67
73
62
62
142
146
156
185
215
214
212
192
151
133
124
109
94
116
148
164
163
163
169
175
174
169
171
167
164
168
168
165
163
163
162
163
168
156
144
135
118
117
122
122
123
118
114
107
102
99
94
99
100
105
109
112
107
98
94
93
92
91
90
88
89
89
88
88
85
78
77
85
93
94
88
82
81
85
90
95
96
95
93
91
93
100
110
118
123
129
124
87
69
68
65
73
63
65
141
144
159
187
216
214
200
179
148
137
130
118
94
98
129
158
166
160
156
164
167
166
166
162
160
167
168
165
168
170
165
165
166
153
147
144
133
127
127
125
124
120
115
109
104
99
99
108
111
105
99
103
104
100
96
93
90
90
93
92
91
90
89
90
86
79
76
82
90
92
89
83
80
83
93
101
102
99
97
94
97
107
115
118
120
128
117
82
66
66
62
71
64
67
139
141
161
193
225
222
188
170
160
140
129
121
100
91
106
135
159
158
153
154
158
160
157
154
157
161
164
162
167
170
163
162
163
152
149
152
145
135
129
126
122
118
112
108
107
106
108
110
110
101
94
98
99
98
94
88
86
87
89
89
88
87
88
92
89
81
78
83
87
89
89
86
85
88
99
106
106
102
101
101
104
114
120
120
120
125
106
76
64
66
59
70
66
67
136
140
161
202
230
223
177
168
175
146
129
123
111
94
94
108
139
153
156
152
151
152
149
148
153
154
157
157
160
163
156
159
160
154
150
151
145
134
129
125
120
116
112
109
111
115
116
106
104
101
99
98
95
93
89
84
82
85
88
88
88
88
88
90
87
80
80
85
89
89
87
88
90
97
104
108
107
105
107
109
114
121
121
122
123
123
96
67
64
67
61
69
68
67
134
140
165
207
231
222
180
171
177
145
128
128
122
106
94
93
110
136
150
151
151
148
145
145
146
146
149
149
151
155
150
155
155
152
147
146
141
132
127
124
119
117
115
110
110
114
115
101
101
102
102
98
93
92
91
84
81
83
88
88
89
87
85
84
82
77
82
89
93
92
91
92
97
103
107
107
106
107
111
118
123
125
123
121
123
115
87
62
65
65
64
67
69
68
134
140
171
213
233
225
190
174
167
138
125
132
127
114
97
87
89
116
137
150
153
146
145
143
140
141
142
144
146
150
148
153
148
146
143
141
137
132
126
122
118
120
116
110
104
105
109
99
101
104
101
95
91
94
95
88
82
82
85
86
87
85
80
80
80
79
85
92
97
95
96
98
102
106
108
106
105
108
114
124
129
128
124
120
120
110
82
60
64
61
66
64
68
68
135
147
181
220
234
230
203
183
163
138
126
130
128
120
105
89
85
93
121
143
152
148
149
144
136
136
140
135
138
144
149
147
139
142
140
131
138
136
125
121
116
119
117
109
101
94
94
98
97
98
97
93
93
99
99
90
82
82
79
78
77
78
78
79
80
81
89
93
95
99
99
98
102
108
110
112
113
116
119
122
125
132
121
113
120
105
73
64
64
64
66
67
67
66
140
164
204
230
232
226
204
183
162
139
127
128
125
121
113
103
93
92
111
129
140
147
155
153
143
138
136
134
131
137
147
144
133
138
135
127
135
134
124
119
113
112
118
111
104
96
93
93
90
90
92
90
91
94
94
89
82
80
76
74
73
74
75
76
79
82
87
91
96
102
103
101
102
104
111
116
121
122
122
122
124
130
119
115
119
100
71
64
63
64
64
65
66
66
153
191
232
241
226
215
201
180
157
138
133
131
125
122
123
120
109
99
99
110
124
136
147
148
143
141
138
139
136
137
143
136
125
133
126
120
124
122
117
117
114
112
110
107
106
101
100
97
89
86
86
86
89
90
87
86
83
78
77
74
73
74
78
78
81
84
87
92
97
103
102
101
105
107
112
117
120
126
128
126
124
125
120
122
119
92
67
64
63
64
65
65
66
66
