97
99
98
93
86
85
83
79
71
64
72
89
118
135
155
164
166
167
167
172
177
178
176
178
181
180
182
184
186
187
188
189
190
191
192
194
195
196
198
201
202
201
201
202
202
201
200
200
201
202
201
201
200
199
197
195
192
191
191
189
186
182
178
175
172
172
170
168
167
165
164
162
161
160
159
158
157
157
155
154
153
153
151
151
151
151
149
148
147
146
145
143
140
137
87
90
86
77
73
75
74
65
58
55
73
96
128
144
160
167
167
166
167
170
174
176
176
178
181
181
183
185
187
188
189
189
190
191
192
193
194
195
197
200
201
202
203
203
203
202
202
202
203
204
204
204
204
203
201
199
196
194
191
189
186
182
178
175
173
171
169
168
167
166
166
164
163
163
161
160
158
157
155
153
151
149
150
151
151
150
149
147
146
146
145
143
140
138
81
82
76
67
63
65
66
57
49
51
74
101
138
148
163
168
166
167
166
169
172
175
176
178
179
181
183
185
187
189
190
191
191
192
192
192
192
194
195
199
201
203
201
203
204
203
202
201
203
205
204
205
205
205
202
201
198
195
191
189
185
181
177
174
173
172
168
167
167
166
167
166
164
162
160
158
156
155
153
151
148
147
147
149
150
150
148
147
146
144
145
141
140
140
72
72
67
59
56
58
59
52
45
52
80
109
139
149
160
166
164
165
167
170
173
176
177
178
179
179
183
183
186
187
189
190
191
191
190
190
190
191
193
196
198
200
200
201
201
201
200
200
202
204
203
204
206
205
202
201
198
195
190
188
184
181
177
174
172
170
167
167
167
166
167
166
164
162
162
159
155
153
150
148
146
146
146
149
150
150
149
148
146
144
143
141
140
140
62
63
59
53
50
51
51
46
44
55
86
120
141
147
158
161
162
163
166
169
172
175
177
178
178
178
182
182
184
186
187
188
189
189
189
188
188
190
192
193
196
197
197
197
197
197
198
199
201
202
202
203
204
203
202
199
196
193
188
187
185
180
177
174
171
169
167
166
166
166
167
166
165
163
162
158
154
151
148
146
145
144
145
148
150
150
149
148
145
143
142
141
141
140
55
55
54
49
47
45
46
43
46
61
94
130
143
146
156
158
162
164
166
168
171
174
177
178
178
177
180
181
181
184
185
186
187
188
188
186
186
188
190
192
192
194
194
194
194
193
194
196
198
199
200
201
200
199
198
196
195
192
189
187
184
181
177
174
171
169
168
167
165
165
166
166
164
163
160
156
152
148
146
144
142
142
144
147
149
150
149
148
145
142
141
142
143
142
46
46
47
44
42
41
40
41
49
69
102
136
145
147
153
156
162
166
167
169
170
173
176
177
177
177
179
180
180
182
183
185
185
185
186
185
184
186
188
189
189
190
191
191
191
191
192
194
195
196
198
198
197
195
194
193
192
189
188
187
184
181
176
174
172
170
168
167
165
165
165
165
163
162
158
155
150
146
144
141
140
139
143
146
148
149
149
148
145
142
142
144
146
143
41
40
45
43
41
37
36
38
52
74
110
139
146
148
152
156
162
166
169
170
171
173
174
175
176
175
177
178
180
181
183
184
185
185
186
185
185
186
187
187
187
187
187
188
189
190
190
191
193
194
196
196
195
193
191
191
189
187
186
184
182
180
177
175
173
172
171
169
168
166
166
165
163
161
158
154
149
145
141
140
140
140
142
145
148
149
149
148
145
142
142
144
146
143
35
35
41
41
41
36
33
38
58
86
117
140
146
149
151
158
163
165
168
168
170
171
171
172
173
172
176
177
179
181
183
184
184
185
187
187
187
188
188
186
185
185
185
186
188
189
188
189
190
192
193
194
193
191
190
188
186
183
182
181
180
178
177
176
174
173
171
170
169
169
168
166
163
160
156
151
145
140
137
137
140
143
142
145
147
148
148
148
145
142
141
141
142
142
29
29
33
37
39
35
33
41
66
98
120
139
145
149
152
161
164
165
166
166
168
169
169
170
171
170
175
176
179
181
183
184
184
185
186
188
189
190
188
186
183
182
183
185
187
188
187
187
189
191
191
192
192
190
188
187
184
181
178
178
178
178
177
176
175
173
171
171
171
171
169
167
163
160
152
147
140
135
132
134
139
143
143
145
147
148
148
148
146
142
139
138
139
140
27
28
30
35
39
36
33
45
70
102
122
136
144
150
154
158
163
163
167
166
168
169
169
169
169
168
172
173
176
179
181
182
181
182
185
187
189
187
185
184
182
181
182
184
186
187
186
186
187
189
188
190
190
189
186
184
182
180
177
178
178
178
177
176
174
173
170
170
171
171
170
169
164
157
151
146
141
136
132
135
139
141
140
142
144
145
146
146
143
139
137
137
135
135
26
28
29
36
39
38
34
48
72
103
124
137
144
149
153
157
162
163
166
166
168
169
169
169
168
168
171
172
175
178
179
180
180
181
183
186
187
186
184
182
181
180
180
183
185
186
185
184
184
184
185
186
185
184
182
180
179
178
177
178
178
177
177
176
174
173
170
170
171
172
170
168
164
158
152
147
141
137
133
135
138
140
139
140
142
143
144
144
141
137
135
135
133
132
24
27
28
35
40
40
38
50
75
106
125
138
144
149
153
157
162
163
165
166
168
169
168
167
168
167
171
171
173
175
177
178
178
179
181
183
184
184
182
181
180
179
178
181
184
185
184
182
180
179
181
180
179
178
177
177
177
176
175
176
176
176
175
175
173
172
170
170
171
171
169
168
164
158
153
148
142
137
134
134
138
138
137
139
140
141
142
141
138
134
132
132
131
130
24
28
28
35
41
42
41
54
79
109
128
138
143
148
153
156
161
163
164
166
168
169
168
166
167
167
170
169
171
173
174
175
176
178
179
180
181
182
181
180
178
178
177
179
182
183
183
181
179
178
179
178
177
175
176
177
176
174
171
172
172
172
173
173
172
172
170
170
171
171
169
167
163
158
153
148
143
138
135
135
138
138
137
138
140
140
141
140
137
132
131
131
130
129
23
28
29
36
42
44
43
57
82
113
129
138
142
147
152
156
161
162
164
165
168
169
168
166
167
167
169
168
169
171
172
173
174
175
176
177
179
180
180
179
177
176
177
179
181
183
183
182
181
180
180
178
177
176
177
177
174
171
165
167
168
168
170
171
172
171
171
170
170
169
167
166
162
157
152
147
143
139
136
136
138
138
138
139
140
141
141
140
136
132
130
131
131
130
23
29
30
36
43
47
47
61
86
115
130
138
142
147
152
155
160
161
164
165
166
168
168
166
167
167
168
167
168
169
171
172
174
175
175
175
176
179
180
179
177
177
178
179
180
182
184
184
183
182
180
179
178
177
177
175
172
168
163
164
165
166
168
170
171
171
171
170
169
167
164
163
161
156
150
146
142
139
135
136
138
138
139
140
140
141
141
139
135
131
129
130
130
130
23
30
31
38
46
51
51
65
88
117
129
138
141
146
152
155
159
160
164
165
165
167
167
167
168
167
168
167
167
169
170
171
174
175
175
174
175
179
180
179
178
177
178
179
181
182
184
184
184
183
182
181
180
179
177
175
171
167
163
164
165
166
167
170
172
172
171
169
167
164
161
160
158
154
150
146
143
138
134
135
137
139
139
140
139
139
139
138
133
129
127
129
129
127
22
29
33
40
47
53
54
68
90
119
130
137
140
145
151
154
158
160
164
163
164
166
167
167
168
168
168
168
167
168
170
171
174
175
175
174
175
179
181
180
178
178
179
180
181
182
184
184
184
183
184
183
181
179
178
176
172
168
165
166
167
166
168
170
171
171
170
168
165
162
158
158
156
153
149
146
142
138
133
134
136
137
137
138
138
138
138
136
132
127
126
127
127
125
27
33
35
41
49
54
56
70
92
118
131
137
141
144
149
155
158
160
162
163
164
165
167
170
170
169
168
168
168
168
169
171
174
174
175
172
175
179
180
180
179
178
178
181
182
183
182
182
183
184
184
185
184
181
177
174
172
172
171
172
172
171
171
171
170
169
169
168
164
159
157
157
154
150
148
144
141
137
133
132
134
134
135
135
137
137
135
132
129
125
123
124
123
122
27
34
38
44
51
55
58
73
94
120
132
138
140
144
149
154
157
160
161
162
163
165
167
169
170
171
170
171
170
171
172
173
174
174
175
173
175
179
180
180
179
178
177
180
181
182
183
183
184
185
185
185
183
181
177
173
170
169
170
170
170
170
171
171
170
170
168
167
164
160
158
156
152
147
144
141
138
135
133
134
134
134
134
133
134
134
133
131
128
124
122
122
122
121
28
35
41
46
52
57
61
76
96
121
132
138
140
144
148
154
157
159
162
162
164
165
167
169
170
171
172
173
174
174
174
174
175
174
174
171
174
178
180
179
179
178
177
179
180
182
183
184
185
186
186
185
183
180
176
173
170
168
168
167
167
167
168
169
170
170
169
167
165
163
160
155
149
144
139
136
133
133
133
135
136
135
133
132
132
133
131
130
128
124
123
123
122
121
27
35
42
47
51
56
62
78
97
120
132
138
140
142
147
153
156
160
162
163
164
166
167
169
171
171
173
175
176
176
175
175
174
173
172
169
172
177
178
179
179
178
178
179
180
182
184
186
186
187
188
187
184
181
178
173
170
168
165
164
165
165
167
169
170
171
171
168
165
164
160
153
146
142
135
133
132
132
132
135
137
136
135
132
131
132
130
130
127
123
122
122
121
120
28
36
43
48
52
57
64
80
98
119
132
137
141
143
148
154
157
160
162
163
165
167
168
169
170
172
173
175
176
176
176
174
173
173
171
169
171
176
178
178
178
178
178
179
181
183
185
187
188
189
190
188
186
182
179
176
172
170
167
166
166
166
168
170
171
171
170
167
163
160
157
150
143
139
133
132
132
133
133
135
138
138
135
132
130
129
126
125
122
118
116
115
115
115
28
38
45
50
54
60
65
83
100
120
133
138
142
145
150
155
158
161
162
162
165
167
169
170
172
172
174
175
176
177
176
176
175
173
172
169
171
175
177
178
179
178
179
180
182
184
186
187
189
189
189
188
186
184
182
179
175
173
169
169
168
168
169
170
170
170
168
164
160
156
153
148
142
138
132
131
131
132
133
134
136
135
132
128
125
123
119
117
114
109
107
106
108
110
29
39
45
51
56
62
67
83
101
121
133
139
142
146
151
155
158
160
162
161
163
167
170
171
173
174
176
177
178
178
178
178
176
174
173
170
171
175
177
178
180
180
181
182
184
185
186
186
187
188
188
188
186
184
182
179
177
176
171
170
169
170
171
171
171
170
168
165
159
153
150
146
141
138
134
132
131
132
131
131
131
128
125
121
118
117
113
110
107
103
101
100
103
106
29
40
45
52
58
64
68
84
101
121
133
139
142
146
150
155
157
159
163
161
163
167
170
172
175
176
178
179
180
180
181
180
177
175
175
171
172
175
177
179
181
181
184
185
186
186
185
184
185
186
187
187
186
184
182
179
177
177
172
171
171
172
173
174
174
172
168
166
159
151
147
144
140
136
134
131
130
131
131
129
126
122
120
116
114
113
109
108
105
101
99
98
101
104
31
38
45
53
58
62
69
83
101
117
130
137
143
146
150
155
157
159
160
161
165
168
171
174
176
178
178
180
181
182
182
181
179
178
176
175
175
177
178
180
182
184
185
187
186
184
182
182
182
185
185
185
185
183
183
182
180
177
174
175
174
172
173
176
176
173
169
165
157
149
145
141
136
133
132
131
130
129
130
128
124
119
116
114
112
111
109
108
106
104
100
99
102
105
31
37
43
51
56
61
69
83
102
119
130
136
142
144
149
154
156
158
158
160
164
167
172
175
178
179
180
181
182
182
182
180
179
178
178
176
174
175
177
180
183
184
185
186
185
183
182
182
182
183
183
184
184
182
182
182
181
179
177
177
177
177
178
177
175
172
168
164
156
149
145
141
136
134
131
130
130
130
130
129
124
119
115
114
113
113
111
110
108
106
104
102
103
104
31
37
43
50
57
60
68
83
101
116
129
135
141
143
147
152
153
155
156
158
162
166
171
174
176
178
179
180
181
181
181
180
179
178
179
177
174
173
175
180
183
184
184
182
181
180
178
178
179
177
182
182
182
181
181
182
181
180
177
175
175
178
179
178
175
173
167
163
154
148
147
143
137
135
133
132
130
131
130
128
124
121
116
114
115
115
114
113
111
108
108
105
105
103
31
37
43
51
56
60
68
81
98
113
128
135
141
144
147
150
151
152
157
158
162
165
169
172
174
175
177
178
180
180
180
179
179
178
178
177
174
172
173
177
180
181
183
181
180
179
177
179
180
179
180
181
181
181
183
183
183
183
180
178
178
180
181
181
178
177
166
161
154
149
147
144
139
137
134
133
130
128
128
128
125
122
118
116
116
115
114
113
111
108
107
105
105
103
31
37
41
49
56
59
67
80
98
113
124
132
140
144
147
149
150
152
155
157
162
165
169
171
172
173
174
175
177
178
178
177
176
174
172
173
173
171
171
174
177
179
180
178
176
176
176
178
180
179
182
183
184
185
185
184
184
184
182
182
183
182
182
181
178
175
167
162
156
150
148
143
138
136
133
132
130
128
128
128
125
123
118
115
113
112
111
111
109
105
105
104
105
103
31
37
42
49
54
57
64
77
96
112
120
129
137
142
146
150
151
153
152
154
157
162
167
169
170
170
169
169
171
172
173
172
171
167
168
169
170
171
170
170
173
177
178
178
174
172
176
177
176
176
181
181
182
183
182
181
181
181
180
182
183
182
180
178
174
171
166
166
159
154
149
144
139
136
132
131
130
130
131
130
126
123
118
114
111
110
109
108
108
105
103
105
106
104
30
35
42
48
52
53
59
74
96
114
123
129
135
139
145
150
151
151
150
151
154
159
164
166
166
165
163
163
164
166
168
168
166
163
164
164
165
167
167
165
168
172
176
177
171
171
178
179
173
173
176
175
174
174
172
169
168
169
172
173
174
174
170
165
162
161
158
162
159
153
149
144
139
135
132
131
131
131
132
130
126
121
119
114
111
109
108
109
108
105
103
106
108
107
29
34
39
45
47
49
57
74
100
120
128
131
134
138
145
150
150
149
151
151
154
158
162
165
164
162
159
159
160
163
166
168
166
163
162
159
159
162
162
160
161
166
165
168
163
164
177
179
171
172
171
169
167
165
162
158
156
157
159
158
157
156
151
143
141
144
146
153
155
149
145
143
138
134
134
132
130
129
129
128
123
119
119
114
111
109
108
108
107
104
102
106
108
110
27
31
34
41
43
46
56
75
100
123
131
132
134
136
141
146
147
145
148
148
151
155
160
162
160
159
155
155
156
158
160
161
161
160
157
154
154
157
156
154
155
157
153
149
145
142
144
144
142
137
132
130
128
126
123
120
119
119
119
121
118
113
110
103
102
111
120
129
140
149
146
141
139
136
136
133
128
126
126
122
118
117
117
115
111
109
108
107
106
105
105
109
108
110
25
29
33
36
38
42
54
75
100
122
133
135
137
139
143
146
147
146
148
149
151
155
159
160
159
158
155
155
155
156
156
157
156
155
153
152
154
154
151
147
145
142
137
130
122
114
106
102
97
92
87
85
83
82
80
78
77
78
79
82
81
77
74
68
69
80
87
101
119
136
140
140
142
140
138
134
128
124
122
118
115
114
116
115
112
110
107
106
106
106
110
111
108
108
23
27
30
31
32
38
54
77
104
124
134
135
137
140
143
145
144
145
146
146
147
150
151
151
151
151
151
151
152
152
152
151
151
151
149
150
153
151
146
140
133
125
117
107
96
82
64
54
50
43
41
39
38
38
38
36
37
38
41
45
45
43
40
36
39
50
62
77
98
118
126
129
133
134
135
133
127
122
118
114
111
114
116
116
115
111
107
105
107
109
113
114
111
107
21
25
29
27
29
39
57
82
109
126
130
129
128
129
131
131
130
129
130
130
130
130
130
131
132
135
138
141
144
146
145
145
145
146
145
146
147
146
140
132
123
114
106
94
83
66
44
34
31
25
22
21
20
20
20
19
19
21
22
26
27
28
25
23
26
34
43
54
71
88
97
105
115
119
122
122
119
116
114
112
111
114
115
115
115
112
109
108
110
113
115
117
116
112
19
24
25
25
28
40
60
85
108
121
123
113
106
103
103
103
101
100
101
100
99
99
97
100
106
110
116
122
129
134
136
138
140
143
142
139
138
137
132
123
113
105
92
80
69
55
37
28
26
19
17
14
13
13
13
11
11
12
15
17
19
20
18
16
17
22
27
33
43
55
63
74
90
97
100
104
106
107
110
111
111
114
115
115
115
113
112
113
115
117
118
119
120
117
17
22
22
22
28
41
60
84
103
108
104
88
74
67
66
66
65
65
64
63
63
62
63
67
74
81
90
98
108
117
123
128
135
139
137
133
131
130
124
115
105
98
88
76
66
54
42
36
33
28
25
23
21
19
16
13
11
11
13
13
14
15
14
12
13
14
19
21
26
34
40
49
63
70
78
85
92
99
106
110
112
113
114
114
114
115
116
119
120
121
122
120
120
117
15
20
20
20
26
36
53
75
86
84
69
54
39
34
33
34
33
33
34
33
33
32
33
37
44
51
61
69
82
93
103
113
124
131
132
131
131
127
120
111
101
91
82
71
60
51
44
40
37
33
31
28
25
22
18
14
10
10
14
12
12
13
14
15
17
17
15
17
18
24
28
34
44
47
56
64
75
87
100
110
113
114
113
113
114
117
119
122
124
124
123
117
114
114
14
19
22
21
24
32
45
61
67
58
39
26
17
15
16
16
15
15
18
18
18
16
16
19
26
31
39
47
59
72
84
97
111
120
127
130
132
127
118
110
99
88
77
67
56
48
44
41
38
36
34
31
27
24
20
15
12
11
14
12
12
13
14
18
22
23
24
23
22
25
27
29
33
35
40
49
62
78
97
108
113
115
112
113
115
118
120
123
125
126
122
112
109
112
16
19
21
22
25
30
40
46
44
38
20
11
11
12
11
14
14
13
15
15
17
17
16
16
22
28
35
38
46
55
65
83
95
112
126
131
135
139
129
118
105
91
78
61
49
42
41
41
36
33
32
30
26
23
17
11
11
11
10
9
10
11
13
14
19
23
24
29
35
37
37
36
34
33
34
43
54
67
84
96
104
109
106
108
112
117
123
125
125
123
122
111
105
107
15
17
17
20
22
25
31
34
31
26
17
11
16
18
17
19
17
14
16
15
16
18
17
17
20
27
28
28
34
43
55
72
84
104
128
141
146
156
151
139
121
99
79
61
48
41
39
39
33
29
28
24
18
12
9
9
10
12
8
8
8
8
7
7
9
13
19
26
38
50
54
51
47
45
49
54
60
67
78
87
95
100
100
104
110
117
123
126
125
123
119
111
108
109
14
14
16
20
23
24
25
24
22
19
20
18
24
25
24
26
24
20
16
12
11
12
11
9
10
16
22
21
25
35
46
63
80
105
135
159
165
174
172
159
138
112
90
69
53
44
38
33
25
20
22
18
12
9
9
12
15
15
10
10
9
9
10
11
15
19
19
20
28
40
49
55
62
69
69
74
80
85
91
95
98
101
102
106
112
118
123
125
124
121
117
112
111
110
14
14
18
22
27
27
24
23
22
21
22
21
24
24
22
23
23
20
17
13
10
9
7
7
8
10
11
11
15
22
30
46
67
103
139
173
180
187
184
167
149
124
102
82
65
55
43
36
28
20
15
14
11
11
14
20
21
19
13
11
9
9
10
13
16
17
16
15
18
29
43
58
73
84
89
93
96
98
101
105
107
110
110
113
116
120
123
124
123
121
117
114
112
110
15
16
18
23
28
28
24
22
23
23
24
24
20
17
14
14
16
14
12
10
8
6
6
8
10
10
10
10
13
16
18
31
58
102
140
177
185
193
188
172
154
132
111
95
81
70
54
42
37
27
19
17
16
17
26
35
37
34
23
18
13
14
19
26
30
31
29
26
23
25
37
56
74
85
96
102
107
111
114
115
113
112
115
116
118
122
124
125
124
122
118
115
110
108
16
16
18
22
25
27
25
24
24
24
27
24
15
11
7
5
6
6
8
9
8
7
9
15
18
17
14
15
15
16
17
28
62
114
152
179
181
186
184
171
156
139
123
112
101
87
65
50
42
29
20
18
16
19
31
44
50
51
46
43
40
45
55
65
71
71
63
53
37
26
29
44
64
77
97
107
119
127
132
130
123
119
117
119
121
122
123
123
121
119
117
112
107
105
16
16
17
19
23
27
30
31
31
29
27
22
10
8
7
6
9
11
11
12
10
10
13
18
20
20
19
17
16
16
17
32
70
125
167
181
178
180
176
166
153
143
136
132
125
113
89
73
66
51
43
37
33
38
50
63
71
75
75
76
77
80
89
97
101
102
103
95
83
72
68
72
82
91
99
107
112
116
118
117
117
117
118
119
120
120
120
118
116
113
113
108
105
105
16
15
15
17
21
29
35
39
39
37
27
22
11
12
15
17
24
28
32
31
30
30
30
31
31
31
28
26
21
20
22
41
80
138
172
181
181
181
173
163
151
145
144
143
143
137
118
108
104
88
72
66
61
65
74
83
89
91
95
98
103
106
110
114
117
118
114
113
115
116
113
108
110
112
116
120
121
117
113
112
113
116
117
117
116
116
115
114
112
110
110
107
105
108
17
16
15
15
21
31
41
48
48
44
32
24
14
14
26
39
49
58
61
63
62
58
56
53
49
47
44
38
37
35
39
59
101
146
178
180
181
177
167
155
145
142
146
148
153
152
142
141
135
123
113
102
95
96
102
104
104
104
96
98
102
105
107
108
111
113
115
119
129
143
148
143
142
142
141
139
135
126
118
114
114
116
120
119
117
114
111
108
106
105
105
105
105
108
18
18
15
18
24
35
44
52
53
50
40
32
26
31
48
64
75
79
87
88
87
87
91
94
93
92
83
75
75
80
87
103
131
164
183
181
178
171
160
150
144
144
146
148
153
153
151
152
149
141
124
109
97
95
95
93
91
93
95
96
99
102
104
106
109
112
118
120
121
129
136
142
150
154
158
158
157
155
149
141
133
128
129
127
125
119
113
109
106
104
105
104
103
104
18
20
20
24
30
37
46
53
54
52
51
49
53
63
77
91
97
98
97
97
98
102
109
111
108
104
95
89
94
107
123
136
151
170
181
181
178
171
161
150
144
143
149
152
154
154
154
155
152
146
133
116
101
95
90
82
79
80
86
85
85
86
89
94
101
106
114
118
118
125
136
147
159
161
160
157
153
152
152
150
146
142
141
139
135
127
118
112
108
106
106
104
102
101
19
22
27
30
33
37
45
51
57
60
65
70
82
93
99
105
106
100
93
93
95
101
107
104
99
98
91
91
99
116
136
150
159
170
176
176
176
172
164
154
148
145
150
155
155
155
159
159
156
155
138
127
114
106
98
88
82
80
81
79
78
78
82
90
101
109
114
123
131
141
152
161
165
163
157
150
141
138
140
144
147
148
149
146
139
131
123
116
113
112
108
105
103
102
20
23
30
31
31
34
44
58
70
79
88
95
108
114
115
114
110
100
89
83
80
83
85
83
83
90
101
108
117
129
145
158
167
171
176
175
173
169
162
155
150
149
149
155
156
157
162
163
162
163
156
152
144
136
129
123
116
110
105
104
103
104
108
116
128
137
150
158
165
172
175
174
172
166
159
154
149
144
144
143
142
142
140
137
129
122
115
109
107
107
110
108
106
105
20
24
30
31
31
34
49
68
86
101
114
118
123
123
122
122
114
103
96
86
80
80
82
79
87
101
116
127
134
142
152
163
172
173
178
175
171
167
161
154
151
151
149
153
155
156
160
160
161
165
165
166
163
156
151
148
143
137
134
135
137
139
143
147
155
162
175
179
182
185
180
172
167
162
161
159
156
152
148
144
141
139
139
135
127
119
113
109
107
107
109
109
108
108
20
25
30
33
32
38
57
79
99
116
128
134
135
132
134
133
126
117
107
101
97
98
101
104
112
125
133
141
144
152
161
168
176
179
180
176
171
166
160
155
151
151
151
153
155
156
157
158
162
169
170
173
173
169
166
163
159
155
157
158
161
165
167
171
175
180
181
185
185
185
180
174
171
166
163
161
157
154
151
148
146
145
139
134
125
117
111
106
104
101
103
106
106
106
22
28
30
34
35
43
65
87
106
123
136
146
150
149
152
153
147
140
132
128
123
124
127
131
138
146
150
153
151
158
166
170
178
180
181
175
168
161
156
154
154
155
156
157
156
155
152
153
159
165
171
174
177
176
173
169
165
162
159
160
162
166
170
174
178
180
189
190
186
181
176
172
171
167
165
163
161
159
157
152
148
144
140
135
125
116
109
103
99
96
96
101
104
103
24
28
34
36
38
46
66
91
114
128
143
152
161
164
169
170
167
163
157
154
151
151
154
157
159
160
158
156
157
161
168
176
182
184
183
173
169
160
155
153
157
158
161
163
162
157
152
152
158
165
168
172
175
176
175
175
172
169
167
164
164
168
172
176
182
189
194
196
193
185
178
175
173
170
167
165
164
162
159
156
153
147
142
135
127
117
106
99
95
93
93
94
96
98
25
29
35
37
38
45
66
90
113
128
140
153
163
168
171
173
174
173
170
170
169
169
171
170
167
163
159
156
156
160
168
178
183
185
182
171
166
157
153
153
160
162
166
166
165
161
156
156
160
165
167
171
174
174
174
174
174
173
176
173
172
173
176
180
185
189
193
194
192
187
182
179
175
172
169
167
165
163
160
157
153
146
142
133
125
115
104
98
93
89
90
90
91
92
26
30
35
36
37
44
65
91
114
128
138
150
159
163
167
172
176
178
177
177
176
176
175
172
166
159
155
153
153
160
170
182
186
184
180
169
165
158
156
157
162
163
170
170
168
166
164
164
165
167
168
171
172
173
173
175
176
175
180
179
177
178
182
186
189
190
190
190
188
187
185
180
176
173
170
169
167
163
161
158
151
145
139
130
120
111
103
97
92
88
87
85
85
85
27
30
34
34
34
43
66
94
117
131
142
149
153
156
162
169
174
176
178
179
178
176
174
171
164
157
150
147
151
162
176
187
190
185
179
167
164
157
156
155
160
161
165
166
167
166
165
165
167
168
172
173
174
175
177
180
179
176
174
176
178
182
189
195
196
193
190
187
185
185
183
179
174
171
169
166
164
161
157
154
149
142
134
125
116
108
102
96
92
89
84
82
81
80
28
30
33
33
33
43
68
97
120
133
147
153
156
158
164
171
176
179
179
181
181
179
176
172
164
156
148
145
151
164
179
190
192
186
177
164
161
154
152
152
155
156
156
158
159
158
158
159
163
168
172
176
179
181
181
181
179
176
174
177
182
187
196
203
204
201
197
191
185
183
180
175
170
168
165
162
160
156
152
149
145
138
129
121
113
107
100
96
93
89
85
81
79
78
28
31
33
33
33
43
67
96
120
134
144
153
160
163
168
173
179
184
182
182
180
175
171
167
161
155
147
143
152
167
180
190
192
182
172
161
160
156
153
150
149
147
146
148
148
144
140
143
151
159
169
176
184
186
184
182
182
182
182
184
187
191
198
205
206
205
199
192
185
180
175
170
165
163
161
159
157
153
150
146
141
135
126
119
112
106
101
97
94
90
87
82
80
78
30
32
31
33
34
43
64
93
118
134
142
152
160
165
170
174
179
184
183
179
175
171
168
164
159
154
145
143
154
171
183
192
191
179
167
157
158
154
150
144
140
138
135
138
139
134
127
128
138
147
162
170
179
183
183
183
184
185
188
187
187
188
191
195
197
196
191
186
179
173
168
163
160
157
157
156
154
151
148
143
137
131
122
114
108
105
102
100
96
91
87
82
80
78
31
33
30
33
35
42
62
89
117
134
147
154
162
166
172
177
181
183
179
176
172
170
169
164
156
149
143
143
158
177
188
195
192
178
167
154
150
144
140
135
134
133
135
139
141
136
128
127
134
143
148
154
162
168
172
175
176
176
186
185
182
181
182
183
183
183
181
178
173
168
164
160
157
155
153
151
150
148
144
140
133
126
116
108
103
102
101
101
97
91
85
80
77
77
32
32
31
35
37
41
58
85
116
138
151
157
163
166
171
175
177
178
175
172
170
167
165
157
147
143
138
146
163
185
199
201
193
181
164
151
145
134
128
125
130
133
138
145
147
143
139
138
139
142
139
141
146
152
159
165
168
169
172
176
181
181
177
175
175
176
174
168
165
165
162
156
152
152
152
149
146
141
136
133
128
122
112
106
102
101
101
101
97
91
81
77
74
73
31
32
32
36
38
42
57
82
111
134
148
153
158
162
167
171
172
174
173
171
168
162
157
146
137
138
143
154
168
187
200
202
194
180
162
148
141
131
128
129
136
141
149
155
158
156
154
151
146
143
138
134
130
131
139
150
158
161
160
166
173
175
173
171
170
170
165
159
156
158
157
150
145
145
144
142
140
136
131
128
124
119
110
105
102
100
100
100
95
87
77
74
71
71
32
32
35
36
39
44
58
81
109
131
145
149
153
158
163
165
166
167
169
168
163
153
140
125
118
128
144
156
170
185
196
201
193
177
160
145
139
133
132
136
147
154
163
166
167
166
165
161
152
144
139
131
119
112
115
126
139
148
151
157
164
166
167
166
165
165
157
152
149
151
150
143
138
138
136
134
133
130
124
120
117
113
107
102
100
99
99
97
91
83
75
73
70
71
32
34
37
39
41
45
59
78
106
129
140
143
147
153
158
159
159
159
160
160
153
136
116
100
101
121
145
158
171
183
193
200
194
177
160
145
142
138
141
146
156
165
171
170
166
163
162
159
152
144
141
132
119
107
100
103
116
129
141
146
151
154
154
153
153
153
153
150
147
145
142
137
133
130
130
129
128
123
118
114
111
107
103
99
97
98
97
95
87
79
72
71
70
72
31
32
37
40
42
46
57
75
102
124
135
138
142
148
153
155
154
153
150
147
135
113
90
80
93
122
148
161
170
178
186
195
192
176
161
147
144
143
147
152
163
172
177
172
165
160
156
156
154
147
139
130
119
110
97
89
95
106
128
135
144
149
150
148
148
147
149
150
147
140
134
132
129
125
126
124
124
119
113
109
106
102
100
97
96
96
95
93
86
77
71
71
71
74
29
30
34
38
42
44
54
73
97
119
130
135
138
144
149
150
148
145
141
131
115
89
68
71
95
125
148
158
166
171
179
189
188
174
163
149
147
146
150
155
165
172
171
166
161
154
146
147
146
140
133
125
120
119
109
94
85
85
98
108
123
134
141
143
142
141
144
147
146
136
129
127
125
122
122
121
120
116
110
107
104
100
97
95
94
94
93
90
85
79
72
73
74
77
28
28
31
37
41
43
52
70
93
112
123
130
133
136
140
141
138
133
125
109
91
68
57
72
101
125
145
153
158
165
171
179
180
171
159
148
148
147
150
154
160
164
166
161
157
149
139
137
136
130
118
115
120
131
132
116
93
78
78
86
101
116
126
133
135
135
135
139
138
133
126
123
121
119
119
118
117
114
108
105
102
98
96
94
94
93
91
89
86
81
77
77
78
80
28
28
30
37
41
42
48
65
86
103
116
124
126
128
130
131
126
120
105
88
71
55
52
76
106
125
140
146
150
155
160
166
167
157
154
144
145
144
147
149
153
153
152
147
143
134
122
118
115
108
99
105
121
142
151
136
106
82
67
71
82
95
108
117
122
123
127
129
130
128
124
119
116
115
117
116
114
111
105
102
99
95
94
93
93
92
90
89
87
83
80
80
80
80
30
31
34
41
42
40
46
59
80
99
111
116
122
122
118
119
112
106
88
70
55
47
55
81
108
119
128
131
137
142
146
148
145
141
134
128
128
128
129
130
126
124
122
116
112
109
103
94
88
83
81
99
123
144
157
152
127
101
82
72
66
71
83
96
106
110
116
119
121
122
123
117
111
113
115
114
113
109
103
98
96
95
93
91
89
91
92
91
88
87
87
83
79
78
30
32
37
42
43
40
45
57
75
92
103
109
116
112
107
107
100
92
75
58
46
46
60
86
107
111
114
118
124
130
135
134
129
122
114
107
106
107
106
104
95
89
84
77
75
75
74
69
66
64
71
96
127
147
157
155
141
126
105
81
57
50
59
76
90
99
106
111
116
120
122
116
111
111
112
111
111
107
101
98
96
96
94
92
91
91
92
92
89
90
88
84
79
77
33
37
45
49
49
47
52
61
74
83
94
101
110
105
99
96
89
81
61
46
40
52
74
97
108
104
97
98
103
110
115
114
107
98
93
85
82
79
75
68
56
50
47
43
42
43
43
41
45
50
73
101
132
149
154
153
147
140
129
100
67
50
48
55
68
80
90
99
108
115
116
113
108
107
108
108
109
107
103
99
97
96
96
95
94
92
92
90
90
91
89
85
81
79
45
50
57
62
64
64
69
75
80
80
82
89
100
96
87
84
78
67
52
40
42
63
88
107
106
94
79
75
78
85
91
92
87
79
74
65
61
53
43
33
25
22
20
21
23
25
25
28
44
61
88
111
135
147
148
147
143
138
135
116
93
73
55
45
49
58
70
85
99
106
107
108
105
103
102
104
108
108
105
101
98
96
98
96
96
94
91
89
88
88
87
85
83
83
68
74
79
82
84
85
89
93
91
85
78
80
90
87
79
75
66
55
45
38
45
69
93
107
101
84
65
56
57
67
74
78
76
69
64
54
49
41
32
24
17
15
13
17
22
25
28
37
58
83
106
121
136
141
142
142
138
133
125
120
111
93
67
45
37
41
50
67
85
94
100
104
104
100
99
101
104
105
103
100
97
95
97
97
96
95
92
89
87
86
84
82
81
81
96
102
108
108
108
109
112
116
108
96
82
75
80
81
75
72
62
49
40
38
50
72
92
101
93
75
55
43
42
52
60
65
65
59
49
39
35
33
28
23
16
13
17
25
32
40
50
62
82
103
123
132
138
137
135
134
131
126
118
120
118
105
80
54
38
32
37
48
66
80
89
98
102
99
99
99
100
101
99
97
96
95
96
95
94
95
95
92
89
87
83
80
78
78
129
133
136
135
135
137
141
144
133
116
90
71
69
74
72
69
57
43
37
40
54
73
87
96
88
70
49
34
29
35
40
44
45
39
36
29
30
30
29
25
20
18
22
35
47
61
78
93
107
123
134
137
135
130
127
127
124
121
116
117
116
107
91
71
52
38
34
34
46
64
77
86
95
97
98
98
98
97
95
94
94
94
93
91
91
94
97
96
92
88
82
80
78
77
155
158
156
154
157
161
166
168
155
134
100
73
65
71
72
67
54
38
35
40
55
71
84
92
85
69
53
34
24
26
26
31
32
26
22
20
24
27
23
20
17
20
34
51
68
84
101
112
122
133
135
133
128
123
123
124
124
121
114
114
111
102
93
82
67
54
39
28
32
51
65
75
87
95
95
96
96
95
93
92
91
91
91
89
89
93
98
98
93
89
80
79
78
78
175
176
174
169
175
180
184
185
176
152
115
79
66
69
73
67
56
38
36
41
59
65
72
79
82
73
57
41
28
24
22
24
23
18
12
22
23
20
20
17
18
28
43
66
88
106
118
122
125
127
129
126
120
116
119
120
120
119
116
108
98
91
86
86
79
67
53
40
35
40
54
69
80
93
95
96
95
93
93
92
89
88
87
87
88
93
99
99
93
87
79
77
77
79
191
192
187
183
190
194
196
196
189
168
129
90
70
69
74
69
59
41
39
42
53
56
61
69
75
74
65
53
42
32
26
24
22
19
16
22
20
16
17
16
21
34
55
79
100
117
126
126
123
119
113
113
112
114
119
120
117
115
105
98
92
87
81
79
75
68
61
54
46
41
49
65
78
90
94
95
93
92
92
90
87
85
86
87
89
93
97
98
92
85
79
76
76
77
204
206
201
198
205
208
207
205
201
187
149
106
74
67
72
71
63
49
47
47
52
52
52
59
65
74
74
66
53
40
32
30
29
24
22
23
18
14
16
18
29
48
72
95
115
127
131
126
119
110
107
106
107
110
114
114
110
105
94
91
89
84
77
71
68
65
68
68
61
49
49
63
77
87
94
94
92
90
90
89
86
83
87
88
91
95
97
94
89
83
76
74
73
74
217
220
214
212
221
223
219
214
214
209
173
125
79
67
72
74
72
65
61
59
56
58
53
53
57
72
80
74
60
45
37
38
39
35
32
29
24
23
27
37
57
80
99
117
130
136
134
128
121
111
109
108
109
110
109
107
102
97
89
87
87
85
76
67
62
61
69
72
69
58
57
65
76
86
93
94
91
87
87
86
83
82
87
89
93
96
96
93
87
82
74
72
72
72
229
233
223
224
232
232
227
222
228
229
197
147
87
70
76
82
83
82
78
73
66
65
58
52
53
72
88
83
69
49
39
39
43
43
40
38
33
33
40
57
82
106
127
138
142
141
135
130
126
117
111
109
110
110
105
100
95
90
90
88
86
84
77
67
61
63
68
71
70
68
66
67
76
86
91
92
89
84
83
82
82
82
88
92
95
96
95
92
85
81
76
74
72
72
235
239
229
230
237
236
233
229
236
239
217
170
102
75
79
84
88
91
95
86
78
74
68
59
58
74
87
84
71
52
41
38
40
44
49
48
45
48
60
83
109
130
144
147
144
138
131
128
125
116
112
108
106
102
94
91
90
88
90
88
83
79
73
66
63
68
69
72
72
74
73
70
77
87
90
91
88
83
81
81
82
84
89
92
95
95
94
89
83
79
76
75
73
72
239
242
238
238
242
241
240
238
242
244
233
199
127
86
77
80
88
99
105
99
95
88
81
72
67
71
74
69
58
48
45
42
41
43
42
44
45
50
66
92
113
124
121
116
109
103
99
98
99
90
83
78
77
75
67
66
67
63
63
62
57
53
49
45
47
56
68
75
76
78
76
73
80
86
90
91
87
82
80
81
82
85
89
91
93
93
90
86
81
78
75
74
72
71
240
243
244
242
245
244
244
242
245
243
243
221
152
99
75
75
88
105
108
106
108
100
94
83
72
67
58
51
42
42
48
49
44
43
43
46
47
50
65
84
97
98
94
85
75
72
71
74
76
67
58
56
61
63
59
56
53
46
39
42
40
38
36
36
42
54
65
77
80
80
77
75
81
85
89
89
85
81
80
81
82
84
88
90
91
91
88
84
79
76
74
73
72
70
243
248
252
252
251
251
250
249
249
248
250
231
186
118
77
74
91
104
107
117
109
96
97
97
87
63
50
30
25
32
44
58
59
50
45
49
50
49
53
64
74
81
81
74
67
64
62
67
73
67
61
61
67
74
70
58
48
41
37
37
33
30
29
28
38
53
69
81
81
79
77
76
83
88
89
87
82
78
78
79
81
84
87
89
91
90
85
80
75
74
72
72
72
72
247
251
253
254
254
254
252
252
251
251
251
240
213
139
83
73
86
101
102
120
116
103
105
107
96
75
45
22
15
24
43
64
68
60
55
59
63
68
72
78
87
97
103
106
105
100
97
105
113
105
92
91
98
106
99
79
63
54
48
49
42
31
22
25
48
73
88
93
91
84
81
80
85
88
89
87
82
78
78
79
80
82
87
89
91
89
85
79
74
71
69
70
72
73
251
254
253
254
254
254
253
252
252
253
250
247
238
163
92
71
76
92
96
119
120
111
112
114
107
89
57
30
14
19
42
69
81
77
70
74
83
95
101
104
115
128
141
149
149
140
135
145
150
136
120
113
115
123
111
86
64
56
63
51
39
31
31
46
74
96
109
106
97
84
82
84
86
91
92
89
84
80
80
80
81
83
88
91
93
90
85
80
73
69
65
68
72
73
251
253
252
253
253
253
253
252
252
252
251
247
247
184
108
71
69
79
89
108
118
119
113
113
112
101
77
46
23
20
39
69
84
86
84
91
104
121
130
134
145
160
173
177
173
163
158
167
168
150
130
117
115
121
109
80
58
52
54
41
35
42
58
84
106
114
113
105
97
85
82
88
90
95
95
92
86
82
83
84
84
86
90
94
95
91
86
81
74
68
63
67
69
70
251
252
253
253
252
253
254
253
252
252
253
248
249
205
136
77
67
69
82
96
117
131
112
104
111
109
93
65
39
27
34
55
71
77
82
93
112
131
143
147
154
165
172
171
162
149
140
143
143
128
104
90
89
96
87
61
43
38
41
37
45
68
95
118
124
117
107
98
94
88
87
93
94
98
96
93
86
81
83
85
87
91
91
94
95
90
85
81
74
67
63
64
65
66
251
252
254
254
253
254
254
253
253
252
253
249
249
225
168
92
70
64
77
90
116
139
114
101
110
114
109
85
55
32
25
32
40
47
55
68
88
106
118
123
126
131
134
128
116
99
81
77
78
69
47
38
40
48
46
33
26
27
46
62
85
104
117
123
124
120
110
101
95
91
90
95
98
101
98
93
84
79
81
84
88
91
93
95
94
90
84
78
72
67
64
63
63
64
252
251
253
254
254
254
253
253
253
253
251
251
251
236
195
114
78
63
74
86
109
134
117
107
111
115
116
99
75
48
31
24
19
17
23
33
45
58
67
70
72
75
77
71
61
47
32
28
33
30
19
18
26
38
42
43
49
56
78
105
128
128
115
108
113
123
119
109
101
99
98
100
107
107
102
95
84
78
80
84
89
93
96
96
94
88
81
74
69
66
65
64
63
64
251
251
253
254
254
254
252
251
252
254
252
253
252
241
212
134
87
66
73
84
98
124
119
114
111
113
115
107
95
77
59
41
22
12
10
12
15
19
24
26
28
32
31
27
23
19
14
18
29
31
29
36
51
67
76
84
97
106
121
133
136
124
111
105
107
114
119
113
106
109
111
111
116
112
107
99
87
79
81
86
91
96
96
95
91
85
77
70
66
65
64
64
64
66
252
252
253
252
252
253
253
251
251
252
250
250
250
245
218
155
99
68
66
81
95
107
120
121
112
111
115
117
116
110
99
77
47
22
14
12
12
13
15
17
18
19
22
21
19
19
22
29
39
46
54
68
87
104
119
133
144
151
142
128
117
113
111
110
110
110
112
115
118
121
123
122
123
120
112
99
89
82
81
87
92
96
95
92
88
82
75
68
65
63
61
64
66
67
252
253
253
253
252
253
253
253
253
254
250
245
243
242
225
176
118
76
58
73
89
102
116
120
116
119
116
117
117
115
114
102
81
61
49
41
36
38
43
45
47
51
52
53
56
60
69
80
91
99
107
116
126
134
138
142
143
143
135
119
107
108
113
117
117
114
119
124
125
126
125
126
125
118
108
96
89
85
85
90
94
96
93
90
85
80
74
68
64
62
62
64
66
67
253
253
253
254
254
253
254
255
255
253
248
242
238
237
230
195
142
91
56
66
81
97
114
118
118
123
119
117
114
113
119
121
112
101
88
83
80
83
88
94
99
104
103
104
108
114
123
131
138
141
147
150
150
147
143
138
133
127
121
117
114
112
111
114
121
127
126
132
132
130
129
131
128
116
104
95
91
88
90
95
94
96
91
87
83
78
72
67
64
62
60
63
65
67
251
252
254
255
254
252
252
255
254
251
245
239
234
230
223
198
156
106
68
63
73
94
112
117
116
122
123
120
116
115
121
129
130
125
122
126
129
129
133
142
149
150
152
150
152
160
167
170
167
162
155
154
149
144
138
133
127
122
122
118
116
116
116
121
127
131
133
135
133
132
131
134
131
118
106
95
91
89
91
96
96
96
93
88
81
76
71
67
64
63
60
63
66
68
249
250
253
255
253
251
251
253
252
248
243
237
232
224
212
191
161
121
86
66
67
87
107
116
115
119
121
122
120
118
120
126
130
131
132
137
139
137
141
149
154
155
154
154
156
162
167
167
162
157
152
149
146
141
138
134
129
126
122
119
118
122
126
132
136
136
135
135
133
133
135
137
133
125
110
97
90
87
90
96
97
97
95
89
80
75
70
67
64
63
62
65
68
69
249
250
253
253
253
250
251
251
249
246
241
233
227
218
204
186
164
134
97
70
61
78
98
112
117
120
120
121
119
114
111
115
122
128
137
133
129
130
134
139
144
146
146
148
150
152
153
151
149
148
144
144
142
141
138
134
130
128
120
122
128
131
133
137
142
144
138
136
134
134
138
139
137
129
111
98
89
85
89
96
98
98
94
87
80
73
69
66
65
65
64
67
71
72
249
251
253
254
254
251
250
248
247
244
236
228
221
208
194
173
154
129
95
69
61
70
87
108
118
119
122
122
120
115
110
111
120
129
135
129
123
123
127
131
136
139
135
136
137
137
135
134
133
133
138
139
140
140
136
131
126
123
122
124
129
134
138
143
144
141
139
137
133
135
137
138
136
127
108
95
85
83
88
96
97
96
91
86
79
73
69
67
66
67
68
71
73
73
250
252
254
254
254
252
250
246
244
242
231
225
215
198
178
154
133
112
87
69
61
66
79
101
114
116
116
119
120
120
116
114
120
128
132
131
128
124
126
130
132
133
133
133
134
136
139
141
140
139
135
136
137
135
130
123
119
116
119
123
131
136
139
144
144
140
137
137
133
134
135
136
132
121
105
91
83
82
87
95
94
93
90
84
78
73
70
68
68
69
72
74
75
76
250
252
253
254
254
250
248
243
242
234
226
216
204
189
168
134
109
86
74
69
67
66
71
89
109
112
113
117
115
115
116
116
118
120
121
121
118
115
115
119
121
119
116
118
121
124
129
131
128
124
122
123
124
123
120
117
117
117
120
125
132
138
141
142
142
141
139
137
135
133
132
130
121
112
97
88
82
82
87
93
91
92
87
83
77
72
70
69
71
72
75
75
76
77
249
251
253
254
253
248
245
239
237
228
217
207
193
173
147
110
87
67
61
64
67
64
65
80
102
109
110
114
113
112
112
110
108
105
104
106
106
102
102
106
107
103
102
104
107
109
111
111
109
107
103
107
112
116
118
119
120
122
126
129
134
139
140
139
139
138
137
137
135
132
131
126
116
106
93
85
81
82
87
92
89
88
85
81
77
73
72
72
74
75
76
76
76
78
247
251
253
253
252
246
242
234
231
221
210
199
182
156
124
86
65
52
53
60
64
62
64
76
92
101
110
114
112
111
112
109
103
95
96
100
100
95
94
96
97
94
91
92
94
96
96
94
94
94
97
103
112
118
122
124
126
128
130
133
136
139
137
135
134
134
136
138
136
133
129
121
109
99
89
83
83
85
91
93
86
83
82
80
77
75
74
74
76
77
77
75
75
76
246
250
253
253
250
244
240
231
226
215
205
192
171
141
107
70
54
44
49
57
61
63
66
71
81
93
109
115
115
113
115
115
109
100
96
99
98
92
89
90
92
90
88
88
90
92
92
91
94
98
106
112
119
124
125
126
127
128
134
137
140
140
137
134
133
133
135
137
137
133
125
116
103
93
87
83
84
88
93
93
84
78
80
79
77
77
76
76
76
78
78
75
73
75
244
248
252
251
248
242
238
229
222
210
196
180
156
125
92
60
47
40
44
51
57
63
65
63
72
86
104
113
114
114
119
120
118
109
105
106
103
97
91
91
90
89
87
87
89
93
96
99
105
110
116
121
126
129
129
128
129
130
139
141
142
141
139
136
135
134
134
136
135
129
121
111
98
88
83
81
83
86
91
91
82
76
78
77
77
78
78
77
77
78
79
76
74
75
243
247
251
249
246
240
236
227
218
204
189
169
142
112
82
54
46
40
45
46
50
59
64
63
68
81
96
106
111
117
123
126
125
119
115
114
110
103
97
93
90
89
89
90
92
97
102
108
115
120
124
127
132
134
135
136
137
139
143
143
143
142
139
137
134
132
133
133
129
122
113
104
94
85
81
80
84
86
89
87
79
75
76
76
77
78
78
78
78
79
79
77
75
77
241
245
249
246
242
236
233
223
213
197
180
159
130
101
74
50
45
42
48
44
46
54
61
63
68
76
89
99
107
116
125
132
133
129
122
119
115
110
106
102
99
100
103
106
109
114
119
125
132
136
139
140
142
143
142
143
145
146
146
144
142
141
139
136
134
132
131
128
121
111
102
97
91
87
83
83
86
85
85
84
78
75
75
76
77
78
79
79
80
81
80
79
78
79
239
243
246
242
238
232
229
218
207
190
170
148
119
91
67
46
43
41
46
45
47
51
55
58
66
75
85
96
104
114
126
136
139
137
135
130
125
125
125
124
127
129
129
133
137
139
144
150
156
159
161
160
158
156
153
152
151
150
148
145
142
140
139
138
135
132
126
122
113
101
95
92
90
86
86
86
87
84
82
81
76
73
76
76
77
78
79
79
80
81
82
81
81
82
237
240
241
237
235
230
224
213
201
180
158
137
102
78
61
45
41
41
47
47
44
47
51
51
56
65
77
85
99
110
121
133
142
145
143
146
145
145
147
148
152
153
157
158
160
164
164
167
170
175
176
173
168
163
160
159
155
152
147
145
141
138
138
136
132
128
120
113
103
92
86
85
85
86
84
86
85
83
81
78
76
76
75
76
77
78
80
81
81
81
83
83
84
85
236
238
239
235
231
225
218
207
194
171
146
122
86
65
51
41
41
43
46
45
42
44
47
48
50
58
67
76
88
102
115
128
139
145
149
153
151
152
154
156
160
163
163
165
168
170
173
175
180
182
182
178
171
165
160
156
153
150
144
141
137
134
135
134
130
125
115
106
97
86
80
81
80
82
81
83
82
79
78
76
74
74
75
76
77
79
80
81
82
82
83
84
85
86
234
236
237
231
227
220
214
202
188
163
135
108
74
55
45
38
40
42
45
45
41
40
42
44
46
50
58
66
79
94
107
119
133
143
145
150
150
149
151
152
156
157
159
162
165
168
172
177
180
181
179
174
166
159
151
145
141
141
139
135
131
128
128
128
124
119
108
98
89
81
78
77
75
77
77
79
78
76
76
75
75
76
77
77
79
80
81
82
83
83
84
85
86
86
231
233
234
228
223
216
209
196
179
152
124
95
64
48
42
38
39
40
42
43
40
39
39
42
45
47
53
59
72
86
99
110
124
136
140
147
148
148
148
148
151
153
155
160
164
167
171
175
177
176
170
163
154
146
138
131
128
131
131
128
124
121
121
119
114
108
98
89
83
80
79
76
71
71
72
75
75
74
75
76
76
78
78
79
80
81
81
81
82
83
83
84
85
84
227
228
228
222
217
209
202
187
166
136
107
77
51
40
36
36
36
36
36
37
38
36
36
39
43
45
46
53
66
80
91
102
115
127
137
144
146
145
146
148
152
153
156
160
163
164
167
169
167
163
156
148
138
130
122
116
115
117
120
119
117
114
113
110
104
98
88
80
77
77
77
73
67
67
69
72
73
73
75
76
77
79
79
80
80
80
80
80
80
81
81
81
82
81
221
222
220
215
210
203
195
179
157
125
93
63
40
32
31
32
32
32
31
31
34
34
32
35
38
38
38
45
58
71
82
93
106
117
126
134
135
135
137
140
145
146
149
150
152
153
153
153
149
146
141
134
124
117
110
105
105
106
111
111
109
107
105
102
95
89
83
76
74
73
73
70
66
68
70
74
76
77
78
79
79
81
82
82
82
81
80
79
79
80
81
80
79
77
214
214
212
207
202
194
186
170
147
115
81
51
34
29
28
30
28
26
25
25
28
31
29
31
32
30
31
38
51
63
73
84
98
107
116
125
128
130
133
134
139
140
141
140
139
139
137
134
130
128
126
120
113
108
105
104
104
104
102
102
102
100
97
93
87
82
77
72
71
70
68
68
66
69
72
76
79
80
82
83
83
84
83
83
82
82
80
80
79
80
80
78
75
72
210
209
206
200
194
185
176
159
135
102
69
41
27
25
26
28
24
22
21
19
23
27
27
27
27
23
26
34
46
56
67
78
90
99
110
121
126
130
136
138
140
139
139
136
132
129
126
120
117
115
110
107
102
99
101
104
104
104
95
96
96
93
91
86
79
73
71
68
67
66
65
65
65
69
71
77
80
82
83
83
84
85
83
82
81
81
79
79
78
79
77
75
72
69
204
201
200
191
186
173
160
143
118
85
57
38
24
21
21
22
19
19
19
20
21
21
20
21
22
22
22
29
38
47
59
71
80
87
95
109
117
120
126
127
126
128
127
128
127
123
119
112
107
103
99
97
95
94
98
102
104
102
98
96
91
85
81
76
72
69
64
63
64
65
66
66
69
72
75
77
79
81
81
83
84
84
82
81
80
80
80
80
79
77
75
72
68
66
196
191
188
179
173
159
144
126
100
69
46
29
20
18
19
19
17
18
19
19
19
18
17
17
20
21
19
25
31
38
50
61
71
78
87
98
107
112
116
116
115
117
117
117
116
112
107
102
98
96
93
93
92
92
96
102
102
99
90
88
83
77
73
69
65
62
61
60
62
65
68
69
71
74
76
78
79
81
81
82
83
83
81
80
79
78
78
78
76
74
72
71
68
67
184
178
178
170
162
147
130
110
86
56
32
20
15
15
15
16
14
16
17
16
15
13
14
15
17
18
16
19
22
27
38
50
62
73
79
84
93
100
103
102
102
103
104
104
103
98
92
89
89
89
89
90
91
92
96
98
97
94
85
83
79
73
69
66
63
61
59
58
61
66
71
73
75
77
78
79
80
81
80
81
81
81
79
78
77
76
76
76
73
71
67
67
68
68
