45
45
47
45
45
47
48
47
48
50
47
43
40
41
38
44
70
103
127
159
175
171
181
183
174
177
185
189
187
183
188
198
206
210
205
209
216
219
216
214
214
214
218
217
218
218
218
218
218
216
213
212
210
209
209
207
205
204
203
201
198
196
194
188
184
184
183
181
178
174
161
132
94
56
27
21
18
19
19
17
17
18
17
16
15
13
13
10
9
8
5
3
2
6
48
48
50
50
52
57
56
50
45
43
47
46
43
42
50
74
113
147
159
171
179
166
166
179
178
183
189
197
198
192
197
208
214
213
212
215
220
223
221
220
221
220
219
219
218
219
219
221
221
218
217
216
213
211
210
208
207
206
203
204
204
203
200
196
193
194
187
180
174
173
162
151
134
107
75
47
25
22
21
20
18
16
19
17
15
13
13
10
9
8
6
3
2
5
50
50
53
51
56
57
52
48
45
43
51
51
44
45
78
128
161
170
167
170
174
162
163
171
170
183
197
203
205
203
208
216
221
219
218
222
226
227
226
224
225
225
226
224
222
221
222
223
221
219
218
216
214
213
211
209
209
210
210
210
209
208
204
200
203
207
192
185
182
173
158
150
145
135
116
83
46
26
22
25
25
22
18
19
18
19
13
9
10
10
9
6
5
6
51
50
53
51
52
52
51
52
49
48
57
48
46
69
117
163
178
168
156
162
173
169
172
176
176
190
202
207
212
214
219
224
225
225
224
227
229
229
228
227
227
227
226
225
223
222
223
223
221
220
218
216
215
214
213
211
212
212
216
215
215
214
209
203
202
203
192
190
186
177
170
164
154
145
140
118
87
56
34
25
27
30
25
21
17
16
13
11
11
12
10
7
6
7
52
53
50
50
49
50
56
60
55
53
54
56
77
115
152
174
177
169
161
164
174
177
183
191
195
210
217
219
223
227
228
228
227
228
228
229
229
229
227
226
227
227
226
225
224
223
223
223
222
222
219
217
217
217
215
215
215
217
220
218
217
216
211
204
200
199
196
196
189
180
177
170
159
152
147
140
126
97
61
36
29
29
26
24
20
15
15
14
14
15
11
8
8
9
55
55
56
56
54
55
63
61
51
50
52
78
121
159
170
163
166
176
180
175
177
178
191
206
214
226
231
230
231
231
230
227
225
227
229
229
228
228
227
226
225
225
225
224
223
223
224
223
223
222
220
219
219
218
218
217
219
219
221
219
217
214
212
206
203
202
201
200
192
180
173
168
162
158
144
141
138
124
94
65
39
20
21
26
26
18
17
16
16
16
13
10
9
10
56
57
61
60
57
58
65
60
50
56
76
114
153
177
182
169
165
180
189
185
184
186
199
216
224
231
234
234
232
230
227
227
226
227
228
228
228
228
227
226
225
224
222
221
220
221
224
224
223
222
221
221
220
219
218
220
220
221
221
220
218
217
215
212
209
207
207
201
194
180
166
164
167
164
153
143
138
136
124
102
68
34
26
24
27
21
20
15
15
16
14
10
9
10
60
59
61
61
59
58
61
58
59
75
120
156
176
178
182
175
169
179
187
193
201
207
216
231
235
235
233
233
232
229
227
228
227
226
225
225
225
225
224
223
221
219
218
216
216
220
222
222
221
221
222
222
221
219
219
220
221
220
221
221
221
221
219
216
213
210
210
203
196
182
164
162
167
165
158
147
144
144
138
126
102
73
45
25
22
21
25
17
17
20
16
12
10
11
62
60
63
65
66
60
58
61
79
107
154
180
187
179
178
178
178
188
197
208
221
226
233
240
240
237
233
232
230
228
228
227
225
224
222
221
221
220
219
217
215
214
213
212
214
217
219
219
219
220
221
221
220
218
218
220
221
221
222
223
224
223
221
218
215
213
212
206
198
186
173
167
165
162
153
149
150
148
138
134
124
106
75
37
25
22
27
22
21
22
19
15
14
14
64
63
57
66
71
65
63
75
106
141
167
181
182
180
182
186
192
204
214
222
231
234
236
239
239
233
232
230
227
227
226
225
223
223
222
221
219
217
216
214
213
212
209
209
212
215
216
216
216
218
218
219
219
217
218
222
224
224
224
225
226
224
222
221
219
217
214
210
200
192
187
177
167
164
154
149
150
148
138
137
134
120
97
54
35
23
26
25
25
20
22
18
17
17
63
64
60
64
63
61
68
99
131
159
167
182
185
184
191
197
204
217
220
227
234
237
236
234
231
229
225
224
224
225
225
225
225
224
220
220
217
214
210
210
208
206
206
207
208
210
211
212
212
213
214
217
218
218
221
223
224
225
226
226
226
226
225
223
222
222
218
210
203
198
192
184
175
167
158
155
152
148
143
140
134
123
112
85
50
26
22
25
19
20
23
21
19
17
61
61
67
63
60
68
82
114
148
170
180
192
195
195
201
206
212
219
227
231
237
238
235
232
229
227
223
223
223
224
223
223
221
219
215
213
210
207
204
204
203
201
201
202
203
207
208
210
211
213
214
217
219
219
222
224
224
226
227
226
226
227
226
225
224
223
218
213
208
204
198
189
178
168
164
159
155
148
141
142
142
139
131
106
65
30
24
25
20
22
21
19
18
15
63
64
70
62
55
73
105
130
159
178
189
198
204
206
209
216
223
231
232
232
235
237
233
227
224
224
223
222
221
221
219
217
213
211
207
205
202
199
198
198
197
196
197
198
200
203
206
208
211
214
215
219
221
222
224
225
226
227
227
227
228
227
227
227
225
224
220
216
213
209
203
196
185
174
168
161
156
148
142
145
151
153
141
120
84
42
30
22
20
22
21
21
18
15
66
69
67
65
55
84
132
146
160
180
194
205
215
217
215
219
228
234
234
231
230
233
231
226
223
224
223
220
218
216
212
209
206
204
204
203
201
198
196
196
196
197
197
197
200
202
205
207
211
214
218
222
224
224
226
227
228
228
227
227
228
228
229
228
226
225
222
219
216
211
206
202
194
184
175
166
158
153
149
151
156
156
140
125
105
68
43
21
22
26
24
23
20
18
65
67
65
66
67
106
150
159
169
187
198
209
223
227
224
225
231
234
233
228
227
230
232
231
226
225
219
217
213
209
205
203
202
201
201
200
199
196
194
194
195
197
198
198
199
201
204
206
210
214
220
225
226
226
227
228
229
230
228
228
228
229
230
229
228
226
225
222
218
214
208
206
201
194
184
172
162
158
156
158
157
151
147
129
124
96
58
23
23
30
26
25
23
21
61
63
63
64
84
130
155
167
184
196
209
215
224
229
230
233
235
235
230
226
225
228
232
233
228
224
213
210
206
203
201
200
201
201
199
198
195
194
192
192
193
194
197
198
199
201
204
206
211
214
220
225
228
228
229
230
230
231
230
229
229
229
230
230
229
228
224
221
219
216
212
210
206
200
188
175
164
159
159
162
160
152
158
137
134
113
70
27
20
27
25
25
24
22
61
63
61
67
103
152
157
174
193
206
223
225
227
230
235
236
234
231
225
224
224
225
230
232
227
219
207
204
201
198
196
197
199
201
200
196
193
193
193
192
191
191
194
195
197
198
200
204
209
213
218
223
228
228
230
230
229
230
228
228
228
228
228
228
228
228
223
220
219
217
215
212
209
205
194
184
174
166
161
163
164
159
164
146
139
125
91
47
23
21
24
26
25
24
64
67
62
77
119
164
164
181
197
215
221
225
230
236
241
239
233
228
222
223
223
223
227
231
225
216
205
202
199
196
195
195
197
198
194
189
186
186
187
186
185
183
189
190
192
194
196
200
204
208
214
220
226
227
228
229
228
227
227
227
227
226
226
226
226
227
224
220
219
218
217
215
213
211
206
198
188
175
164
165
167
165
166
154
144
137
116
73
31
20
24
27
27
25
63
60
59
83
139
180
180
192
202
217
221
231
238
246
246
244
240
228
223
221
224
227
228
225
219
212
202
200
197
197
196
196
195
195
186
184
182
181
181
182
181
180
183
184
187
189
194
198
203
206
211
216
220
224
227
227
226
226
226
226
224
225
226
227
226
224
223
221
220
220
219
217
216
215
212
208
198
183
171
168
169
170
168
162
154
143
128
102
49
25
24
29
23
29
62
60
63
106
159
180
189
201
206
216
222
237
242
246
246
242
236
228
223
223
221
221
221
215
207
204
197
194
192
192
192
191
189
188
183
183
181
179
178
177
177
177
177
178
181
186
192
198
203
206
207
212
216
218
223
224
223
223
223
222
222
222
224
225
224
223
222
220
219
220
219
216
214
215
214
210
202
189
179
174
172
171
170
168
160
147
133
118
73
38
25
25
24
28
57
57
73
128
168
170
192
206
208
215
227
239
240
242
246
240
229
222
218
218
211
207
207
201
194
196
191
189
187
187
186
184
181
179
181
181
180
177
175
173
173
173
174
174
177
182
189
195
200
203
205
209
212
214
219
220
219
220
218
219
220
220
221
223
223
223
221
220
220
220
218
216
214
214
213
209
203
195
187
178
173
170
171
169
164
153
141
133
99
57
31
23
26
28
56
59
85
140
171
174
203
214
210
215
229
236
239
241
242
237
227
219
217
212
203
197
194
190
189
190
184
183
182
181
180
178
176
176
178
178
178
176
174
173
173
173
174
174
175
178
185
191
197
200
206
208
209
211
214
217
216
217
217
218
219
219
220
221
222
222
221
221
221
220
219
217
215
215
212
208
203
199
193
183
174
169
169
165
164
160
148
138
114
76
40
24
26
24
57
68
102
150
176
183
207
218
215
219
227
228
238
242
237
233
230
224
212
202
195
190
182
182
184
180
178
177
177
176
174
173
173
174
175
175
174
173
173
173
172
173
171
171
172
175
180
187
195
199
204
206
207
209
211
214
214
215
217
218
219
219
219
220
221
221
221
221
222
221
220
218
216
216
213
209
205
204
198
187
176
170
168
164
164
162
148
138
126
95
50
23
25
21
58
76
115
163
182
189
202
213
217
221
224
218
230
237
230
224
219
212
203
193
192
187
177
179
183
174
174
174
173
172
170
170
172
173
172
171
170
170
171
171
172
171
170
171
172
173
177
183
191
197
200
204
205
207
209
211
212
214
216
218
219
219
219
219
219
220
220
221
221
221
220
219
218
216
214
210
207
206
200
189
178
171
167
164
164
158
147
140
135
113
64
29
22
20
58
83
126
175
194
198
205
210
215
218
218
209
218
228
225
216
204
196
199
196
195
189
180
182
185
178
173
171
170
169
168
168
169
170
170
169
168
169
169
170
171
172
173
173
172
173
175
180
186
191
196
200
202
204
205
206
209
212
216
218
219
219
220
220
219
219
218
219
220
220
220
219
218
217
213
210
208
206
201
192
180
173
168
165
164
157
150
144
140
127
80
38
20
19
62
91
137
181
195
197
203
204
212
217
209
204
214
226
225
212
196
194
198
200
197
187
179
180
181
178
172
169
167
166
166
167
166
166
167
167
167
167
169
170
172
173
173
172
172
172
173
177
183
186
192
197
200
200
201
203
205
209
216
217
219
220
221
221
220
218
216
217
218
218
219
219
217
215
213
211
210
208
204
195
184
177
170
164
164
159
156
148
142
133
94
43
16
15
65
103
155
185
194
196
200
201
207
208
201
201
211
223
224
207
194
194
198
199
193
183
176
176
176
174
170
165
164
165
163
164
166
165
165
165
166
166
166
166
167
169
172
173
173
173
174
177
180
182
193
195
197
200
200
200
203
206
212
214
216
216
217
219
218
215
215
216
217
218
218
217
215
214
211
208
207
207
203
195
187
183
170
161
162
159
161
152
141
132
102
58
21
19
69
118
167
191
196
196
199
198
203
202
198
200
207
216
215
201
192
191
194
194
189
180
173
173
171
169
165
162
162
162
161
161
162
162
163
164
165
165
163
163
165
167
169
170
170
169
170
174
178
181
190
191
194
197
197
198
200
203
207
210
212
213
215
218
218
216
215
216
218
219
217
215
215
214
211
208
203
199
198
196
191
187
174
164
163
162
160
151
140
136
116
69
25
19
72
133
180
196
198
197
199
197
197
195
192
197
205
209
206
196
189
189
190
188
182
174
168
168
165
162
159
161
161
159
159
158
158
158
161
163
164
164
161
161
162
164
166
166
167
167
168
172
177
181
187
187
190
194
194
194
195
198
203
206
209
210
212
215
216
215
214
215
217
217
215
212
210
209
208
207
203
198
198
200
196
189
176
168
166
170
163
153
139
137
124
75
26
18
78
144
187
198
196
195
197
195
195
193
191
197
206
209
201
191
187
188
187
184
177
169
165
163
161
157
156
161
159
157
157
154
153
155
158
160
161
160
159
158
160
161
163
164
165
164
165
169
175
179
183
183
184
188
189
188
190
192
198
201
204
206
209
212
213
214
213
213
212
211
210
207
205
204
204
205
203
201
202
203
194
184
174
169
167
173
166
158
139
137
123
75
26
19
94
157
188
195
193
192
193
194
195
195
195
198
208
209
198
186
184
187
185
180
173
166
162
161
158
155
154
157
156
153
153
151
149
149
152
153
154
154
153
154
155
157
160
162
162
162
162
165
170
174
177
175
175
179
181
181
184
187
192
195
199
201
204
208
212
214
212
210
208
207
206
205
203
202
200
200
201
201
202
198
189
180
170
167
163
168
162
160
143
139
127
79
29
22
113
172
189
191
190
187
188
192
196
199
197
197
201
199
187
179
181
183
180
176
169
164
161
160
157
154
153
153
151
149
149
148
146
146
145
146
148
149
149
150
153
155
158
160
161
159
158
160
164
168
170
167
166
170
174
177
179
184
189
193
196
199
201
204
207
209
210
208
205
204
204
204
203
203
201
200
199
199
198
194
188
183
176
171
163
162
157
159
144
140
135
83
32
24
132
181
189
191
191
185
185
191
196
198
195
191
191
186
176
174
177
177
175
170
165
163
161
159
156
153
152
147
145
144
144
144
144
142
140
142
143
144
146
148
152
154
158
160
160
157
154
156
160
164
164
160
159
164
169
172
177
181
186
190
194
197
198
200
202
204
205
205
204
202
202
201
201
201
203
202
200
197
195
192
189
187
184
177
168
164
159
157
144
137
133
80
31
24
148
182
189
191
191
186
186
193
196
196
190
185
183
178
170
172
176
173
170
166
163
163
162
159
155
152
150
142
139
140
140
141
142
139
138
139
140
142
144
147
151
154
157
159
159
155
152
152
156
160
161
156
155
160
166
169
173
178
179
184
190
194
196
198
200
201
201
202
201
200
198
196
197
198
201
202
201
197
194
192
190
188
184
179
172
168
163
157
143
135
125
72
28
25
176
197
190
189
187
183
184
192
199
200
191
185
183
183
180
174
170
169
165
163
161
159
155
156
152
147
142
138
135
135
136
138
137
136
136
137
137
137
140
144
148
153
156
158
157
153
152
154
159
162
162
157
157
162
167
168
171
175
178
182
188
191
194
196
199
200
201
201
201
201
199
196
196
197
196
196
195
193
192
190
187
185
178
178
172
168
165
158
139
131
121
61
31
26
191
204
192
189
182
178
181
191
201
204
196
184
180
183
182
177
171
164
164
160
155
151
147
146
143
139
132
131
130
131
133
134
134
134
135
135
133
132
136
140
146
152
152
156
158
157
157
157
159
161
162
159
160
164
167
168
169
172
178
183
187
189
191
194
196
197
198
199
199
197
196
197
198
198
192
192
192
191
190
188
184
181
178
175
171
169
165
159
141
133
116
58
30
27
199
197
187
183
181
178
181
191
203
210
200
185
179
180
177
174
171
166
160
154
149
145
138
134
132
127
121
122
124
126
127
128
130
132
132
132
130
128
131
135
140
145
150
156
160
161
160
158
156
154
152
153
156
161
165
167
169
171
177
181
184
184
185
188
190
191
189
190
189
185
186
189
192
191
189
190
190
191
190
188
184
180
177
175
171
169
165
160
142
134
114
58
31
30
199
185
179
178
180
181
181
188
203
215
204
186
177
175
171
168
169
166
156
150
145
141
132
125
120
117
116
117
118
117
117
119
122
124
124
125
125
125
128
131
133
138
142
148
153
154
153
150
147
144
143
147
152
158
164
168
171
172
176
179
181
181
181
183
184
184
187
187
185
183
183
185
187
188
187
188
190
189
189
188
184
181
177
175
172
169
163
159
143
136
116
58
30
30
196
183
179
180
180
181
179
184
197
208
201
184
172
170
168
166
163
158
153
146
141
136
125
116
111
108
111
110
110
109
109
109
110
113
114
117
119
121
125
127
129
131
133
137
142
144
145
146
144
143
143
147
152
158
163
167
171
172
174
177
179
179
180
180
180
179
181
181
182
185
186
185
186
187
186
186
186
185
185
184
182
180
177
175
173
170
162
158
145
137
115
57
27
28
192
175
180
179
180
182
180
180
183
185
183
177
172
170
167
162
156
152
149
142
135
127
116
106
103
102
105
106
108
107
108
108
109
110
114
116
117
119
122
124
124
126
128
131
134
137
140
143
145
143
141
143
147
152
156
159
162
164
165
169
173
175
176
176
174
172
163
164
171
180
184
183
183
185
187
186
184
181
181
181
180
179
177
175
174
172
163
159
146
138
116
59
27
28
184
174
178
177
180
184
183
179
173
168
168
173
173
169
163
154
149
148
144
138
130
120
107
98
97
98
102
105
108
109
109
109
111
113
116
118
118
119
121
121
119
120
123
125
127
130
134
138
138
136
134
135
137
140
143
145
147
149
152
156
163
167
169
170
168
165
158
161
167
175
179
180
182
185
187
185
181
178
178
179
180
180
177
174
173
172
164
160
147
136
116
62
30
28
182
175
176
179
182
185
184
180
174
168
169
176
173
166
160
150
141
140
139
134
127
117
104
97
95
96
102
105
108
108
106
104
107
109
114
116
117
118
120
119
117
118
119
121
123
127
132
136
135
133
132
130
131
133
135
135
136
138
142
147
154
160
164
166
165
162
169
170
173
175
176
178
181
184
185
182
178
175
175
177
179
180
177
173
172
172
165
162
146
133
112
61
30
29
191
176
178
175
173
176
176
174
174
175
175
172
167
161
152
145
140
138
136
130
122
116
107
99
100
103
109
107
106
105
103
102
103
104
108
113
114
115
121
121
119
123
126
129
126
125
130
133
136
141
137
137
138
138
138
138
140
142
143
147
151
156
160
162
164
166
169
169
169
168
168
171
176
179
178
175
173
173
174
176
178
180
176
169
171
170
169
162
150
132
105
58
29
26
199
183
175
170
165
165
166
169
171
174
171
173
172
163
153
145
141
138
132
127
121
117
112
108
108
109
110
111
112
112
110
108
107
107
108
112
112
115
122
122
123
129
134
132
125
121
126
131
133
134
140
141
143
144
144
145
147
149
149
148
150
154
158
162
166
167
164
164
164
164
166
169
173
174
176
169
165
168
173
175
175
174
171
169
172
170
171
168
155
133
99
51
25
24
198
176
172
169
165
164
166
171
174
175
172
178
178
165
149
140
136
133
131
128
123
119
117
116
114
114
114
115
115
115
113
110
109
109
109
111
113
117
121
119
117
122
132
133
129
124
127
130
132
134
132
134
136
138
139
142
145
149
151
151
152
153
157
162
165
166
161
161
161
161
166
169
174
175
174
171
170
171
174
174
174
175
171
171
174
171
173
173
162
138
96
48
24
26
195
174
165
167
167
166
168
172
176
177
177
179
175
162
148
139
132
128
130
129
125
120
119
118
116
114
114
115
116
116
113
110
109
109
110
110
111
116
119
114
110
111
119
126
132
134
135
138
139
140
138
138
138
136
134
134
138
142
147
148
148
151
153
156
159
160
160
160
160
161
165
170
175
177
170
170
172
174
173
170
170
172
173
171
172
169
169
168
161
141
98
51
30
31
185
169
161
166
171
169
169
173
179
181
180
175
167
158
151
144
135
127
126
127
125
121
118
118
117
115
114
116
119
120
118
115
114
114
117
114
112
116
119
114
108
108
111
118
129
137
142
143
142
139
137
136
132
127
123
121
124
128
131
132
133
134
138
141
147
151
154
156
158
160
163
167
171
174
169
166
165
168
171
171
168
167
171
166
166
167
164
155
150
136
98
53
37
36
181
156
160
170
179
179
177
178
182
184
182
178
170
160
150
141
132
126
121
123
124
122
120
121
121
120
121
122
124
124
124
124
126
129
129
126
125
128
127
120
110
104
105
109
118
124
123
121
120
118
117
118
120
121
123
126
131
135
139
137
132
128
125
127
133
138
142
147
153
156
159
162
166
169
167
163
160
162
167
169
169
168
166
163
166
170
164
149
144
131
94
52
38
37
192
160
164
175
186
188
184
181
182
183
187
186
178
162
147
137
130
126
121
124
126
127
126
125
125
124
126
127
128
128
128
129
133
136
135
135
138
142
140
131
118
109
105
104
108
112
108
106
108
110
118
123
131
138
145
150
153
156
160
155
148
140
133
131
132
134
139
143
149
151
153
156
160
163
160
161
162
160
160
161
164
166
163
164
167
168
161
148
144
131
91
50
38
35
191
169
175
184
192
193
186
182
184
188
192
190
178
160
147
142
136
128
127
128
130
132
131
128
125
125
123
126
131
134
133
131
130
130
132
135
141
147
145
140
132
124
116
109
110
117
120
124
129
132
134
138
146
153
157
156
153
151
150
149
148
145
145
145
146
146
145
147
149
148
147
150
154
157
160
165
167
163
160
159
162
163
162
165
165
162
155
145
144
129
92
50
38
35
181
167
184
190
197
198
189
187
191
192
195
188
173
160
155
152
145
139
137
136
136
134
125
120
122
126
126
128
128
131
133
129
123
123
127
133
139
143
146
144
136
128
122
121
123
130
136
140
144
147
147
147
149
150
147
140
135
133
134
137
145
150
150
150
149
145
143
146
155
154
151
147
146
154
159
164
163
160
163
164
162
161
163
167
159
154
147
142
143
127
87
53
40
37
171
175
185
196
204
204
199
197
200
200
200
194
182
168
159
155
151
148
144
138
133
125
115
108
112
119
127
126
124
127
131
126
119
118
122
127
133
138
142
141
135
128
124
125
128
133
138
140
141
141
145
145
145
144
138
131
126
124
126
132
139
141
142
141
142
146
144
140
146
155
157
152
147
156
164
158
150
153
165
172
166
158
156
160
154
150
140
137
140
121
77
50
43
40
173
175
189
204
210
208
203
203
203
200
198
194
187
178
170
164
160
158
148
138
130
123
116
112
116
121
123
123
125
131
134
129
121
118
118
122
128
135
140
142
137
129
129
132
135
138
140
138
134
130
129
134
142
148
150
149
147
145
145
146
143
143
150
155
154
155
152
147
149
155
159
155
151
156
162
155
148
149
160
169
165
152
147
151
151
149
139
140
142
115
76
53
51
46
177
184
196
212
213
206
203
202
200
194
187
183
181
180
176
167
157
149
143
135
130
131
132
132
132
130
126
129
133
136
137
133
125
119
118
120
124
132
140
143
136
127
127
129
132
135
137
137
132
128
126
135
150
164
173
179
181
181
178
170
161
161
172
182
181
175
168
167
160
152
152
155
153
151
154
155
153
149
151
160
157
143
138
144
148
145
134
142
146
117
74
53
55
50
177
182
200
217
214
206
205
205
204
192
179
171
166
162
153
140
125
114
109
108
112
122
131
138
138
134
136
139
141
138
136
137
136
131
123
119
119
127
136
138
130
119
119
121
124
127
130
132
129
125
129
138
150
161
170
177
186
194
202
197
193
189
188
195
198
194
185
186
173
152
148
155
158
152
150
150
151
149
148
151
146
134
131
139
144
136
128
140
146
119
76
54
56
52
181
189
204
219
215
210
209
210
205
188
166
152
139
125
108
91
79
70
58
63
72
83
92
100
106
107
109
113
118
117
119
128
136
136
126
120
116
121
129
131
123
115
111
111
112
115
119
122
121
120
122
126
131
134
134
142
158
174
185
190
194
191
184
187
191
191
193
202
194
173
154
148
153
155
150
146
146
148
146
141
135
130
133
137
137
134
136
147
139
106
69
52
55
50
192
197
207
220
217
212
207
201
189
162
134
118
100
82
64
54
48
40
31
32
39
46
49
51
56
61
71
75
82
86
92
106
121
126
119
115
112
117
124
125
119
114
106
103
102
104
106
106
104
103
99
95
92
92
91
94
106
118
132
148
155
156
160
164
163
165
175
192
201
194
171
149
146
148
151
150
148
147
146
140
135
133
136
134
131
134
147
150
124
88
60
58
64
53
199
198
210
221
216
211
199
185
166
131
102
84
67
53
42
40
38
31
24
22
27
34
34
30
33
39
55
54
56
59
64
78
96
105
108
107
109
114
120
122
118
114
113
107
100
98
93
85
80
77
62
54
51
54
56
56
59
63
79
100
105
107
119
118
109
112
130
156
182
197
188
166
155
149
154
155
149
145
149
151
145
140
133
131
125
129
143
139
110
80
78
86
91
66
204
202
211
215
214
207
197
179
142
105
81
70
51
49
52
43
32
27
23
26
23
20
21
17
17
25
34
38
38
37
42
50
64
78
88
95
100
103
111
117
120
122
118
116
107
92
78
71
66
61
47
38
35
38
37
33
31
31
44
58
71
74
77
80
77
69
87
111
141
169
185
181
159
143
144
150
149
149
150
151
149
142
129
121
117
125
133
135
117
112
135
156
139
86
199
199
211
220
224
217
202
176
131
93
79
74
64
66
67
51
36
31
40
41
32
22
22
25
23
25
29
29
29
28
30
36
48
57
72
80
86
91
100
108
114
119
120
116
106
92
76
66
63
62
51
40
35
36
34
28
23
20
24
32
42
52
56
57
56
56
62
80
108
140
165
172
163
154
143
146
148
149
150
148
145
137
121
119
124
137
140
137
135
156
196
206
178
107
196
196
210
218
216
206
191
163
123
94
92
91
77
68
61
51
41
38
47
47
39
34
40
46
44
42
40
39
41
42
43
48
55
59
62
67
72
77
86
96
105
113
115
110
101
92
79
69
66
68
60
51
47
46
39
31
26
24
24
24
26
31
35
38
42
47
53
59
79
107
135
155
165
164
157
154
150
150
147
146
145
140
128
127
131
139
141
140
147
178
209
211
183
113
199
200
206
210
205
194
180
153
115
90
93
92
73
54
44
36
35
37
31
25
20
25
35
38
40
43
38
40
47
54
57
61
65
64
66
68
69
72
79
88
97
106
106
102
96
92
87
79
73
72
69
64
62
60
51
44
41
41
43
40
37
36
35
38
43
46
48
49
61
81
105
136
161
172
170
162
155
153
147
147
151
148
142
134
136
139
138
144
159
184
196
183
160
106
197
211
212
213
206
195
182
150
108
83
82
70
46
32
22
12
17
31
29
16
7
9
14
15
19
29
30
34
46
57
62
67
70
68
71
71
71
71
77
84
91
99
102
102
97
92
91
85
79
74
80
73
69
67
63
60
60
59
59
59
59
59
57
54
54
54
51
53
59
66
80
113
148
167
165
160
156
157
152
152
158
154
147
131
136
139
135
141
160
180
176
148
129
92
194
213
217
218
211
199
178
140
93
63
67
54
31
22
20
16
22
34
39
25
13
9
7
7
12
22
21
26
36
46
53
57
61
61
67
69
70
71
76
83
88
93
100
104
99
90
88
84
79
77
77
72
67
64
59
59
62
64
62
60
62
66
65
59
57
60
67
69
66
58
59
86
126
153
159
158
157
158
157
159
163
157
146
128
132
134
140
150
154
150
128
105
104
85
192
204
210
213
210
197
171
133
90
63
64
60
51
52
57
49
38
35
36
23
14
10
7
7
13
22
25
26
27
33
41
46
50
54
63
67
69
69
73
81
87
92
96
100
93
84
82
79
75
75
75
71
68
64
58
57
60
60
59
56
56
58
60
62
65
68
72
77
75
63
58
73
111
144
159
161
159
159
162
165
165
156
139
130
134
138
156
162
140
111
85
81
101
92
188
197
205
206
205
192
170
147
125
109
108
105
102
112
113
88
60
45
38
24
15
16
14
14
22
33
33
31
25
25
33
41
46
52
62
68
69
66
69
78
87
93
93
93
85
77
77
74
68
67
65
61
59
56
53
51
48
43
43
43
42
41
46
58
64
64
70
80
85
80
73
78
108
142
156
162
161
161
167
171
165
153
132
132
142
150
167
153
113
84
64
73
105
93
189
196
207
205
199
184
156
152
149
140
131
123
123
128
119
100
79
65
53
36
23
21
20
19
27
38
36
23
20
24
28
35
43
50
62
69
68
70
76
84
94
98
97
82
77
75
64
61
61
55
53
50
48
44
36
32
30
26
28
31
34
29
36
44
52
50
57
76
94
100
94
95
107
138
155
165
168
167
164
167
163
143
128
129
139
151
150
143
120
85
64
72
117
90
191
200
212
208
193
175
158
145
130
119
106
98
97
100
96
90
84
79
62
49
38
33
30
29
33
39
38
26
24
25
27
33
43
53
57
68
74
81
91
102
110
110
99
80
72
69
57
51
49
44
42
37
30
25
25
28
29
27
34
43
46
40
48
45
38
35
47
70
96
108
99
98
111
139
156
168
170
171
171
167
156
134
124
129
139
142
133
135
139
110
79
82
122
91
191
204
202
201
191
175
160
141
128
121
112
108
104
96
88
86
84
77
67
63
57
51
48
46
45
43
40
35
36
34
31
39
50
60
67
76
86
99
109
116
120
119
109
86
71
63
53
46
44
41
38
31
26
28
34
38
34
29
31
42
52
60
72
55
36
39
38
56
83
102
97
96
113
138
155
171
174
172
170
162
152
140
133
128
131
136
137
151
163
117
81
90
125
90
184
197
198
190
190
179
164
151
150
145
140
131
120
103
83
72
67
64
64
64
65
63
63
61
56
49
47
48
48
43
45
57
67
74
76
82
99
124
136
137
139
140
125
98
74
62
53
48
45
43
41
37
37
44
47
41
28
20
21
34
38
36
52
59
49
48
35
46
75
100
100
100
113
131
155
174
174
171
170
159
152
149
149
144
134
133
135
148
170
126
86
96
114
80
184
193
193
186
189
188
180
163
152
142
128
121
119
108
84
62
56
59
59
57
57
59
61
60
56
51
46
44
43
42
50
65
73
79
82
94
117
143
155
155
156
155
137
112
83
66
57
50
45
42
38
33
34
45
51
39
25
20
20
24
20
13
29
50
43
37
23
35
71
92
100
110
126
141
158
177
176
174
174
159
147
146
150
145
128
118
118
131
165
146
116
116
101
67
176
185
176
183
188
187
178
151
131
129
130
133
134
122
97
77
71
68
60
53
48
49
50
50
51
52
51
48
52
57
65
69
76
89
111
125
142
156
162
166
170
163
146
123
95
77
69
60
49
45
36
26
25
40
53
45
29
24
21
17
20
27
43
49
27
19
23
36
74
89
99
120
136
150
168
187
184
178
173
155
145
145
148
125
99
90
97
116
155
161
148
136
96
62
173
178
169
177
176
170
159
145
142
158
172
166
151
126
103
96
91
82
70
62
55
54
54
54
56
60
61
61
66
71
75
76
84
103
131
142
153
158
161
172
179
171
155
134
108
93
85
71
55
50
44
37
34
44
56
51
36
32
31
38
45
53
68
75
55
56
40
36
65
76
99
127
140
156
174
193
188
178
170
154
148
153
149
104
75
69
75
97
140
170
160
135
90
61
175
175
167
166
165
167
160
164
177
193
187
163
137
118
106
101
98
92
82
76
71
71
69
68
70
74
78
76
73
72
81
92
104
121
142
152
164
170
175
187
195
187
164
143
116
102
93
75
56
52
51
54
55
57
59
55
51
58
62
70
77
86
104
113
107
135
111
72
70
70
99
128
139
163
173
189
185
177
173
160
153
157
137
84
61
66
72
94
132
168
161
125
76
52
174
176
169
167
164
172
182
193
190
184
169
156
137
120
111
108
103
99
96
94
91
87
90
84
81
82
85
88
86
88
101
117
129
141
157
160
167
176
187
195
197
194
174
150
128
120
110
90
65
50
52
55
58
59
59
60
62
74
81
91
96
105
120
135
143
166
160
139
118
104
106
121
142
158
170
180
178
174
177
160
163
165
141
87
64
72
73
86
131
175
169
116
73
48
169
174
169
163
160
173
188
200
190
173
167
162
149
134
121
114
113
112
109
113
110
106
105
103
98
99
102
101
104
112
121
140
154
156
164
163
169
181
189
191
194
197
187
167
146
132
125
113
90
65
51
48
50
54
58
63
70
82
86
92
102
107
116
126
132
138
143
154
154
142
136
135
143
160
168
176
180
174
170
156
161
169
167
122
85
80
70
94
143
183
170
112
69
49
167
176
165
162
163
174
184
198
195
179
175
171
161
147
131
123
119
120
120
124
120
119
115
118
114
114
120
121
129
139
149
162
171
168
169
169
174
183
189
190
192
194
189
179
166
141
128
120
111
91
71
56
48
49
56
63
67
73
73
76
87
86
93
105
117
115
126
145
160
157
150
145
150
162
177
179
185
179
166
155
165
185
196
160
104
81
67
103
154
187
161
97
58
46
158
164
158
159
167
171
174
189
198
192
176
165
151
141
135
127
124
123
125
125
123
124
122
124
127
133
136
142
148
160
180
188
183
178
175
178
181
185
193
199
197
192
184
183
183
157
132
118
128
127
103
77
57
50
49
52
56
60
63
63
72
82
103
131
154
158
148
136
135
136
139
150
164
172
174
173
184
190
170
150
160
185
203
161
91
74
85
125
167
182
148
84
52
49
160
166
153
154
162
165
169
181
188
181
167
148
131
126
125
122
120
122
125
121
124
127
127
125
132
141
149
156
161
175
197
205
193
182
175
180
182
186
196
205
199
185
181
181
189
173
151
134
142
144
130
106
85
69
56
53
60
69
76
83
91
105
115
131
157
181
180
159
145
139
141
153
165
174
175
173
179
189
166
142
165
197
201
151
93
101
136
157
177
174
135
77
55
57
156
160
156
154
157
156
159
165
165
155
147
130
116
114
116
115
118
122
126
117
120
124
130
127
126
125
133
144
158
170
184
199
196
178
172
175
180
187
197
202
193
180
180
177
183
179
172
159
149
135
133
117
106
96
89
88
92
102
118
135
146
156
140
116
109
125
149
167
177
173
170
163
158
171
181
181
184
187
160
132
156
184
171
141
129
152
167
157
169
161
113
64
48
49
153
155
157
156
157
151
149
144
138
128
120
114
109
108
112
115
119
123
124
118
117
118
121
119
109
95
97
120
142
152
168
194
197
178
168
173
179
187
193
195
187
177
178
178
181
182
180
173
159
141
126
116
109
111
118
126
132
141
153
165
172
184
181
154
120
95
109
143
173
187
192
178
164
172
180
180
179
168
152
142
168
190
176
175
204
212
183
156
170
148
100
63
52
50
153
154
153
154
157
150
145
132
121
108
105
107
108
107
110
114
116
115
113
117
114
109
101
100
88
72
85
117
135
140
168
199
196
173
160
169
178
182
185
186
181
171
172
180
185
183
178
174
168
164
141
130
119
117
127
140
151
165
175
178
172
169
188
195
177
140
124
132
149
172
189
185
170
167
170
170
170
150
145
148
168
180
168
181
227
225
178
163
181
140
80
56
55
53
153
154
151
156
154
142
132
120
112
100
99
100
100
99
101
104
106
106
105
106
107
95
86
77
58
53
92
132
141
142
180
197
188
158
153
166
179
180
181
176
172
166
168
167
173
173
168
172
176
179
166
152
137
128
128
141
159
171
181
193
196
189
181
192
195
183
161
150
146
155
168
176
177
173
166
162
162
150
138
155
176
170
163
182
216
220
197
188
161
112
64
56
61
45
157
153
151
153
149
137
129
117
110
99
94
93
92
91
92
94
95
94
94
91
87
76
68
60
51
61
107
142
153
158
193
200
183
155
158
173
182
181
181
172
167
167
166
162
161
159
161
169
174
176
178
167
151
139
133
137
149
162
176
193
210
223
213
196
191
197
190
179
167
162
159
161
167
169
162
160
160
148
136
147
164
170
168
172
193
213
216
195
142
83
58
63
57
43
161
152
143
149
149
138
126
113
106
98
93
92
89
87
87
87
86
84
83
73
64
59
61
59
63
89
130
153
161
174
207
200
176
155
165
182
184
180
184
173
169
167
165
157
150
143
144
154
158
161
171
167
157
144
135
132
140
153
170
192
203
215
218
214
206
203
206
198
189
179
167
161
159
160
154
159
156
139
132
144
160
176
175
157
167
209
225
180
111
66
63
61
59
58
162
150
138
144
146
135
123
109
103
96
90
89
85
83
81
80
77
74
69
62
53
52
59
62
81
121
154
165
170
188
213
194
167
155
168
182
183
181
188
184
178
168
155
153
147
135
128
127
128
135
152
158
154
143
137
133
138
150
157
174
187
201
207
211
210
211
213
204
193
183
174
167
159
154
150
159
149
124
125
146
161
174
174
149
155
200
209
150
88
68
71
55
68
68
155
147
143
142
137
127
120
109
103
94
87
84
81
77
72
68
65
63
59
61
58
56
58
64
96
146
177
189
197
207
213
185
156
150
160
169
176
181
187
181
175
163
155
162
163
147
126
107
101
112
125
138
143
137
133
131
134
142
143
154
168
185
187
190
198
203
203
196
188
181
175
170
163
156
152
156
140
115
124
151
158
158
156
137
147
176
168
116
73
63
63
56
70
59
144
143
145
142
134
125
119
107
101
92
85
81
76
70
64
59
56
55
57
64
66
65
68
75
111
159
190
212
225
222
205
175
149
142
152
160
175
184
187
174
166
167
176
185
186
169
138
98
78
88
96
110
120
122
123
126
128
131
134
142
153
165
165
175
184
183
181
183
185
182
173
168
162
158
155
150
132
119
133
158
161
146
131
121
134
150
129
86
63
59
59
67
69
56
137
138
140
136
129
121
115
102
97
88
79
74
67
61
56
53
52
51
57
64
68
71
73
79
111
150
180
202
215
203
178
154
138
133
146
161
179
184
190
179
173
189
201
203
200
186
154
101
65
68
77
85
95
104
110
117
121
123
124
133
143
156
155
156
163
169
171
176
178
174
163
160
158
155
155
142
124
123
140
166
170
143
121
120
129
126
98
71
65
71
81
87
76
73
135
135
137
129
118
111
108
98
92
83
76
70
62
58
54
53
53
54
59
66
72
75
71
72
98
131
158
173
182
171
147
130
124
127
132
156
174
173
188
187
184
209
218
214
205
196
170
115
69
67
70
70
77
88
97
104
110
113
119
128
128
134
140
144
147
154
161
164
167
166
160
159
156
150
152
135
116
119
136
167
177
142
118
124
123
100
73
66
73
79
77
77
65
64
138
137
132
122
112
105
98
93
86
80
73
65
59
56
54
56
57
57
58
68
72
75
77
77
83
97
119
141
160
152
127
119
113
112
120
135
155
166
177
184
190
203
212
198
192
186
173
134
85
71
71
66
65
77
88
93
99
103
114
121
125
126
129
133
137
140
149
155
155
152
152
153
150
145
134
133
117
123
143
169
166
122
97
109
104
75
65
74
77
69
68
67
58
57
142
140
135
124
112
103
95
89
82
76
71
62
54
50
49
51
54
55
57
62
70
77
81
80
74
72
79
104
132
138
121
112
102
101
114
126
146
166
184
187
182
181
182
178
175
164
158
128
89
76
69
63
59
65
75
81
89
95
107
114
118
120
123
126
125
126
136
146
149
142
139
142
146
148
134
114
106
134
152
165
163
131
104
103
86
60
60
83
79
66
66
67
59
56
145
139
134
122
110
100
91
84
79
73
69
58
49
45
44
47
52
54
57
65
77
83
80
75
67
56
56
76
99
118
118
108
93
92
105
125
146
160
166
169
170
167
161
162
160
143
144
125
97
81
72
64
58
58
63
71
80
86
96
102
108
113
116
115
113
113
121
133
137
131
128
134
139
142
131
112
117
148
147
135
145
160
142
98
73
61
55
67
66
63
67
65
59
56
140
137
129
117
104
94
87
80
76
71
65
55
46
43
43
46
52
56
58
68
78
79
73
67
63
59
60
63
71
91
108
106
89
86
95
115
126
129
132
141
147
136
129
132
134
126
130
126
107
85
72
66
60
53
53
60
69
77
85
92
100
108
112
110
107
107
116
125
128
122
122
126
131
134
131
114
128
151
132
103
104
150
157
89
65
71
50
41
55
63
64
61
61
63
138
133
125
113
100
91
83
78
74
70
64
52
45
46
46
49
54
59
66
72
73
73
75
73
68
69
77
73
62
68
88
100
86
78
83
95
96
92
91
94
92
75
72
81
97
113
118
126
115
90
71
67
64
55
49
54
61
72
79
85
96
104
107
106
105
107
114
119
120
116
114
117
125
132
135
119
130
139
116
75
49
102
139
84
62
73
54
35
56
64
63
58
64
74
137
132
124
113
101
91
84
77
73
70
66
54
48
50
52
54
60
65
69
75
73
74
83
82
74
74
84
84
68
57
68
85
76
66
69
72
70
65
58
50
43
37
43
61
87
117
115
120
113
92
71
67
66
57
51
53
57
67
74
81
90
98
101
99
99
104
108
109
110
111
113
114
118
126
130
131
131
136
134
86
26
79
122
81
55
72
61
34
52
68
64
60
67
77
136
127
119
110
100
93
84
78
73
70
68
55
49
52
55
57
66
72
72
82
88
88
88
85
78
74
73
75
63
52
55
68
65
65
64
58
52
47
45
42
40
47
63
83
104
125
119
112
106
92
70
63
61
53
50
51
50
58
67
75
82
89
94
95
96
100
103
105
106
110
114
116
117
121
124
134
123
134
153
115
46
72
101
71
51
72
54
36
49
67
63
62
65
68
135
122
115
106
97
91
83
78
73
71
67
54
48
50
54
59
68
77
84
97
107
104
94
90
85
77
68
66
59
53
51
54
56
67
64
59
52
42
41
45
52
71
88
106
115
124
119
103
98
90
73
62
59
52
50
52
47
51
60
68
75
82
89
93
96
99
102
108
110
112
113
116
120
127
130
128
110
116
119
101
58
58
79
70
66
75
39
44
55
52
58
61
63
59
130
116
106
101
92
85
81
77
71
70
68
55
46
51
60
64
65
68
76
90
99
92
91
95
92
87
80
72
63
57
51
51
54
56
58
54
49
49
50
52
64
81
95
107
115
117
108
98
94
83
68
63
57
52
53
51
46
47
56
66
73
76
85
94
98
99
103
108
115
115
112
116
125
130
129
124
117
104
64
46
53
49
64
61
74
73
37
43
50
51
54
60
64
57
135
121
108
100
91
85
82
77
68
66
62
55
52
57
63
61
54
48
41
48
62
72
81
87
86
87
82
81
74
61
53
51
46
39
39
44
51
56
57
59
72
86
99
97
96
97
100
97
85
77
67
60
55
52
52
49
43
42
52
61
68
74
83
91
98
101
104
106
111
115
116
120
128
132
130
122
118
107
51
22
41
48
59
59
58
60
43
40
49
51
57
58
56
52
137
121
111
99
90
85
83
76
66
62
60
56
55
58
62
60
49
37
20
23
47
75
88
84
77
82
81
76
70
62
56
58
58
53
47
50
55
59
62
68
81
92
90
86
81
76
90
101
85
70
64
54
52
52
52
49
44
41
51
57
65
71
80
89
95
101
102
101
105
113
118
119
125
129
132
120
123
118
58
27
40
32
34
41
35
37
40
40
47
56
60
52
42
39
136
124
112
95
88
84
84
77
68
63
61
57
54
54
58
60
52
37
16
19
50
94
116
104
91
95
87
67
53
61
67
63
64
73
74
72
73
76
78
81
87
91
91
85
86
93
102
101
84
72
67
55
52
53
52
52
48
44
51
57
64
71
78
84
91
98
98
96
101
111
115
115
118
122
126
121
135
119
51
28
36
22
7
15
17
14
34
45
47
55
54
49
38
34
134
130
108
89
86
82
85
80
71
66
60
55
51
51
55
62
58
44
25
16
37
88
129
130
115
116
113
95
72
64
67
64
67
80
87
85
85
86
86
90
97
99
101
101
101
104
102
99
97
86
71
59
57
56
53
51
48
47
52
57
64
70
75
80
85
92
95
94
98
108
111
113
117
121
122
122
145
117
41
19
21
13
6
6
9
10
33
46
44
44
45
48
43
36
131
128
104
83
82
79
85
81
71
66
58
49
46
49
54
66
70
63
42
17
14
58
118
140
136
143
120
103
119
126
89
73
81
72
78
76
75
71
71
78
84
81
79
89
87
80
76
84
93
84
64
59
57
54
51
49
47
47
53
59
65
69
74
77
82
87
93
92
95
102
107
112
120
125
123
122
144
111
41
18
9
6
11
9
11
23
38
40
46
43
41
41
35
28
116
121
106
81
78
73
81
80
71
64
57
45
43
50
56
69
80
82
63
36
15
34
83
109
121
145
133
110
110
132
134
106
84
80
77
81
82
73
66
72
70
56
54
64
67
66
61
52
49
54
54
55
56
53
51
49
46
49
55
61
66
70
74
77
82
86
91
91
93
97
104
114
122
124
121
129
137
86
23
15
11
11
9
10
19
32
37
36
47
49
40
32
23
21
94
111
113
84
78
68
76
78
70
62
55
44
45
55
60
69
83
88
87
66
33
23
39
47
64
103
125
125
127
126
120
113
103
95
97
109
112
95
83
92
94
81
71
82
81
67
57
34
16
27
50
55
58
54
53
49
45
48
56
63
66
69
74
78
80
85
92
92
93
96
104
116
121
118
122
138
128
61
9
19
20
9
8
9
22
29
31
38
43
48
37
29
24
25
77
110
118
90
66
64
72
78
71
61
52
45
46
55
66
74
86
103
107
95
61
29
18
19
35
59
72
80
126
144
129
116
115
111
116
123
123
115
104
116
123
102
96
107
101
71
47
30
22
33
51
58
63
56
51
51
51
48
54
61
66
68
72
74
76
81
87
92
95
99
100
111
120
110
123
134
112
36
8
14
14
8
7
11
17
26
29
34
42
41
33
27
25
30
68
104
109
85
65
63
70
77
73
61
55
42
43
57
70
79
91
108
119
121
99
62
38
34
49
69
48
39
69
100
110
105
107
115
120
128
129
126
122
135
134
107
111
124
95
57
33
34
44
55
66
64
62
56
49
48
51
54
55
61
63
64
67
70
74
79
84
92
97
99
96
101
103
108
116
113
74
18
4
9
13
6
11
14
18
24
28
35
43
41
33
29
28
32
56
86
100
85
69
64
71
81
75
63
55
42
44
57
70
85
100
111
114
128
128
107
80
62
61
69
59
41
38
44
54
54
58
71
90
97
99
101
103
115
104
71
79
96
64
49
52
70
82
79
68
63
58
53
48
47
51
55
55
59
61
61
64
68
74
80
81
90
95
97
93
95
93
112
113
91
22
10
2
11
16
9
13
16
18
22
26
36
44
40
34
31
31
34
43
67
97
98
80
63
73
85
75
62
48
40
48
56
64
85
106
113
120
127
138
136
116
90
74
68
61
68
71
53
32
16
15
28
37
44
47
46
46
56
47
25
45
68
58
69
89
103
100
86
63
60
55
51
46
49
52
52
52
55
58
59
63
70
79
86
85
88
89
90
90
92
96
115
100
56
5
10
8
18
19
16
14
17
19
21
26
37
45
39
31
31
32
34
34
51
88
106
87
58
68
84
74
61
47
41
50
59
69
91
114
120
122
124
135
143
136
117
101
92
91
82
75
72
65
53
38
31
31
37
38
36
33
46
51
51
76
101
108
112
114
103
89
75
67
61
54
49
46
50
54
54
52
53
55
58
63
73
84
92
92
88
85
82
82
84
101
108
74
20
17
6
17
24
23
18
13
17
20
23
28
39
46
39
28
29
31
34
31
35
64
93
84
55
60
80
78
68
54
41
49
67
82
101
119
127
130
133
137
138
130
121
112
106
111
103
101
111
113
104
85
71
69
70
70
70
75
93
104
114
128
137
133
117
103
89
79
70
70
60
53
53
52
52
54
57
55
55
56
58
63
74
86
93
92
86
83
77
76
78
97
93
55
16
14
7
20
26
31
13
12
16
19
24
30
40
44
35
27
30
33
35
30
23
39
72
80
63
58
74
83
80
59
43
49
70
89
106
119
125
130
135
135
125
117
115
113
109
113
117
119
128
128
125
117
115
116
117
119
122
131
143
141
143
140
125
103
88
79
82
84
79
69
61
56
56
55
55
55
55
57
56
58
61
64
73
83
86
81
77
76
71
71
76
82
71
41
22
2
16
23
27
30
12
15
16
19
25
32
39
39
28
27
30
34
35
31
20
26
58
83
75
61
70
85
86
66
52
56
75
94
111
121
123
130
137
137
128
120
112
101
92
93
98
97
108
112
111
110
122
138
147
154
157
157
154
136
129
118
103
86
91
84
87
88
82
74
68
61
55
54
57
58
54
54
54
59
63
65
70
76
75
71
66
68
64
68
74
65
50
25
11
3
22
29
27
16
17
20
19
20
27
34
39
36
22
22
27
33
34
30
28
24
48
90
87
69
68
81
86
72
62
66
79
95
106
114
125
136
134
128
122
112
98
90
84
85
90
100
98
96
99
100
106
116
123
131
137
139
134
122
113
113
104
101
99
92
93
93
84
78
72
65
63
64
68
65
58
53
59
56
60
65
68
73
66
62
61
61
62
67
76
60
30
10
9
14
23
22
16
17
21
22
19
22
25
32
39
32
20
20
27
30
31
35
21
26
73
124
111
76
64
69
81
74
63
66
77
89
103
113
123
133
130
122
114
101
86
76
70
74
74
78
81
83
84
86
89
86
93
99
106
111
108
103
100
102
98
100
100
99
100
96
87
82
76
70
68
72
75
67
56
50
55
56
61
64
64
65
61
59
56
59
66
75
73
49
21
7
14
26
30
20
11
15
25
21
17
20
25
31
36
29
19
21
28
32
32
30
9
36
118
165
126
79
70
74
86
80
71
73
79
88
103
119
128
131
128
120
110
97
80
68
61
57
56
58
66
72
72
73
74
79
82
86
90
94
95
95
99
102
103
105
107
107
103
93
82
80
80
77
73
75
73
63
53
51
52
55
60
62
58
56
55
54
59
67
76
75
57
28
9
7
16
28
32
21
11
14
22
19
14
18
23
30
33
25
17
22
29
32
32
22
12
75
172
185
130
85
71
71
78
80
75
76
78
86
104
121
127
129
128
122
112
97
79
68
61
55
56
56
63
65
61
63
63
73
74
76
82
88
92
98
104
109
114
116
115
113
104
90
80
81
84
84
84
82
72
59
52
51
49
53
58
59
55
50
51
57
68
74
71
59
35
13
6
9
14
23
27
21
15
15
18
16
12
15
22
29
30
22
17
22
28
30
29
13
34
134
208
185
141
108
72
64
65
74
76
76
78
87
106
123
125
126
128
123
114
97
79
68
60
57
58
56
57
56
53
58
59
57
60
67
77
86
92
98
105
113
121
122
117
114
105
94
88
87
89
94
98
92
75
58
50
48
48
54
57
55
53
51
56
70
76
69
51
39
26
14
11
10
15
22
24
19
15
15
17
15
11
15
22
30
29
21
18
24
28
27
26
23
84
172
209
178
152
131
90
72
63
70
76
77
82
93
108
121
124
126
129
126
116
100
82
70
62
53
51
45
44
45
47
53
56
52
58
68
79
92
98
104
109
117
125
126
119
113
106
98
95
90
92
98
99
85
65
50
42
47
51
52
51
51
54
63
70
73
75
61
39
30
27
21
17
14
17
20
21
17
15
15
14
14
12
15
22
30
29
21
19
26
28
26
25
69
140
181
187
177
158
139
111
87
69
68
75
76
84
95
102
112
121
126
129
126
119
107
92
81
72
65
56
52
52
53
55
58
62
68
74
81
90
100
108
113
119
127
132
132
122
113
104
98
95
92
91
95
90
69
53
45
39
44
50
48
48
52
63
74
73
62
61
45
28
24
26
22
16
14
16
18
18
16
16
14
11
13
12
15
21
28
27
19
19
25
28
27
25
140
183
179
165
184
170
147
130
101
80
70
76
76
86
97
97
105
119
123
126
124
121
114
103
93
84
83
76
79
82
84
85
83
90
100
103
104
105
109
115
121
126
130
135
134
124
112
105
99
95
99
92
90
81
62
55
53
45
38
46
43
50
62
73
76
62
49
40
23
12
15
22
20
14
10
15
19
18
13
13
13
11
12
12
14
19
26
26
17
17
23
27
26
25
168
163
161
158
167
176
149
132
116
82
72
74
79
85
90
97
104
111
119
122
123
117
109
102
97
91
95
96
99
106
113
116
120
125
131
136
136
134
134
130
129
136
141
142
136
127
118
105
95
93
92
92
87
71
56
53
54
49
35
31
35
56
70
66
54
40
29
18
6
10
7
18
15
9
8
11
14
16
15
14
12
11
11
12
14
19
26
29
23
17
24
26
26
22
166
141
140
151
161
170
144
122
112
91
76
77
79
83
82
81
93
108
113
113
113
111
105
97
92
89
88
90
96
107
116
121
127
134
141
147
150
149
149
147
146
150
150
148
141
129
117
104
91
84
80
75
69
62
52
46
47
48
45
45
49
63
61
45
31
21
14
6
5
16
19
23
18
14
10
13
14
13
12
12
11
10
10
11
13
18
25
26
22
18
26
28
26
22
149
125
117
138
164
175
143
118
115
103
86
76
71
79
80
78
89
96
104
103
101
101
98
92
87
85
82
82
89
98
104
109
119
130
133
137
142
144
145
147
149
150
148
140
130
118
105
96
86
76
69
64
58
56
55
50
42
39
53
55
55
54
40
22
17
16
13
10
13
23
27
23
16
12
14
18
17
12
10
11
12
13
11
11
13
18
25
26
22
21
26
27
26
21
