186
199
207
208
201
198
191
186
189
183
162
154
173
174
176
169
153
138
135
137
136
131
127
126
126
128
134
137
135
129
127
130
132
131
132
137
138
136
136
136
135
136
143
152
163
165
163
162
165
167
166
165
164
166
172
177
178
177
176
185
200
213
223
232
241
248
251
251
253
251
252
249
253
251
244
225
189
156
135
126
128
130
123
119
114
109
105
102
98
95
92
90
88
86
189
200
202
202
197
201
200
198
196
184
166
154
169
165
163
155
144
136
134
133
132
131
127
124
124
128
133
135
134
128
124
128
128
126
126
131
132
130
130
132
135
138
143
151
156
155
152
154
157
159
162
161
160
163
169
175
175
172
161
167
176
189
202
214
230
241
248
251
252
252
254
250
252
252
251
242
209
172
143
127
126
124
121
117
112
108
104
100
96
93
90
89
87
85
186
192
196
195
195
199
207
208
201
183
167
160
161
164
158
145
139
138
134
131
131
131
127
123
127
130
133
133
130
126
124
126
126
124
123
124
124
125
126
128
132
135
139
143
145
146
146
148
152
155
159
155
152
155
161
168
171
171
165
163
166
174
183
192
210
229
244
251
250
249
254
253
250
249
249
248
226
194
159
136
119
122
118
115
110
109
103
95
94
90
89
86
84
83
188
193
195
196
199
204
215
215
206
185
175
168
165
160
150
139
136
138
134
130
129
130
128
125
126
127
130
131
129
124
122
124
125
124
121
121
121
122
122
124
127
130
132
136
139
140
141
143
147
149
150
149
147
149
152
159
164
167
167
164
161
165
171
179
196
214
232
244
249
249
253
252
249
250
248
249
236
216
176
141
121
115
113
110
103
102
98
92
91
89
85
82
81
80
189
194
194
199
209
217
224
219
208
189
183
179
171
158
141
132
133
135
131
125
123
125
126
125
124
124
127
128
128
122
120
122
124
124
121
122
122
121
121
122
124
124
128
130
132
134
136
138
141
141
142
143
144
145
148
151
157
159
155
154
154
158
164
171
182
196
214
231
244
250
252
251
249
251
249
250
244
237
199
153
125
105
105
104
99
98
96
90
86
84
82
79
78
78
191
194
191
202
219
227
225
210
199
186
183
178
169
154
136
128
129
132
128
120
117
120
123
123
122
121
123
123
122
119
118
119
121
122
122
122
122
120
119
119
119
120
122
123
124
126
130
134
136
136
138
141
144
148
148
149
151
151
144
145
148
153
158
163
171
180
193
213
233
247
251
251
250
251
250
250
246
246
220
175
135
105
103
102
98
96
94
87
82
80
79
77
76
75
188
188
188
202
224
231
217
192
184
180
174
170
163
151
136
129
127
128
124
118
117
119
121
121
119
118
118
118
117
116
116
117
118
117
117
117
117
117
116
114
114
115
115
116
117
120
125
130
132
132
133
138
143
147
148
147
145
145
147
147
147
147
151
152
157
164
175
193
218
237
246
250
250
250
251
248
247
246
237
202
149
110
105
100
95
90
86
82
79
80
76
74
73
72
181
182
185
200
222
228
210
180
175
177
172
170
163
153
139
130
127
124
123
118
118
121
119
118
117
117
116
114
113
113
114
116
115
113
112
112
113
113
113
113
113
113
115
115
116
118
122
127
128
128
130
133
138
140
142
141
141
140
147
148
147
145
148
149
151
155
163
178
203
224
239
246
249
250
249
245
246
245
246
224
169
120
105
94
91
89
83
79
76
76
74
72
69
68
171
174
179
192
211
216
200
175
170
171
172
173
169
154
139
131
126
121
118
115
116
119
118
116
114
113
112
110
109
109
110
112
111
110
109
110
112
113
113
114
115
114
117
118
119
120
122
124
125
124
127
129
132
135
136
137
138
139
140
144
145
146
151
152
151
151
157
168
188
208
224
236
245
248
242
239
243
246
248
237
200
144
103
86
86
87
82
78
73
70
68
67
67
65
155
161
169
181
197
200
190
170
166
162
168
173
169
152
135
130
126
119
113
111
113
117
117
114
112
110
109
107
105
105
107
108
108
107
108
109
111
112
113
114
115
114
115
116
118
120
123
124
124
123
124
128
131
134
135
135
136
138
138
142
144
146
150
152
151
151
150
159
177
195
209
224
236
243
234
231
238
246
248
246
229
170
105
82
80
83
78
75
71
68
64
63
63
62
144
149
158
170
183
188
177
160
164
164
168
168
158
146
135
128
125
124
114
114
114
116
116
113
109
108
108
107
105
103
102
104
107
109
110
108
108
109
111
113
112
110
111
114
118
120
121
122
121
119
123
126
131
132
133
135
136
137
139
141
142
143
146
149
148
144
147
156
169
179
192
207
221
228
222
219
232
244
243
245
235
195
121
78
74
75
78
70
69
65
64
63
61
60
133
137
146
157
173
182
171
155
159
160
168
165
154
142
135
129
125
122
118
117
116
115
114
109
105
103
105
105
104
102
102
103
105
107
106
105
105
107
109
110
109
108
110
113
117
120
121
122
121
119
125
128
132
132
131
132
135
137
140
141
139
138
140
144
145
143
142
150
161
169
179
193
206
212
209
210
226
241
238
242
238
209
141
89
72
71
71
66
65
63
61
60
58
56
127
129
136
148
165
178
171
154
156
156
164
161
149
137
130
126
125
123
120
117
114
112
109
104
101
99
102
103
103
103
102
103
105
106
108
107
108
110
112
113
111
110
109
113
116
118
119
118
117
117
122
125
128
128
127
128
131
135
139
139
137
134
135
140
142
141
144
151
159
162
170
183
196
201
202
204
221
236
235
239
241
223
170
105
70
66
64
63
62
62
61
59
56
55
126
126
131
141
161
177
174
155
153
148
154
152
141
131
123
118
120
121
116
112
108
105
102
99
98
98
100
102
103
103
103
103
104
105
106
106
107
109
111
111
111
110
110
113
116
117
116
115
114
113
115
120
124
125
125
125
128
131
135
137
137
136
137
141
142
140
142
149
154
156
163
177
188
192
195
194
209
227
229
235
237
229
197
126
74
64
60
62
59
59
58
56
54
52
121
122
124
134
151
169
170
155
149
137
138
138
131
125
119
113
112
112
107
104
100
98
96
95
96
98
99
100
102
102
101
102
103
103
102
103
104
106
107
108
108
107
109
111
114
115
114
114
113
112
112
116
122
125
125
124
125
127
131
134
137
138
140
142
142
139
140
145
148
149
156
170
179
183
184
185
196
213
221
228
232
231
213
146
84
64
56
61
58
56
53
52
50
49
118
118
120
128
143
156
160
153
148
134
127
128
123
121
120
114
107
102
99
97
94
92
92
92
94
97
99
100
102
102
101
101
101
101
100
101
102
103
104
104
105
106
107
109
111
112
113
114
114
113
113
116
122
125
125
123
123
125
129
131
133
134
137
140
140
138
139
143
146
146
150
161
169
173
179
180
191
203
213
222
226
231
216
163
97
63
54
61
58
55
54
51
50
49
116
115
117
125
133
140
144
144
148
134
127
126
120
118
117
109
101
95
93
91
90
91
90
90
91
94
95
98
100
101
101
102
102
102
100
99
99
100
101
101
103
104
106
107
109
110
112
114
115
115
114
116
122
125
123
121
124
127
130
131
131
130
132
138
139
136
135
140
143
142
142
149
158
162
176
178
186
194
206
216
219
225
217
178
110
63
53
58
57
54
53
50
48
47
111
110
112
121
124
124
126
132
141
132
129
127
119
115
110
101
95
92
88
87
88
89
89
89
88
89
90
94
97
99
101
101
102
102
101
101
101
101
102
103
105
107
107
108
108
110
112
114
114
113
114
117
121
123
122
121
125
131
134
134
132
131
133
137
138
136
136
141
143
140
139
143
151
158
170
171
175
182
199
211
213
219
222
192
123
64
50
54
53
50
49
46
44
44
116
115
112
111
113
116
120
131
139
137
133
135
121
113
106
94
93
89
88
87
87
89
90
90
88
87
88
91
96
99
102
103
103
102
102
103
104
103
103
107
109
110
109
108
108
110
112
113
114
115
113
117
121
121
120
123
129
134
137
137
136
134
136
139
141
140
139
142
142
139
137
140
146
150
165
164
167
168
188
208
207
208
219
200
130
75
46
46
48
45
42
42
42
40
116
114
110
108
109
112
119
131
140
139
135
135
120
112
105
94
93
90
91
90
89
91
92
91
90
90
90
94
98
100
100
102
104
104
104
105
106
107
107
109
111
112
110
108
107
108
110
112
114
116
117
118
121
121
121
122
128
133
137
138
137
136
138
140
140
138
140
142
142
140
138
141
145
149
155
152
157
160
176
195
200
205
211
200
141
80
42
40
41
39
39
39
39
37
119
117
110
106
106
109
115
128
138
137
133
131
116
107
99
90
90
88
90
89
88
90
91
91
93
93
94
97
99
100
99
100
102
105
105
106
108
110
109
109
111
113
111
109
107
108
109
112
114
116
117
117
119
122
123
123
127
132
136
137
138
138
140
142
141
138
140
142
142
139
137
139
143
145
151
146
151
154
165
180
190
200
204
201
156
86
42
37
37
38
37
36
36
34
122
119
112
107
105
106
108
118
128
132
128
123
110
103
96
88
87
86
87
85
85
87
90
93
94
95
97
99
101
101
99
98
98
102
105
106
108
110
109
108
109
111
111
110
110
112
113
114
115
116
115
115
117
121
123
122
126
130
133
135
138
140
141
142
141
140
145
146
146
142
140
141
145
147
149
144
150
155
158
169
180
190
201
202
170
93
45
38
35
36
37
34
33
31
118
115
111
106
104
103
102
107
118
125
126
118
109
103
97
90
89
87
87
87
87
89
91
94
95
96
98
99
100
100
99
97
98
99
103
105
107
109
109
108
109
111
111
111
112
114
116
117
117
118
116
114
115
118
120
120
123
128
133
135
137
140
142
143
143
142
146
148
147
143
140
140
143
146
145
144
150
154
155
164
173
179
194
199
181
106
48
37
32
33
34
29
27
26
114
111
109
104
103
102
97
100
112
121
121
112
107
104
98
94
90
88
89
89
89
90
92
93
93
94
95
95
98
102
102
99
99
99
102
103
106
109
110
110
111
113
112
111
111
112
114
116
118
119
116
114
113
116
119
121
127
132
134
138
141
143
143
142
143
144
143
145
145
141
137
138
140
142
143
145
150
154
157
161
166
169
177
188
185
118
49
33
29
32
31
26
23
25
113
113
110
105
104
103
94
95
106
118
116
106
102
102
98
94
90
88
89
89
90
92
93
93
92
91
95
96
99
104
103
101
101
102
105
107
109
111
112
114
115
116
115
112
110
110
112
114
116
118
116
115
115
118
122
126
131
133
137
140
143
143
142
140
140
142
144
145
144
141
140
140
141
141
142
145
149
155
159
158
160
163
166
178
184
130
51
31
27
31
27
23
23
25
114
115
112
107
106
104
93
92
102
113
113
102
100
101
98
95
91
90
90
90
91
93
95
95
94
93
98
99
104
106
106
104
103
105
110
112
114
114
116
118
119
119
118
116
113
112
112
113
115
117
121
122
121
123
125
129
131
132
134
138
142
142
139
136
137
139
142
143
143
142
142
142
141
140
138
142
145
153
159
156
156
163
166
176
184
135
54
30
24
28
24
21
22
25
111
114
114
109
106
104
97
93
97
106
109
101
98
100
100
95
92
92
92
91
92
96
97
95
97
97
103
105
107
108
107
104
105
110
114
115
116
116
117
121
122
123
121
119
117
115
114
113
114
116
122
127
124
122
127
130
130
131
132
138
144
146
144
143
144
146
146
150
151
151
152
149
146
145
145
147
152
153
157
161
161
161
166
174
174
142
62
20
27
21
13
25
23
21
108
111
112
108
103
100
98
96
97
99
105
101
98
98
97
94
92
92
94
93
92
95
97
98
99
101
104
106
107
109
109
108
108
112
115
115
114
114
116
119
121
121
121
119
118
117
115
112
113
115
122
127
126
122
125
129
131
135
139
142
146
149
151
153
152
151
150
152
153
154
154
152
151
154
153
155
157
156
156
158
161
165
166
170
167
139
63
17
26
17
10
24
24
21
105
107
107
105
102
100
99
99
96
93
100
99
96
94
93
93
93
93
95
92
91
95
98
99
100
100
103
103
105
106
109
109
109
112
115
114
113
113
117
121
121
120
119
118
116
116
115
113
114
116
119
121
119
117
121
126
131
135
139
143
147
149
153
155
154
151
152
154
156
155
153
150
154
162
163
163
162
159
157
157
159
163
169
166
161
136
64
15
26
14
7
23
24
20
103
104
102
104
105
103
102
101
97
94
97
98
95
91
90
93
96
96
95
92
90
91
96
96
96
97
98
99
99
101
106
107
109
110
113
113
112
113
116
120
122
121
119
116
114
115
116
116
117
119
121
120
116
115
119
125
129
132
134
139
144
147
148
148
148
145
142
143
143
142
139
138
150
165
171
171
167
163
161
158
160
164
172
165
158
136
67
14
25
15
11
22
22
22
104
102
102
103
105
106
105
103
100
98
96
97
95
90
89
94
96
98
95
91
88
90
93
96
97
97
96
98
98
101
105
106
107
109
111
111
111
111
113
119
123
124
123
118
114
114
116
118
119
119
120
119
118
114
114
118
122
124
124
127
130
131
131
130
127
124
118
116
114
112
109
112
131
154
174
181
180
175
170
163
164
167
170
164
158
138
73
18
25
21
18
21
19
22
105
102
102
101
102
106
107
105
102
99
95
93
92
90
89
91
93
94
96
91
88
89
92
95
98
99
99
101
100
101
105
107
107
109
112
113
112
110
111
116
124
128
124
119
114
114
115
114
112
112
111
114
116
114
108
107
112
115
113
108
103
101
101
97
92
88
86
83
78
75
73
77
98
123
150
173
184
188
182
167
162
162
167
164
160
140
78
24
23
22
23
19
17
22
104
99
100
100
102
105
106
106
102
102
95
94
94
96
96
95
93
93
96
92
90
91
93
95
97
99
99
100
99
98
102
104
104
105
108
110
111
110
110
115
121
125
122
118
113
111
110
107
105
104
105
107
112
109
100
95
96
96
89
79
68
63
60
56
54
55
55
52
49
48
47
48
63
81
116
151
174
192
199
189
181
175
173
170
164
141
80
29
20
21
23
20
17
21
102
97
98
102
105
106
106
106
106
105
101
98
99
106
108
104
99
98
96
94
94
95
96
95
95
95
95
95
92
93
97
100
100
99
100
105
107
107
107
111
115
118
119
116
112
110
106
103
101
100
100
99
101
98
86
79
73
68
57
45
33
28
23
22
26
33
32
32
32
34
35
33
40
52
78
114
142
172
194
198
195
187
183
178
167
140
80
33
16
20
20
18
18
21
103
102
101
103
107
109
109
110
110
108
103
104
106
110
113
110
102
95
85
82
80
81
83
83
81
80
80
78
79
81
85
88
90
92
93
95
98
102
106
106
107
112
116
116
113
106
103
102
101
99
95
93
88
82
75
65
52
42
31
23
16
14
14
16
19
22
26
22
26
30
33
37
38
39
55
70
95
131
164
189
201
194
186
184
175
143
78
30
15
14
16
18
17
22
106
105
103
101
101
103
105
108
108
105
104
108
112
116
116
108
95
83
65
60
57
59
61
60
60
61
57
56
57
61
66
70
73
77
81
86
91
95
98
99
101
107
111
112
109
104
103
105
102
99
93
87
78
68
60
53
42
33
23
21
19
18
19
17
19
21
22
21
28
33
40
49
49
47
48
55
66
89
119
156
189
198
192
185
180
146
76
29
26
20
20
19
19
21
106
104
102
99
98
99
101
105
107
105
107
112
116
115
108
94
71
54
38
32
30
32
35
32
32
33
35
35
37
42
46
49
53
56
59
67
76
81
86
92
96
103
106
106
104
101
102
103
101
97
94
86
74
64
58
52
44
37
28
31
31
31
27
25
24
25
32
35
44
48
50
56
59
59
63
62
61
67
85
126
171
194
194
193
184
151
71
30
30
28
25
19
21
22
106
104
102
101
102
102
99
102
107
110
116
118
116
107
92
72
49
31
24
22
20
21
22
20
19
19
21
20
21
24
26
28
32
35
40
50
59
66
75
84
92
99
99
100
98
96
97
98
97
94
90
85
77
68
62
58
54
49
47
49
49
45
41
39
39
39
44
48
59
63
63
67
71
76
76
73
69
67
72
103
148
177
196
200
183
143
70
49
64
68
44
25
21
22
109
108
104
104
106
106
102
105
111
116
121
117
105
88
68
51
33
19
16
16
15
13
13
16
16
14
17
17
17
18
19
21
24
27
32
41
50
57
67
77
86
91
93
94
93
92
93
95
95
93
89
88
85
76
71
65
63
61
63
62
58
53
49
48
48
48
45
45
54
61
63
64
70
78
85
84
82
78
77
91
127
162
193
202
183
138
87
101
138
131
95
54
28
20
110
110
105
101
102
107
109
112
115
117
114
103
84
64
47
35
24
17
15
17
15
11
13
17
19
18
15
14
15
16
18
21
26
28
33
40
46
53
61
71
80
85
87
89
91
91
92
92
92
91
92
92
89
83
77
74
72
72
69
64
56
50
48
47
45
44
41
37
42
44
42
45
54
68
87
90
94
94
91
93
116
151
193
208
184
154
117
172
215
204
166
107
50
23
109
109
105
99
100
108
112
112
108
103
95
81
62
47
39
35
31
27
28
28
26
23
23
27
28
27
22
22
22
25
27
32
36
40
40
44
47
52
57
63
71
78
82
85
89
92
95
96
95
92
92
91
87
82
79
76
72
69
63
54
46
41
38
36
35
33
32
31
36
37
33
35
45
59
67
77
88
95
100
100
113
146
197
221
194
175
153
203
240
242
207
144
70
29
110
111
107
102
105
111
113
107
96
85
72
59
42
34
36
39
40
39
37
37
35
35
33
33
32
31
25
25
26
29
33
36
40
44
47
49
50
52
54
56
63
71
74
77
86
93
101
104
102
100
93
91
86
81
79
75
68
62
52
43
34
30
29
29
28
27
31
33
43
46
42
40
41
47
56
69
82
91
103
105
115
150
195
226
213
186
186
182
202
211
211
152
75
32
110
109
108
107
108
113
114
103
84
67
56
45
37
37
43
46
44
43
38
37
36
35
33
31
29
29
25
24
22
24
27
31
36
44
49
49
49
49
49
51
56
62
67
74
88
101
109
113
113
107
102
93
85
79
74
68
62
57
44
36
33
34
31
28
27
23
25
35
48
53
61
58
39
38
42
54
77
90
99
107
122
148
191
222
219
192
174
174
174
182
179
133
65
26
111
109
105
106
109
111
107
92
71
56
50
44
42
45
48
49
45
42
35
32
28
25
23
21
20
20
20
21
21
20
23
25
28
35
42
43
45
47
48
48
53
58
65
74
91
107
115
121
122
116
108
97
87
78
69
60
53
50
39
37
42
45
39
34
34
30
32
41
52
64
83
82
53
40
40
46
67
80
92
101
115
141
183
221
226
200
176
168
155
150
150
111
52
21
113
110
105
106
110
109
99
80
61
51
48
48
49
52
51
46
40
36
30
26
20
18
18
15
15
18
20
26
29
25
23
21
24
28
35
36
39
44
45
45
50
56
60
72
92
109
119
126
127
122
113
102
89
77
64
54
47
44
37
41
53
57
49
40
39
38
37
46
56
72
99
100
68
53
47
48
63
76
89
99
111
135
174
217
230
205
179
166
147
135
129
97
46
18
114
113
109
109
110
106
92
73
58
53
52
52
53
51
46
39
32
29
28
25
20
19
18
14
12
16
24
36
43
36
28
23
24
26
33
33
36
40
42
44
51
57
60
72
92
109
118
125
126
121
112
102
91
79
66
54
49
47
43
49
62
67
55
44
39
37
38
44
53
73
105
108
84
72
56
53
63
77
89
98
111
132
173
214
227
201
171
157
139
123
124
96
50
21
115
114
113
111
109
101
86
68
58
57
55
54
52
47
39
31
26
24
31
30
25
22
19
12
9
15
34
53
63
53
40
31
28
28
34
35
36
39
41
45
52
59
63
74
92
108
118
125
128
121
111
102
93
84
73
63
56
55
49
57
68
75
67
50
39
34
35
41
52
79
113
115
94
87
66
63
69
80
89
99
115
134
171
209
223
198
162
143
126
114
120
98
53
23
115
114
112
110
105
97
84
69
62
62
59
57
52
46
36
27
24
25
35
38
33
27
24
18
16
24
48
68
82
72
55
42
34
29
34
36
39
41
43
47
54
59
63
73
91
107
119
130
134
126
113
104
95
89
80
70
66
63
59
64
75
83
80
65
48
39
37
46
63
92
114
109
96
95
82
82
84
91
92
101
119
135
169
205
221
198
157
138
123
112
116
101
60
26
117
115
111
109
103
93
81
71
67
66
63
57
51
44
32
23
24
30
42
46
41
34
30
22
18
25
46
68
85
81
66
51
38
31
35
40
42
41
44
50
58
60
63
73
91
108
123
139
144
138
120
109
99
93
86
78
73
72
69
69
74
83
86
77
64
56
52
61
77
95
102
96
94
99
99
101
105
105
102
106
122
132
165
202
221
199
155
135
123
112
117
109
70
31
118
114
113
110
102
90
78
70
67
67
61
55
47
41
29
21
25
35
50
54
47
36
29
17
10
14
37
61
83
85
75
63
49
41
38
43
44
41
43
52
61
63
66
75
93
111
130
147
152
146
128
114
103
97
91
85
82
80
74
72
70
77
84
82
74
71
70
72
78
87
90
89
97
105
110
117
124
122
115
118
131
135
155
197
222
202
159
140
129
117
119
115
78
33
119
117
114
111
103
89
78
71
66
62
55
49
44
37
31
28
32
41
55
61
54
42
32
23
22
30
52
76
93
91
77
64
53
48
46
46
44
40
43
54
63
64
68
79
97
114
135
156
166
158
140
121
110
100
94
88
87
82
74
71
68
67
73
76
76
75
74
80
82
81
83
93
102
109
115
121
132
134
131
134
142
143
160
192
223
208
167
150
136
124
121
117
88
43
116
116
113
110
101
89
78
72
65
60
52
48
44
43
41
40
44
48
59
65
65
60
53
47
45
53
68
84
93
88
75
63
54
50
51
51
48
47
50
60
65
66
72
85
104
120
141
164
174
167
148
130
118
108
101
93
90
83
74
70
64
61
64
66
67
69
69
78
84
86
92
100
108
112
119
125
136
140
140
145
155
158
166
196
221
223
179
161
145
128
124
121
96
52
114
115
112
109
101
90
81
74
65
59
51
50
49
50
52
54
56
58
62
67
70
70
69
61
60
66
69
76
79
74
70
64
62
62
59
56
53
53
58
64
67
67
76
91
110
125
145
169
180
174
157
140
127
115
108
100
95
87
81
75
68
66
67
67
70
74
74
82
88
93
102
111
117
119
122
128
138
143
146
154
165
170
177
198
216
235
190
166
154
137
125
122
99
57
115
117
113
109
102
94
86
78
68
61
57
58
59
61
63
65
66
65
62
63
64
66
67
61
60
64
67
68
66
62
62
62
63
66
65
61
59
61
64
67
68
70
82
96
114
126
144
167
178
172
160
146
134
121
114
107
103
95
86
82
76
74
76
74
77
83
88
94
97
99
106
114
121
125
128
135
143
147
151
159
170
177
187
199
210
237
193
157
157
148
134
122
94
53
116
117
114
110
104
97
90
82
72
65
65
70
74
75
76
76
74
70
64
60
57
59
60
59
61
65
69
67
63
59
60
61
63
65
70
68
67
69
70
69
69
71
85
98
117
128
142
163
175
170
160
150
139
127
121
114
112
107
98
93
88
86
84
82
85
92
101
105
106
106
111
118
124
129
133
140
147
151
155
161
172
181
193
201
211
236
199
148
154
159
147
131
96
50
117
118
116
112
107
100
94
87
80
76
77
82
87
89
88
84
79
76
68
62
57
56
57
60
63
68
68
68
64
62
64
66
69
71
72
72
74
76
75
71
70
72
85
99
117
128
140
159
168
165
161
154
144
130
124
120
118
116
113
109
103
98
92
89
91
98
106
111
113
115
120
126
130
134
138
144
150
154
157
164
173
182
195
204
216
237
211
146
147
164
156
145
106
53
118
118
118
114
109
104
99
96
93
92
92
93
95
95
92
87
81
79
73
68
65
64
62
63
67
70
72
72
68
64
68
72
75
77
78
78
80
79
76
72
72
74
84
98
116
128
139
155
164
162
161
156
146
130
125
120
121
121
121
120
115
107
100
96
98
103
110
113
117
121
129
135
140
143
147
152
154
156
160
166
172
181
191
201
215
236
220
148
133
156
157
156
119
62
119
119
119
116
111
107
105
104
105
106
107
104
100
96
92
86
82
80
76
74
73
73
70
69
72
73
74
74
70
68
72
78
82
84
85
84
83
80
76
74
76
78
86
98
117
129
139
152
161
159
160
157
148
130
124
120
121
123
126
128
125
118
111
106
106
109
112
114
116
121
131
140
146
150
151
154
153
154
157
161
166
174
182
195
208
229
221
146
117
144
159
164
128
68
116
118
117
115
111
108
106
109
113
116
116
111
103
98
94
89
85
82
78
78
78
78
78
79
79
79
77
74
71
70
73
79
85
89
89
88
85
85
79
79
79
81
87
106
124
135
140
148
158
165
159
155
150
136
129
123
126
126
130
133
133
126
120
116
113
111
109
109
114
122
132
141
148
152
153
151
150
151
153
155
159
163
170
184
200
216
215
147
106
129
161
173
142
78
116
116
116
113
109
106
108
113
118
122
120
115
108
102
100
97
95
93
89
88
88
87
87
86
85
85
79
77
75
75
79
85
90
94
91
89
88
90
83
82
82
84
93
112
128
135
136
146
158
167
161
155
149
139
132
130
131
128
130
134
134
127
121
119
119
119
114
114
117
121
130
139
146
151
151
150
149
149
150
149
150
152
156
167
180
205
210
149
106
129
159
176
153
87
117
116
116
112
107
105
107
114
121
124
125
119
114
110
109
109
106
105
98
99
97
95
92
89
87
85
80
80
82
83
87
92
95
96
94
90
91
93
85
82
82
84
97
118
135
138
135
142
156
166
163
155
148
142
132
132
132
126
129
134
136
130
124
124
124
125
121
120
122
124
131
136
142
146
148
148
147
146
144
142
142
142
145
153
162
195
207
151
107
126
157
178
160
93
118
116
115
111
107
104
106
111
117
120
121
118
115
113
113
113
111
109
106
105
103
99
95
90
86
84
83
86
89
93
95
95
95
93
95
89
91
92
83
79
81
85
101
123
142
141
136
142
154
163
161
155
150
145
130
130
129
124
125
132
136
133
127
126
127
128
125
126
129
132
135
138
142
144
147
147
147
145
141
138
136
138
141
145
151
189
205
157
112
126
159
176
160
94
116
114
112
111
108
105
105
109
113
115
112
110
109
109
110
110
108
107
107
106
104
100
96
92
89
87
88
92
98
97
97
96
95
93
92
87
87
86
81
77
83
88
102
125
143
142
136
140
151
159
157
156
155
150
130
125
125
122
123
129
136
136
134
131
128
128
127
129
134
138
141
143
145
148
147
149
149
146
140
135
134
134
134
137
144
187
204
164
124
132
160
174
159
96
115
113
112
112
109
105
103
103
104
104
103
102
102
102
103
104
104
104
102
100
98
96
95
93
92
91
92
98
101
100
96
95
95
95
91
86
83
79
78
75
81
89
99
122
142
143
136
136
142
148
154
158
161
155
134
125
120
115
121
124
131
137
137
134
131
131
129
132
135
139
140
142
146
150
149
152
154
149
142
136
133
131
129
131
139
181
202
170
143
147
162
172
156
97
115
115
115
113
109
104
99
96
94
91
95
94
96
98
98
99
99
100
98
98
97
96
96
96
98
99
98
103
105
102
99
98
98
96
91
87
79
74
79
79
84
91
98
120
139
141
132
128
132
136
149
156
164
159
147
132
123
116
119
117
121
130
134
132
130
131
132
134
136
138
138
139
145
149
151
153
153
148
143
138
134
132
128
124
134
171
195
178
169
171
175
173
149
91
115
117
116
113
108
102
97
92
88
86
85
88
93
95
97
97
97
97
98
97
95
95
95
96
99
100
102
107
109
106
104
102
100
98
92
88
79
73
86
87
92
99
106
123
138
135
125
121
127
135
141
151
163
163
159
144
132
122
117
111
112
123
129
129
127
130
131
133
135
138
138
140
145
150
150
151
149
145
140
138
135
133
127
120
128
161
189
183
188
192
193
179
144
84
118
119
118
113
106
100
97
94
90
86
85
87
90
93
93
93
94
96
97
96
94
95
95
99
101
102
105
108
111
110
107
105
102
98
92
87
79
76
91
103
101
107
111
122
132
127
117
115
120
129
137
146
156
164
169
167
154
141
126
113
106
115
122
127
127
124
126
130
132
134
135
140
144
146
147
145
143
140
136
132
131
130
127
122
132
157
180
171
184
211
206
187
142
83
117
120
118
112
106
103
101
97
93
90
88
87
87
87
88
90
94
97
100
99
98
97
98
100
103
104
105
107
110
111
108
105
102
97
87
82
74
76
97
112
110
114
111
117
123
116
108
108
112
120
123
136
152
164
176
181
173
163
141
125
112
113
115
120
122
121
124
126
128
129
132
137
141
142
141
140
137
133
129
127
126
127
125
119
128
152
175
159
171
206
215
192
144
86
114
119
118
111
106
105
104
100
95
93
92
89
86
87
87
91
96
100
103
103
102
100
102
103
105
106
105
106
109
109
107
104
100
95
85
77
71
80
106
123
121
120
112
112
111
103
97
99
103
110
117
128
142
154
165
174
176
173
159
140
122
112
108
110
115
117
121
124
125
126
131
135
138
137
137
135
131
125
121
122
123
125
125
120
122
145
173
149
155
196
214
189
140
82
112
118
119
111
106
105
105
99
94
93
92
89
87
88
90
93
97
101
105
103
103
101
102
104
106
107
105
105
106
106
103
101
94
88
83
76
73
88
116
131
126
122
111
106
100
93
90
94
98
105
110
116
123
128
137
151
163
169
163
148
128
112
104
103
109
114
119
122
125
127
131
133
135
135
134
131
128
122
119
119
122
124
128
123
117
143
175
147
144
181
204
183
134
76
111
117
119
112
106
106
102
97
93
93
91
89
88
88
89
90
93
97
98
98
97
96
97
102
104
106
105
104
104
103
100
94
88
81
77
75
77
96
121
131
124
116
104
96
90
84
83
87
91
97
101
104
106
108
113
125
139
150
150
144
130
115
104
101
103
106
113
117
124
127
130
130
130
129
129
128
125
120
118
118
120
122
125
124
119
144
175
144
137
164
185
171
126
70
111
115
115
111
106
103
99
95
92
93
92
89
86
85
85
86
88
90
90
90
90
91
93
97
100
102
104
101
100
100
95
89
83
76
72
74
81
102
121
122
112
102
89
82
76
73
74
78
82
87
94
95
97
99
99
101
111
118
126
128
126
118
111
104
100
100
108
113
120
126
127
126
126
126
125
125
122
119
115
116
118
120
120
123
125
148
169
138
131
149
164
154
114
64
109
112
111
109
105
101
96
92
91
92
91
86
82
82
82
82
82
82
82
83
85
86
89
92
96
98
99
97
96
95
91
87
80
74
72
74
81
99
109
102
92
81
71
62
58
57
61
68
72
79
85
85
89
93
88
80
81
86
96
108
117
119
119
113
105
100
103
109
116
121
123
122
123
124
123
122
120
116
114
114
116
119
119
121
127
150
161
131
128
134
150
137
99
58
106
110
107
107
105
99
92
90
90
90
88
83
79
79
81
81
78
76
77
77
81
83
86
88
93
95
96
93
92
92
88
84
78
74
75
75
78
90
95
85
75
63
56
47
44
46
53
60
65
73
83
81
84
86
78
63
57
60
76
91
108
118
126
122
110
103
100
104
111
116
119
119
121
122
123
121
118
113
112
112
115
118
121
119
127
151
156
128
127
126
134
120
85
53
104
104
102
105
105
102
96
90
89
88
86
81
77
79
80
79
76
74
74
76
77
80
86
90
91
91
92
92
91
90
87
80
76
78
80
82
82
85
82
69
56
45
39
34
31
34
44
53
61
67
73
78
82
82
73
58
51
52
67
87
107
122
128
128
121
107
102
99
102
111
116
118
118
118
117
119
118
113
109
110
113
115
120
118
128
149
149
125
119
118
119
98
68
49
103
101
99
102
104
101
95
89
87
86
84
80
77
77
78
76
71
70
72
74
75
78
84
88
89
90
90
90
89
88
84
79
77
80
83
83
78
77
71
57
47
39
34
31
28
32
40
48
56
63
70
76
81
82
80
71
66
66
73
93
114
127
135
133
126
115
102
96
97
106
112
115
117
117
116
117
117
112
109
108
111
112
116
118
127
149
146
121
117
116
108
87
61
49
103
100
98
102
103
99
93
88
86
84
81
78
76
76
76
73
69
68
71
72
73
74
82
86
87
88
87
88
87
84
81
77
80
84
87
84
76
69
61
50
43
38
37
36
35
36
41
47
55
61
67
76
82
85
89
89
85
83
90
107
123
135
139
135
129
121
107
100
97
104
109
114
116
116
117
117
115
112
110
111
110
110
111
117
124
150
143
120
118
114
102
81
62
57
101
99
100
103
102
97
91
86
84
82
79
77
76
76
75
70
68
68
72
73
73
74
81
85
86
87
86
84
81
78
79
79
81
86
86
84
78
71
64
55
49
47
50
50
48
47
50
54
59
64
71
79
84
87
94
103
104
101
104
115
127
138
141
138
134
129
114
105
101
103
107
111
114
115
117
116
114
112
112
113
111
108
108
115
119
148
141
122
119
110
96
80
68
65
98
98
99
101
98
93
87
84
82
80
77
76
75
75
73
69
68
68
72
73
72
74
80
84
85
85
83
80
74
73
78
81
82
84
85
84
83
79
71
66
61
58
64
62
61
59
60
64
67
70
76
83
85
87
96
107
113
114
115
120
126
135
138
137
136
133
122
113
105
102
102
104
111
115
117
116
113
111
111
113
111
108
109
114
114
145
140
126
120
105
88
77
71
67
98
97
97
97
94
88
83
82
81
78
76
75
75
74
71
68
67
68
70
71
71
72
78
82
81
81
81
77
72
72
79
83
83
83
84
85
87
85
80
75
69
68
73
71
69
68
71
74
76
75
78
81
82
84
92
106
114
117
120
123
125
130
134
135
135
133
127
119
111
103
99
102
111
117
119
117
114
113
115
115
113
110
111
114
113
144
138
132
123
108
87
80
75
70
100
98
96
96
93
86
82
82
80
76
74
74
73
73
70
66
65
67
70
71
71
72
77
80
77
76
78
75
73
73
78
81
81
81
82
83
88
84
79
77
72
73
76
76
73
73
77
81
81
78
77
78
76
78
87
98
107
113
115
118
120
124
128
130
130
128
123
119
115
109
101
103
110
116
119
118
117
116
118
119
117
113
114
115
115
144
134
132
123
110
93
84
79
73
102
99
97
97
93
87
84
83
80
75
73
72
72
72
69
66
66
68
71
73
72
73
78
78
74
72
74
75
74
73
76
77
76
76
80
80
84
79
75
75
72
74
76
75
74
76
80
83
83
80
75
73
70
73
82
91
99
105
112
116
118
120
121
119
120
117
116
115
116
111
105
104
108
112
114
116
116
117
118
119
117
114
116
118
118
141
126
126
116
107
94
84
78
72
102
98
100
99
95
89
85
83
78
74
71
73
75
74
72
70
72
72
74
75
75
77
78
77
74
73
74
73
72
71
69
70
71
70
74
77
78
75
71
71
72
75
78
78
75
75
79
84
84
81
73
71
69
71
77
85
94
101
105
108
109
109
110
109
108
105
106
106
111
109
105
102
101
106
109
112
112
113
116
117
116
114
114
118
125
135
116
111
106
105
92
88
79
72
102
100
100
98
94
88
85
82
77
72
71
74
75
75
75
75
74
75
74
75
76
78
78
77
75
74
74
72
70
67
65
66
68
67
68
70
73
71
69
68
70
70
72
74
73
72
77
82
83
80
72
70
69
72
80
86
91
93
97
98
99
100
102
103
101
100
98
97
101
102
102
101
101
105
109
113
115
114
114
115
114
114
113
119
131
136
113
102
98
99
92
86
80
73
101
100
99
97
92
87
84
81
76
71
70
72
75
75
76
76
77
77
75
75
77
78
78
77
75
74
74
70
68
66
63
63
63
63
64
65
67
66
66
66
65
64
66
68
69
71
75
80
80
77
72
70
71
76
84
91
94
93
92
90
90
92
95
95
95
94
91
89
91
97
99
101
102
106
110
115
117
115
112
111
112
114
112
117
130
133
115
99
94
95
91
87
80
74
101
99
98
95
90
84
81
80
76
72
70
71
72
74
74
75
76
75
74
75
76
77
78
77
75
74
72
68
65
63
60
59
59
58
59
62
63
63
63
62
61
61
62
66
68
71
74
78
78
75
70
70
71
78
86
93
94
93
90
88
88
93
97
97
95
94
87
84
87
92
98
100
101
105
110
115
117
113
110
109
110
112
113
115
126
129
118
102
97
91
91
86
81
75
100
101
99
95
88
83
79
78
76
74
70
70
70
70
71
74
73
72
72
74
76
77
78
78
75
74
69
63
61
57
54
53
54
53
53
55
57
57
58
58
60
61
65
68
72
74
77
81
81
79
77
78
81
86
92
96
95
93
88
86
88
93
98
97
94
92
83
79
83
89
95
97
99
104
109
113
113
110
109
108
109
112
116
116
125
125
119
105
98
91
91
87
80
74
100
101
101
95
87
81
78
76
75
74
71
71
69
69
71
72
73
72
70
72
75
76
78
78
76
74
66
61
55
51
48
48
50
51
47
50
53
56
57
58
61
64
71
75
77
79
82
87
88
87
84
87
90
91
94
95
95
93
92
91
91
93
95
94
90
86
79
75
78
85
91
94
97
104
107
110
110
108
108
110
109
110
112
116
125
123
117
102
97
92
89
85
79
73
99
101
100
93
85
80
77
75
74
72
71
70
69
69
71
73
74
74
71
72
74
75
77
77
74
70
66
60
55
52
48
48
48
49
48
50
53
56
57
58
62
64
71
74
75
76
80
86
88
88
91
93
94
93
93
95
96
95
94
93
91
90
89
89
87
83
74
68
72
80
86
91
95
103
107
109
109
108
109
109
106
106
106
116
125
122
112
100
93
89
85
82
76
71
99
101
97
91
83
78
76
74
71
71
69
68
68
68
70
74
77
77
72
73
73
74
75
75
72
67
65
60
57
55
51
49
49
47
49
49
51
55
56
57
59
61
64
66
66
68
72
78
82
81
85
85
83
79
77
80
83
84
84
83
80
78
77
79
80
78
68
62
65
72
81
87
92
101
107
110
110
110
110
108
104
102
105
116
124
120
109
97
87
82
81
79
74
68
100
98
97
89
82
80
80
78
74
72
69
69
67
67
70
75
78
77
72
71
71
74
76
75
71
67
65
63
61
60
54
50
47
45
47
50
51
49
47
47
48
48
52
53
53
54
57
60
62
63
66
64
58
54
57
66
70
68
67
63
56
50
49
52
54
55
57
62
66
71
76
81
89
98
104
110
112
111
110
107
106
100
106
116
123
119
107
92
83
78
77
74
68
64
100
98
95
89
84
83
82
80
78
75
71
71
69
67
69
73
76
76
72
71
72
74
76
75
71
66
65
61
60
58
55
49
43
38
43
42
40
37
38
39
41
41
41
41
41
41
41
42
43
42
44
43
41
41
49
58
64
64
62
51
38
29
28
34
41
48
57
64
69
70
72
77
87
98
103
106
109
110
109
104
104
101
104
115
121
116
105
92
81
75
73
70
65
61
101
99
97
92
86
84
83
80
78
76
73
72
70
68
68
72
73
74
71
72
73
74
77
78
72
66
63
58
57
56
53
45
35
27
27
23
21
24
28
31
33
34
39
38
38
37
35
33
32
30
31
34
38
45
56
68
75
75
67
52
36
29
33
41
54
67
72
72
69
66
71
80
88
94
100
103
105
109
106
100
102
103
103
113
119
115
104
90
80
74
71
67
62
58
101
98
97
92
86
82
80
80
78
76
72
72
71
69
70
72
74
73
73
74
75
75
79
80
74
67
63
57
55
54
49
43
34
24
15
11
10
15
23
29
34
37
43
45
47
47
44
42
38
36
38
42
49
59
69
78
83
84
78
66
54
55
62
73
85
94
93
83
70
66
73
81
88
93
99
102
104
106
102
97
100
103
103
112
117
112
101
88
79
74
69
67
62
58
99
94
93
89
82
78
78
80
78
75
71
70
68
68
70
73
76
76
76
77
77
77
79
80
75
67
63
59
55
55
51
46
40
34
28
23
18
19
26
34
41
47
48
52
56
59
60
59
56
54
54
57
62
68
73
76
79
82
81
79
79
83
90
96
101
103
101
90
78
72
73
75
83
94
99
104
106
105
101
98
102
102
103
111
115
109
97
86
78
73
70
67
62
58
98
93
92
88
81
76
76
78
77
74
71
69
66
65
67
71
76
78
77
78
78
78
78
78
73
67
63
60
58
58
54
54
53
51
53
51
47
45
44
46
50
53
53
57
62
66
71
73
73
73
72
72
73
74
76
79
83
87
89
95
102
107
111
112
110
105
100
91
82
79
75
73
79
91
98
105
106
103
100
100
103
101
105
112
114
106
95
84
76
72
70
66
62
58
98
93
92
89
83
77
75
77
76
72
72
69
66
64
66
69
72
75
76
76
75
75
75
73
70
67
64
61
59
59
58
60
62
61
67
70
71
70
68
67
66
65
66
67
70
73
78
82
86
87
86
83
82
85
89
93
98
103
109
115
122
124
123
120
116
112
105
97
89
85
83
79
80
88
97
102
103
101
100
101
104
101
103
108
111
104
93
82
75
71
68
64
61
56
97
92
91
89
84
78
76
78
78
75
72
68
66
65
66
67
69
71
73
73
72
73
73
70
69
67
65
60
58
58
58
60
63
63
68
74
79
80
81
82
83
82
82
83
82
83
87
93
98
100
98
95
94
98
105
110
115
119
123
127
130
129
124
118
116
115
110
105
98
94
88
84
84
89
94
99
98
98
99
100
102
100
98
104
107
100
90
80
72
70
66
63
60
55
101
90
88
88
86
80
75
74
76
79
71
67
65
64
64
65
67
71
71
73
74
73
70
68
67
69
66
62
60
60
62
63
64
65
68
75
80
83
83
85
88
90
93
95
95
95
94
95
99
103
103
104
103
105
111
116
119
122
125
124
124
125
125
120
117
119
116
114
109
100
91
88
87
86
90
91
93
93
96
100
101
100
99
103
103
94
85
76
68
65
64
59
57
54
101
91
89
87
84
78
74
73
77
78
71
66
63
63
64
64
65
67
71
72
73
72
68
67
66
66
66
63
61
62
63
64
66
68
70
74
79
79
80
82
85
89
91
90
91
90
91
94
95
97
97
97
98
100
106
110
115
119
121
121
120
121
121
119
119
123
124
119
112
106
98
90
88
88
86
88
89
91
95
98
101
101
99
100
97
89
79
71
65
62
61
57
54
51
101
93
88
85
81
77
74
73
74
75
72
68
64
63
65
64
64
65
70
71
72
70
67
64
64
64
63
62
63
64
65
66
69
70
72
75
77
76
77
79
83
86
89
89
87
87
89
90
89
89
88
88
90
93
98
101
107
113
116
116
115
115
115
115
119
124
124
116
110
106
99
90
85
86
86
86
87
90
93
96
99
100
100
98
92
84
75
68
63
62
58
54
52
49
100
94
89
84
78
74
75
74
72
71
73
70
66
65
64
63
63
64
67
69
70
68
65
62
61
62
61
62
64
66
67
68
70
72
74
76
76
75
75
76
80
83
84
83
82
82
83
83
83
84
81
81
82
86
90
91
94
100
104
106
107
107
108
110
116
122
122
115
108
105
100
91
86
86
86
86
87
90
94
95
96
96
97
93
86
79
73
67
62
62
56
54
51
49
98
93
89
83
77
74
75
74
71
67
72
71
68
65
62
60
61
63
66
66
66
64
62
61
59
60
60
62
64
66
68
70
73
74
76
77
76
74
74
73
73
74
72
74
74
74
72
73
76
79
77
77
77
79
82
80
82
87
90
96
100
102
105
109
114
119
119
115
108
103
97
92
88
86
85
85
88
91
94
93
91
91
91
85
80
77
73
67
62
58
55
53
51
50
95
90
89
83
77
75
75
72
68
65
69
69
68
64
61
59
61
63
64
63
63
62
60
59
57
57
58
60
63
65
67
70
72
74
76
77
76
74
71
69
68
66
65
66
68
65
62
62
65
70
74
74
74
74
75
74
76
80
88
94
101
104
108
110
114
116
117
114
107
100
94
91
88
85
83
85
87
91
94
93
89
87
83
82
80
77
74
68
61
57
55
52
52
50
93
87
88
83
77
76
74
70
65
65
67
68
68
64
61
60
60
61
61
60
60
60
60
58
56
55
54
56
59
61
64
69
72
73
74
74
74
72
71
68
65
64
65
65
64
61
59
58
60
62
67
70
72
71
72
72
77
81
91
99
105
108
112
116
117
117
117
114
107
99
95
94
92
89
86
88
89
91
93
93
90
83
80
83
83
81
75
68
62
58
55
52
51
50
92
85
86
83
80
77
73
68
64
66
67
67
67
63
62
60
59
58
57
58
58
59
59
58
55
53
51
53
56
58
62
67
70
72
71
71
72
71
71
71
68
67
65
64
62
61
60
60
61
62
62
68
70
70
70
73
79
86
92
101
106
109
115
120
121
122
115
110
102
97
95
94
93
92
92
93
93
93
93
93
88
82
79
85
88
83
76
69
63
59
55
53
51
49
93
80
80
77
77
74
69
65
64
63
65
65
63
62
59
57
56
55
54
54
55
56
58
60
58
53
52
52
53
56
60
65
69
72
73
72
71
70
71
73
71
68
66
64
63
63
64
65
65
65
65
66
70
74
76
78
86
93
100
104
106
108
114
122
124
122
116
104
97
95
94
92
94
93
95
94
89
90
92
88
83
84
83
87
88
82
75
70
65
62
57
54
51
50
96
81
73
73
75
75
69
63
61
60
62
62
61
59
56
55
56
55
56
53
51
53
57
60
60
56
54
53
53
55
59
63
68
72
76
76
74
73
73
74
74
73
68
67
67
69
72
74
74
73
71
73
77
81
84
85
92
98
101
107
111
113
118
123
125
123
116
104
97
94
92
91
91
91
91
91
90
89
88
84
82
87
90
89
85
81
75
71
66
62
58
54
52
50
100
84
70
69
73
73
68
62
61
60
60
60
60
57
55
54
56
57
55
48
45
46
52
58
59
57
55
54
52
54
58
60
65
70
76
78
78
76
74
75
77
77
74
73
74
77
80
82
81
80
79
81
86
89
92
93
99
104
109
114
119
121
124
126
127
124
115
106
98
95
91
89
90
90
91
92
90
87
83
81
84
94
98
92
85
80
77
73
67
63
58
55
52
49
105
90
75
71
69
69
66
62
60
59
58
59
59
58
54
53
55
56
56
48
43
46
51
56
59
59
57
55
55
57
58
58
62
66
73
77
79
78
77
78
81
82
82
81
81
83
85
85
84
84
83
85
89
94
98
100
105
111
118
122
125
126
125
126
123
119
110
103
97
94
89
88
89
90
94
93
89
84
82
85
92
100
102
93
85
80
78
73
67
63
58
55
52
50
108
94
79
69
62
61
61
60
57
55
55
56
57
56
54
53
53
52
53
46
43
45
48
52
56
57
58
57
58
59
59
59
61
64
69
73
78
80
81
83
85
86
89
86
85
85
86
85
85
87
87
87
90
96
102
107
114
119
124
124
123
122
121
119
114
109
101
96
93
89
86
86
88
89
94
91
85
81
85
94
102
104
100
94
86
80
76
70
65
63
57
54
52
50
105
94
80
66
57
56
56
54
51
47
49
50
52
53
53
51
49
48
47
44
43
44
45
47
51
52
56
57
58
59
58
58
59
61
64
69
74
77
80
83
86
86
88
86
85
85
85
84
86
89
90
89
91
97
105
111
117
121
122
120
118
115
114
111
106
101
97
92
89
88
86
87
89
90
88
84
82
84
91
103
108
104
99
94
87
81
74
68
64
61
57
53
51
51
104
94
82
67
56
53
51
49
47
44
44
45
47
51
52
51
48
46
46
46
47
47
46
48
51
51
51
53
54
54
52
54
57
57
61
65
69
72
74
78
81
82
83
81
81
82
81
81
84
88
89
87
87
93
101
107
111
114
114
112
109
106
105
103
100
96
94
89
87
87
86
87
88
87
81
79
83
92
100
107
108
103
96
94
87
81
74
70
64
60
55
52
51
51
105
97
84
69
57
52
48
45
43
43
43
44
46
51
53
53
50
47
46
47
49
48
46
48
51
50
48
50
51
49
49
52
54
55
60
63
66
68
70
74
78
80
76
76
77
79
78
77
80
85
85
81
81
86
93
97
98
100
103
102
99
97
96
96
95
93
90
86
84
84
84
85
85
83
79
78
87
101
107
107
105
100
94
91
86
78
73
70
64
57
54
51
50
51
103
96
87
77
65
53
45
44
44
41
42
48
44
48
54
51
49
50
45
45
44
43
43
47
48
44
46
46
49
49
50
51
54
57
59
59
60
62
65
69
73
75
73
71
71
74
76
76
78
81
81
80
81
82
83
85
88
91
94
97
96
91
89
89
89
89
86
82
79
77
81
86
81
79
81
88
98
106
107
104
99
97
93
88
82
77
74
69
63
57
52
52
51
51
98
90
88
81
70
60
50
45
40
37
38
41
37
42
51
51
49
44
43
43
43
42
40
42
42
40
39
41
44
46
47
48
53
57
55
56
57
58
59
63
65
67
66
65
66
69
70
71
74
78
82
82
82
81
81
82
84
85
88
89
89
87
84
84
85
85
81
78
77
74
75
77
75
77
85
95
105
107
104
102
98
96
92
87
82
76
72
67
62
57
52
51
51
51
95
86
84
80
74
65
56
46
40
33
35
32
30
35
45
52
51
42
40
41
42
39
38
40
42
41
41
42
43
42
40
41
45
50
51
53
54
54
54
56
58
59
59
60
61
63
64
64
68
72
78
80
80
78
78
81
83
84
83
85
83
81
80
81
82
82
78
75
75
73
70
71
73
78
93
104
111
108
101
100
97
94
92
86
80
74
70
66
60
57
53
51
51
51
93
82
75
73
72
67
59
50
42
35
30
26
23
25
34
49
52
38
37
37
38
38
37
41
45
45
44
43
41
38
36
36
41
47
48
50
51
51
50
51
53
54
53
53
55
58
59
60
65
69
72
74
74
73
76
81
84
83
78
80
80
81
81
82
78
76
76
73
75
74
72
73
77
86
100
107
110
105
99
96
95
92
90
85
77
72
68
63
59
56
54
52
50
51
93
78
69
68
67
66
61
56
48
42
32
27
22
20
32
55
57
38
30
31
34
36
37
42
45
45
47
44
40
36
34
35
38
41
42
44
46
46
47
47
49
50
50
51
52
55
57
58
62
66
66
67
66
67
72
78
80
78
73
73
74
77
79
79
76
71
70
68
71
73
75
78
85
95
103
104
103
99
96
94
92
89
87
82
75
70
65
62
58
55
54
52
50
50
99
79
70
67
66
66
63
61
56
48
41
31
26
21
35
60
60
42
22
25
29
32
34
38
41
40
41
38
35
34
36
36
37
39
39
41
42
43
43
45
46
48
47
48
50
52
54
56
58
61
60
60
60
63
69
75
76
74
69
69
69
73
76
76
72
68
64
63
68
74
79
85
92
101
103
99
95
95
93
91
88
86
84
80
72
68
65
60
56
53
51
51
51
50
111
88
73
69
66
64
64
63
60
56
47
38
33
25
31
46
44
32
18
21
26
27
28
32
36
36
33
32
31
32
35
38
40
42
37
38
39
40
42
45
46
46
43
45
48
50
51
52
54
56
55
55
57
62
67
71
71
69
63
64
66
69
71
71
68
66
62
62
69
77
85
93
97
105
102
96
92
90
90
88
85
83
81
77
71
66
63
59
55
50
49
51
52
51
119
98
75
70
67
64
63
63
63
60
56
50
44
31
24
28
23
19
18
21
24
22
22
27
33
36
38
35
33
32
32
33
35
37
37
37
37
39
42
44
45
44
41
44
48
48
47
48
50
52
53
54
56
62
66
66
65
64
61
61
62
64
64
64
63
64
62
63
71
80
90
97
99
104
100
96
92
88
87
86
84
81
79
75
69
66
63
59
53
49
48
52
54
54
119
102
78
72
68
68
66
63
61
62
61
57
50
41
33
28
23
18
18
20
19
16
15
21
30
35
40
39
36
32
29
29
31
34
34
36
36
37
38
38
40
39
41
42
43
44
45
46
46
47
49
53
58
61
61
61
60
57
56
57
57
57
56
57
60
64
66
69
77
84
90
97
103
104
102
95
89
86
83
83
82
80
78
74
69
65
61
57
54
51
48
50
52
52
106
106
86
77
68
66
66
64
61
60
60
59
59
57
51
45
36
28
21
20
16
14
13
18
25
29
33
33
31
30
28
27
27
28
30
31
32
32
33
33
34
35
35
36
39
40
41
41
43
44
47
51
54
55
54
53
52
51
48
47
48
51
54
56
62
68
75
77
82
88
94
100
105
104
101
92
86
83
81
80
79
76
76
72
66
62
59
56
53
51
48
50
52
52
85
102
97
85
74
67
65
63
60
57
58
57
59
59
57
52
45
37
29
25
19
15
16
19
22
26
24
24
25
26
27
26
26
25
26
27
28
28
28
28
29
29
29
32
34
37
37
37
39
41
43
44
45
45
43
40
41
41
41
40
44
52
58
63
71
79
84
84
87
92
97
104
108
106
98
89
83
80
79
78
77
73
73
69
63
59
55
54
52
50
48
49
51
52
