193
197
202
213
226
226
220
210
196
194
195
192
195
194
191
188
182
180
177
176
176
176
174
171
169
170
169
170
171
172
172
172
172
173
174
175
176
175
175
174
174
173
174
174
173
175
176
178
177
178
177
177
183
193
205
217
222
216
212
212
210
205
206
212
216
221
221
212
186
151
117
92
78
77
79
78
77
76
75
73
72
72
70
70
69
69
67
65
63
62
58
56
53
49
201
196
194
203
218
220
215
205
191
193
197
196
204
204
201
196
188
184
182
180
178
175
173
171
170
170
169
169
170
170
170
170
171
172
174
174
176
176
176
175
173
172
171
172
171
173
174
177
176
176
176
175
178
184
192
206
214
211
212
214
216
211
211
212
207
214
222
226
213
182
148
113
88
83
79
79
78
77
75
73
72
72
70
71
71
71
69
66
64
62
58
56
53
48
203
196
200
205
214
219
212
201
199
200
201
203
210
215
209
200
193
190
185
179
176
175
174
173
172
171
170
170
171
171
169
167
167
170
173
174
174
174
174
173
172
172
173
172
170
170
170
172
172
172
175
175
173
175
186
195
202
209
210
212
211
210
207
201
200
203
214
224
234
218
192
155
116
90
83
79
76
76
75
72
71
74
72
70
68
67
67
65
62
59
56
54
50
46
201
195
199
205
215
220
213
202
200
205
204
204
209
212
208
199
194
191
184
179
175
174
173
172
172
170
169
167
169
167
167
167
169
171
171
172
173
173
172
172
172
172
172
173
171
169
169
170
170
170
173
174
171
171
178
185
192
198
200
202
203
204
203
200
199
201
208
223
238
237
223
192
147
106
86
82
78
78
76
72
70
70
70
68
66
65
65
64
61
59
56
54
51
46
197
196
197
204
214
217
210
200
201
206
204
201
203
206
204
198
193
190
184
178
175
173
172
172
172
170
168
167
166
167
167
169
169
170
168
169
169
170
170
170
171
172
172
173
172
170
168
170
170
171
173
175
172
170
172
176
182
188
189
193
195
198
201
199
198
199
203
218
237
247
248
225
184
133
98
85
77
76
74
73
72
71
70
68
66
65
66
65
63
61
56
54
49
46
192
193
197
205
211
209
202
196
197
202
199
194
194
199
198
196
193
190
184
179
176
174
173
173
173
171
166
166
167
169
170
170
169
169
167
167
166
166
166
166
168
170
171
171
170
170
171
172
174
174
175
175
174
170
170
172
176
180
180
183
186
191
195
194
192
193
198
212
226
239
247
238
214
167
125
96
79
78
76
73
73
72
71
69
67
65
66
65
63
62
55
52
48
44
189
191
196
205
205
197
192
192
194
197
194
189
188
193
195
195
193
191
185
181
178
175
173
173
173
171
167
167
167
168
169
169
168
168
168
167
168
166
165
165
167
169
169
167
167
169
172
175
176
175
175
174
171
170
169
170
173
173
172
173
175
180
185
185
185
186
192
202
213
226
239
243
237
203
158
116
87
85
81
72
69
70
71
69
66
65
64
63
61
59
54
50
46
43
189
189
191
198
193
184
183
186
189
192
190
186
186
190
191
190
189
188
188
183
180
177
173
173
172
169
169
167
166
166
168
168
169
169
170
169
168
168
166
166
169
169
167
167
166
169
173
176
177
174
176
174
173
171
170
171
171
169
167
168
169
173
177
178
179
182
185
192
202
214
231
241
243
221
183
137
97
84
79
71
70
75
71
69
66
65
62
61
59
57
53
49
45
41
184
185
186
188
180
173
177
181
184
187
188
184
185
188
187
185
186
186
188
185
182
178
174
173
172
169
169
168
168
168
168
167
167
167
168
168
167
168
166
166
167
169
169
168
168
170
174
177
177
176
177
174
174
175
174
174
173
168
168
168
168
170
173
174
175
179
179
185
195
203
218
228
232
222
198
162
115
86
76
73
74
75
71
69
66
63
61
60
57
55
52
49
44
41
179
179
183
181
173
169
175
178
179
185
188
185
186
188
185
183
184
185
187
185
184
180
175
173
173
172
169
169
169
169
169
167
165
165
165
165
165
165
165
165
166
167
168
168
169
171
174
177
177
177
176
174
175
176
175
175
174
168
169
169
169
169
170
170
173
176
176
182
192
196
206
216
223
223
211
185
139
98
81
77
72
66
69
67
64
61
60
57
54
51
52
49
43
41
175
180
182
174
172
174
173
173
178
183
182
180
181
185
184
181
180
181
183
184
182
179
175
174
173
173
173
173
173
173
171
167
165
163
164
164
164
166
166
167
167
168
169
169
169
171
175
176
176
175
174
174
174
176
175
171
169
167
167
169
171
171
170
169
171
172
172
174
180
191
202
211
214
215
212
200
169
123
86
72
68
67
66
64
62
60
58
57
55
52
50
48
45
42
170
174
177
172
172
174
173
171
174
178
181
180
182
183
182
179
178
179
180
181
181
179
177
176
175
175
174
174
174
173
172
170
169
167
166
165
165
167
167
167
168
168
168
169
168
170
171
173
174
175
174
174
174
175
174
171
169
168
169
169
171
171
170
169
170
170
169
170
176
185
195
203
204
205
207
204
185
145
104
80
70
69
65
64
62
60
58
57
54
53
50
49
46
43
170
172
174
168
167
169
168
166
169
173
178
180
181
181
179
177
176
176
177
178
178
178
178
177
176
175
174
174
173
172
171
170
170
169
166
167
167
167
167
167
168
168
166
168
168
168
168
169
171
173
172
174
173
173
173
172
170
168
169
170
169
170
169
168
169
169
167
168
173
179
187
194
197
197
203
208
201
170
124
87
71
68
65
64
61
60
58
55
54
53
51
49
46
43
170
172
171
166
165
166
163
161
165
168
174
177
180
179
177
177
176
174
175
176
177
178
178
178
176
175
172
171
170
168
167
167
167
167
166
164
164
166
166
167
167
167
166
167
168
167
166
167
169
171
171
173
172
172
171
173
171
169
169
169
169
169
168
168
167
167
167
167
170
175
183
189
193
195
198
203
205
188
146
100
74
69
65
64
63
59
58
55
53
53
51
49
46
43
168
170
167
163
165
167
165
161
162
163
169
174
177
178
177
177
176
175
174
175
177
178
179
179
177
175
171
170
168
166
163
164
164
164
162
161
162
164
165
166
167
167
167
167
167
167
166
167
168
169
170
171
172
170
171
173
172
169
168
168
167
167
167
166
166
165
166
165
166
170
176
184
190
194
194
196
203
200
172
124
87
72
66
64
61
58
57
55
53
52
51
49
46
43
169
171
167
163
164
165
163
160
161
162
166
170
174
176
177
177
177
175
174
175
176
178
179
179
178
176
172
172
168
166
163
163
162
162
160
160
161
162
163
166
167
167
167
167
166
167
168
169
169
169
170
171
171
171
171
172
171
169
168
167
167
165
164
165
164
164
164
163
163
166
172
180
187
190
189
190
197
206
192
151
103
75
67
64
59
57
55
54
52
51
51
49
46
43
170
172
169
164
163
163
161
160
161
163
163
167
171
174
175
176
175
175
174
175
176
177
178
178
177
176
174
172
171
168
166
164
161
161
159
159
160
162
163
166
167
168
167
167
167
167
168
169
169
169
170
170
170
170
170
170
170
169
167
166
165
164
164
164
164
165
164
163
163
166
172
178
184
186
187
187
193
203
201
173
122
82
70
66
59
56
55
55
52
49
50
47
45
41
168
170
166
164
165
166
163
161
161
161
163
166
169
172
174
174
174
174
173
175
175
176
176
176
176
175
174
173
172
169
166
164
161
160
160
160
160
162
164
166
168
168
167
167
167
167
167
168
169
170
169
168
168
170
170
169
168
168
166
166
165
164
165
165
165
166
164
164
165
168
173
178
181
181
185
187
190
196
202
187
141
97
73
67
59
56
56
56
52
49
47
46
44
41
168
170
168
168
167
165
162
159
159
159
161
163
165
169
172
175
175
174
175
177
178
177
174
173
173
173
172
172
171
167
163
162
161
162
163
163
162
163
165
167
168
168
168
167
167
167
169
169
170
173
171
171
171
169
168
167
166
165
166
167
166
164
165
166
166
165
164
165
166
170
173
176
180
181
188
188
187
189
200
194
161
115
74
69
62
56
56
57
53
48
47
45
43
42
168
169
170
169
168
166
163
159
157
156
159
160
163
166
170
173
174
174
176
177
178
176
173
171
171
170
171
170
169
167
164
162
162
162
164
164
164
164
166
168
168
167
167
166
167
169
169
169
171
173
172
172
171
169
168
167
168
168
168
169
167
167
166
166
166
165
166
166
169
171
173
175
178
180
184
185
185
188
200
197
171
131
83
69
64
60
56
58
54
48
47
45
43
42
166
167
167
167
167
167
166
162
160
159
157
158
159
162
167
170
172
173
176
177
178
175
172
170
169
169
170
170
169
167
166
164
164
164
164
166
166
166
168
168
167
166
165
165
166
168
170
170
172
174
174
174
171
170
168
168
169
170
170
171
169
168
166
165
165
166
166
167
169
170
171
173
174
176
180
180
182
185
196
195
176
144
94
67
64
61
55
58
55
49
47
45
43
41
163
164
164
164
165
167
169
167
164
162
158
157
157
159
163
167
170
172
175
177
177
175
172
170
170
170
170
170
170
168
168
166
165
165
164
166
167
167
168
168
166
163
162
162
166
169
171
171
173
174
174
174
172
170
169
169
170
171
172
171
170
168
164
162
164
165
166
167
169
169
170
171
173
174
179
181
183
186
195
196
185
160
108
68
64
62
53
57
54
48
46
44
42
40
160
161
162
162
163
167
169
167
164
162
160
157
156
158
161
165
169
172
175
176
177
175
173
172
171
171
171
171
170
169
167
167
165
165
163
164
166
166
167
167
166
162
160
161
165
169
171
171
171
173
174
174
172
171
170
170
170
170
171
170
168
166
163
161
164
165
168
169
171
170
170
172
173
173
177
180
182
182
192
194
192
177
126
78
67
63
53
55
52
47
46
45
42
40
159
161
160
161
162
165
169
168
167
164
161
158
156
157
160
164
168
172
176
177
176
175
174
173
173
172
171
171
170
169
167
166
164
164
163
163
164
165
166
166
165
163
161
162
166
169
170
170
171
172
173
173
173
171
170
170
171
170
169
168
166
165
164
164
166
168
171
173
173
172
172
174
175
174
175
177
177
175
182
186
192
185
142
89
68
63
53
54
51
49
47
45
43
41
158
159
158
159
161
164
167
168
169
168
163
159
156
156
159
162
167
171
175
175
175
174
174
174
173
172
171
171
170
168
167
166
164
163
162
163
163
163
164
166
166
166
165
166
168
170
172
171
172
173
174
174
172
171
170
170
171
171
169
167
166
167
168
169
170
171
173
175
174
173
173
176
178
178
179
180
179
175
178
183
191
187
156
102
69
61
54
50
51
51
47
46
44
42
156
157
158
159
160
163
166
167
167
167
166
160
156
156
158
161
165
169
174
174
174
174
174
174
174
172
172
171
170
168
167
167
166
164
162
162
162
163
164
166
169
167
169
169
170
172
174
173
174
175
176
174
173
171
170
171
171
172
170
168
167
169
171
172
172
174
175
176
175
174
175
179
181
180
181
182
181
178
180
183
191
188
169
114
72
60
54
47
48
49
46
45
44
42
154
156
155
156
158
160
160
160
161
163
163
160
159
160
160
161
164
169
172
172
171
172
174
175
175
174
173
173
173
170
168
165
165
166
165
162
163
164
167
171
172
170
171
172
173
174
175
175
174
174
176
176
175
171
170
171
171
171
171
169
169
172
173
172
171
172
176
175
174
173
173
176
181
183
187
185
181
178
180
182
183
185
178
131
76
60
58
47
52
52
45
44
43
41
154
155
154
154
156
157
157
158
160
162
163
162
160
160
160
160
163
168
170
171
171
172
174
174
174
174
173
172
172
170
168
166
166
167
165
163
164
166
167
171
173
172
169
171
172
173
175
176
175
175
175
176
175
171
170
171
171
170
168
168
171
174
174
174
175
177
174
175
174
174
175
177
181
182
185
185
180
175
174
176
180
185
186
147
86
63
57
47
53
46
44
44
42
40
155
156
155
153
153
154
156
158
160
162
163
162
161
159
160
162
164
167
171
172
173
173
172
173
174
173
173
172
171
170
168
166
167
167
166
166
167
167
167
169
172
171
171
170
171
172
174
175
175
174
174
175
174
173
171
172
171
171
167
166
167
170
174
174
173
173
174
174
174
174
176
180
183
186
187
190
189
184
180
180
185
192
190
161
95
62
51
44
52
39
43
42
41
39
157
158
156
154
153
154
156
157
159
162
162
163
161
159
159
163
166
167
173
174
174
174
173
172
172
172
171
168
166
164
163
162
163
165
163
164
166
164
163
165
169
168
170
170
170
173
174
175
174
173
172
173
173
172
171
172
173
172
172
170
171
173
174
174
173
172
172
172
172
172
173
176
180
183
190
195
195
188
182
178
181
187
194
169
108
64
48
48
54
42
42
41
40
38
156
157
155
154
153
153
155
157
159
160
160
161
159
156
157
160
165
166
171
172
173
173
172
172
173
172
173
169
166
163
162
161
162
163
163
164
165
164
163
166
170
169
164
166
167
169
171
171
171
170
169
171
171
169
169
171
172
172
174
175
176
174
170
170
171
173
173
174
175
175
174
175
179
184
190
195
196
190
184
180
182
187
193
170
119
65
45
48
48
44
41
41
40
39
152
152
151
151
151
152
153
155
157
159
159
159
157
155
156
159
162
163
167
168
169
171
171
172
172
171
168
165
162
160
158
157
157
157
155
158
159
157
156
161
166
166
163
166
168
169
169
168
168
167
169
171
169
168
167
169
171
171
171
172
171
168
166
164
165
168
167
168
170
170
169
169
173
178
185
194
200
201
198
193
192
192
189
172
125
66
42
43
40
43
41
41
40
40
147
146
147
148
150
151
152
152
155
159
160
160
159
157
157
159
163
166
167
168
169
170
171
171
170
166
166
164
160
160
159
157
155
155
154
155
155
152
149
155
160
159
160
162
165
167
169
168
167
166
166
167
168
166
165
167
168
168
169
166
164
162
162
161
161
159
158
157
155
156
153
153
158
162
167
178
191
196
197
193
188
187
189
178
134
74
44
42
41
43
40
41
41
41
144
144
145
147
149
150
150
152
155
159
161
160
161
161
161
163
165
169
170
170
170
171
171
169
165
160
155
154
152
152
151
149
145
144
142
142
141
136
134
139
143
142
145
147
151
156
161
163
162
161
162
164
165
164
163
164
165
164
162
161
161
157
155
153
152
151
142
137
130
127
123
122
125
129
140
152
165
175
183
184
186
188
188
183
137
78
47
42
44
45
43
43
44
44
146
144
143
146
150
153
152
150
153
160
163
161
162
165
163
169
162
164
169
170
172
170
165
162
157
147
139
132
128
125
121
120
119
118
117
117
113
107
104
108
118
124
127
130
136
141
147
151
155
157
156
158
161
163
163
161
161
160
158
158
155
151
147
145
141
130
120
105
91
84
75
69
72
76
86
95
109
122
138
154
166
178
188
187
140
81
48
43
49
44
47
47
47
48
149
148
147
149
153
154
150
149
153
158
162
161
164
168
166
170
166
170
173
169
166
160
154
149
138
121
103
92
82
80
80
82
79
76
72
72
71
66
64
67
75
83
92
98
105
114
124
136
144
147
152
155
157
157
156
156
156
155
156
156
151
145
136
126
117
104
89
71
54
42
31
26
27
31
34
37
47
60
75
93
109
128
158
170
139
85
49
42
48
46
48
48
50
50
150
151
148
152
155
154
150
149
152
155
158
159
161
163
161
165
165
170
172
168
164
155
143
127
105
82
61
49
43
45
47
47
44
41
39
35
33
33
33
35
42
47
53
61
71
83
99
118
134
141
146
150
152
150
150
151
152
152
152
151
145
138
124
110
98
84
72
54
36
26
19
16
17
16
20
19
24
30
39
50
63
79
109
137
128
89
56
45
50
50
51
51
52
53
151
153
150
153
156
155
153
151
151
151
156
159
159
157
155
162
167
170
168
161
150
132
110
92
72
54
32
25
26
28
28
25
24
24
21
13
10
13
18
23
26
28
31
40
51
62
78
102
121
131
138
143
145
143
142
145
147
147
145
145
139
133
120
106
93
81
68
52
38
32
28
23
20
17
17
16
18
19
22
28
36
47
70
101
111
90
64
52
54
55
55
55
57
58
154
155
153
154
155
154
153
153
153
151
152
158
159
152
153
160
167
165
153
141
124
103
80
64
50
38
29
27
28
30
27
24
26
29
24
18
14
17
24
29
31
33
35
44
52
60
71
91
110
121
130
136
138
136
135
137
138
138
138
138
133
129
119
106
94
83
72
61
50
47
45
40
33
28
24
23
22
19
22
28
32
40
54
80
97
92
72
55
55
59
59
60
61
63
154
155
154
155
154
152
152
153
153
152
149
157
160
153
154
156
159
150
129
114
98
82
66
56
48
42
39
39
43
47
46
45
46
45
45
42
38
37
36
38
41
45
50
60
66
71
79
93
109
119
124
130
133
132
130
131
131
131
130
128
126
126
120
107
97
87
79
71
64
61
57
54
49
44
38
39
38
34
35
37
36
38
48
65
88
96
82
64
58
61
61
62
65
67
153
153
154
156
156
155
155
153
152
152
151
158
161
155
154
146
139
123
103
86
73
64
57
56
62
64
65
68
75
81
81
81
78
75
76
77
72
65
59
57
59
63
66
72
78
82
89
98
109
116
120
125
131
132
131
131
131
130
127
123
120
121
118
108
101
91
89
84
79
75
69
66
66
63
59
60
63
63
63
60
53
51
50
56
75
91
88
73
62
61
65
66
68
70
153
152
154
157
160
161
159
154
152
152
150
154
156
151
146
128
115
95
82
71
64
64
63
65
74
80
89
93
97
98
97
98
98
96
98
98
94
85
78
75
76
77
81
83
88
92
95
102
109
114
118
123
130
134
134
134
134
134
130
122
116
116
113
105
98
91
88
86
83
82
78
80
82
82
85
84
86
88
87
81
70
68
62
55
62
78
84
77
68
62
69
70
72
74
150
151
152
155
160
162
160
156
155
155
153
153
153
149
135
115
91
75
74
67
68
75
80
82
88
97
102
99
98
95
92
91
87
82
88
90
89
80
74
76
81
84
84
86
88
91
96
99
106
112
118
123
131
136
139
141
141
140
135
123
116
111
106
98
90
84
85
84
80
80
84
86
89
96
96
99
100
100
99
94
90
86
76
62
59
71
80
76
69
67
72
73
75
77
149
151
151
154
159
161
160
157
155
154
151
152
150
137
116
95
81
73
76
76
79
88
93
92
92
93
93
86
79
75
71
65
58
55
59
61
57
52
54
59
67
74
77
82
86
91
96
99
105
111
117
125
134
140
146
149
147
145
136
125
115
105
97
91
86
82
79
78
79
81
84
84
86
89
87
90
91
94
95
96
97
96
87
72
63
71
81
79
73
70
75
76
78
81
149
151
154
156
158
160
158
156
156
155
153
150
142
127
106
91
84
82
82
87
93
97
97
91
84
78
79
70
61
57
53
40
31
32
34
35
29
28
37
44
50
60
66
74
83
89
96
100
105
111
118
127
137
145
153
157
155
151
139
127
113
99
88
84
81
78
73
70
68
69
68
66
67
69
69
68
67
69
73
81
91
100
96
83
74
77
83
81
75
74
78
80
83
85
150
153
156
157
158
157
155
154
154
155
152
144
135
120
104
96
97
99
98
105
111
108
97
83
70
62
57
57
58
62
59
40
28
33
40
37
24
22
32
32
33
44
57
66
75
85
96
105
111
116
120
130
141
149
156
161
159
155
142
127
111
97
86
80
77
73
67
61
62
62
58
54
55
53
47
45
45
47
51
63
80
94
97
93
88
88
89
82
76
76
81
83
85
86
152
154
156
159
160
159
156
153
152
152
148
142
133
123
111
104
109
113
117
123
124
113
92
70
56
51
47
59
76
90
86
60
41
42
56
48
32
30
38
32
27
40
54
62
71
82
97
111
119
124
125
133
142
149
157
162
161
159
149
130
110
96
84
77
71
67
61
58
61
64
61
57
49
41
32
30
33
34
38
49
66
85
99
102
100
97
95
87
77
77
84
85
86
88
153
154
157
161
164
164
162
158
154
150
145
137
130
125
122
121
123
124
128
125
116
98
74
56
50
52
59
77
100
114
104
75
49
44
50
45
37
43
52
43
35
46
58
65
73
83
100
115
125
128
130
136
141
149
155
161
163
162
158
138
116
97
81
74
69
66
57
59
64
70
75
72
62
46
39
32
32
29
27
34
51
74
101
110
110
106
102
92
82
79
86
87
88
90
152
153
157
160
164
167
168
167
160
153
143
134
127
129
132
134
132
130
131
121
105
86
74
72
79
85
92
104
117
123
110
87
66
56
49
46
44
57
68
54
44
54
66
73
80
90
106
122
129
130
133
136
141
148
155
159
164
167
166
152
128
102
82
74
71
68
64
68
75
87
101
104
87
68
58
46
42
33
27
30
42
64
96
113
123
120
112
97
84
82
88
89
90
91
153
154
156
158
162
166
172
173
166
158
150
141
138
138
136
135
133
133
132
123
108
97
98
111
123
132
130
131
132
129
120
108
96
85
74
67
63
73
79
63
52
61
74
82
89
97
113
128
133
133
133
135
140
147
153
159
164
171
173
164
140
108
84
77
75
71
76
86
95
108
125
123
98
73
64
51
49
41
32
30
35
53
85
114
134
133
120
99
84
84
88
89
91
92
155
156
157
157
158
159
163
165
162
157
154
149
146
144
140
132
127
126
132
133
132
131
136
145
150
150
145
147
145
141
134
126
121
118
110
100
91
90
86
77
72
76
88
94
99
107
122
131
135
135
133
134
140
147
153
158
163
170
178
175
156
121
95
82
77
78
79
95
107
114
125
122
90
65
55
55
53
54
54
50
50
57
88
112
139
147
131
101
86
86
89
90
92
94
159
158
157
158
159
158
158
158
154
149
149
150
152
149
139
130
126
127
137
143
150
152
149
147
146
146
146
147
147
145
139
134
130
130
126
117
105
100
97
93
93
99
103
109
114
119
127
134
135
135
135
136
141
147
154
158
162
167
179
183
172
140
109
89
86
92
90
98
106
108
118
116
97
83
82
81
82
87
90
89
88
88
95
116
143
158
143
108
86
86
89
90
92
92
159
157
157
160
161
159
157
155
152
149
148
150
152
146
139
137
140
145
147
147
148
152
149
143
140
139
137
137
137
134
130
127
127
127
124
120
112
104
102
101
104
107
115
122
127
129
132
135
134
132
137
138
141
148
155
159
163
165
176
187
187
162
129
103
97
103
97
102
107
109
118
121
116
117
110
108
110
117
125
129
129
126
120
129
148
162
151
113
85
85
88
90
91
92
156
156
157
161
164
163
161
160
161
162
158
159
158
156
153
154
156
157
151
145
143
147
151
148
143
139
134
132
127
122
118
116
115
115
109
109
106
103
102
102
104
107
119
126
134
136
138
136
135
135
138
138
141
149
156
162
166
167
176
189
196
180
148
116
102
100
98
101
106
110
117
123
126
132
130
127
126
130
136
145
150
148
143
141
146
157
151
114
85
85
87
89
92
93
156
158
158
162
166
166
166
167
172
176
172
173
174
172
167
161
154
149
150
154
159
163
165
163
158
152
143
136
128
122
118
114
111
109
106
107
105
106
108
108
113
119
128
136
141
141
140
138
139
141
140
140
143
151
160
166
169
171
178
190
201
194
165
130
106
96
91
92
95
96
104
112
117
122
130
127
127
127
128
139
149
150
149
148
149
155
151
117
89
87
85
88
92
94
154
158
160
163
166
168
167
169
173
177
178
176
172
165
159
154
151
152
162
170
175
174
173
172
168
163
153
148
138
132
128
124
118
116
113
114
116
121
123
124
129
136
142
146
146
143
142
141
142
145
145
145
149
155
163
170
172
172
175
188
203
203
179
147
122
108
98
94
93
91
93
99
103
105
109
112
115
117
120
130
142
148
153
159
161
167
161
128
93
88
84
88
91
94
152
155
159
161
164
166
166
166
167
169
173
166
159
153
149
150
159
170
175
178
178
174
173
173
171
167
164
159
153
149
144
140
134
130
125
127
130
135
139
138
139
143
148
148
147
144
144
145
146
151
153
153
155
161
167
172
172
170
171
183
200
203
188
164
142
127
118
114
112
108
105
105
102
102
104
108
116
124
133
142
151
158
166
172
172
176
174
140
99
84
83
87
90
93
151
153
157
158
161
164
165
164
163
163
164
159
155
155
155
159
170
180
172
178
181
179
178
176
174
170
167
165
162
158
153
148
143
139
137
138
140
142
145
145
145
148
147
147
146
146
149
151
153
156
158
159
162
165
171
174
172
168
171
179
193
201
192
174
153
137
127
124
128
128
124
121
117
117
118
125
133
144
158
165
170
176
178
178
171
175
179
148
102
80
83
86
90
92
151
153
157
159
160
161
163
165
164
163
161
160
161
165
171
175
175
174
171
177
185
187
184
180
175
172
169
164
162
159
156
153
149
146
143
142
144
146
149
149
150
151
150
150
150
154
156
158
160
163
164
162
163
166
169
174
174
169
168
180
187
194
194
181
162
148
137
133
134
131
127
131
132
133
137
141
154
167
181
186
187
189
184
177
171
175
175
150
111
87
84
86
89
91
152
155
158
159
161
163
164
164
163
162
159
161
165
172
176
177
177
177
181
185
187
186
184
180
176
172
168
164
162
162
159
157
156
154
147
146
146
150
153
153
153
152
153
156
158
160
162
164
166
166
166
165
164
166
169
174
174
169
168
175
184
196
199
190
178
167
150
143
140
134
133
138
143
149
152
156
167
180
197
204
202
201
188
178
173
177
176
155
120
96
82
84
87
89
154
158
161
160
162
165
165
163
160
160
161
164
170
174
176
176
176
177
186
187
187
185
184
182
179
176
171
167
165
165
164
163
163
160
156
154
154
156
156
157
157
158
159
161
163
164
164
166
165
164
163
161
161
163
168
173
175
170
168
169
179
195
201
201
196
186
172
162
156
148
145
149
151
154
157
165
177
188
201
210
213
216
205
190
179
179
178
162
129
101
81
82
84
86
155
160
161
160
162
165
164
160
157
157
162
164
169
170
172
173
176
177
183
186
189
187
186
184
182
180
174
170
168
167
165
165
165
164
161
160
160
159
158
158
160
164
164
164
163
163
163
162
160
158
157
155
155
160
165
173
176
172
167
167
175
188
197
207
208
192
182
171
166
162
161
163
161
161
162
170
180
189
198
210
219
230
228
210
191
181
179
167
134
99
80
81
83
85
153
159
160
159
159
161
160
157
155
156
162
162
164
167
170
173
177
180
180
186
193
194
190
186
181
179
174
170
168
168
166
166
167
166
164
163
162
162
162
161
162
164
162
158
158
162
164
160
155
155
154
153
153
156
163
172
176
173
168
167
171
181
189
208
212
192
178
167
162
166
172
176
174
173
173
174
180
188
196
206
217
232
241
229
210
190
179
168
135
95
78
78
81
83
152
155
157
156
155
155
155
154
155
158
160
161
162
166
170
173
175
177
176
184
193
195
191
186
181
177
172
169
168
169
169
170
171
170
168
165
163
165
166
165
162
158
152
148
151
161
165
159
155
155
153
151
150
153
161
171
176
174
167
167
168
173
181
201
209
193
168
154
151
158
170
178
177
176
175
176
182
186
189
191
200
216
238
239
227
203
185
166
130
91
75
77
78
80
146
148
151
152
154
153
153
154
155
157
158
159
161
165
170
172
172
171
171
178
186
191
191
186
181
177
172
168
167
169
169
171
172
171
168
165
163
161
159
155
149
146
139
139
147
159
165
162
158
159
157
153
151
153
162
172
178
176
170
165
166
170
174
188
202
198
164
148
141
146
155
165
168
170
169
173
180
181
180
177
182
196
218
231
229
211
190
162
120
81
70
72
75
77
140
140
144
150
154
155
154
155
155
155
154
157
160
163
169
172
172
172
170
175
182
186
189
188
182
177
171
168
167
167
167
168
168
167
164
163
159
154
146
137
134
133
134
138
148
158
164
165
164
166
167
162
157
157
165
174
180
177
171
165
165
169
169
177
195
203
180
157
140
134
138
146
152
158
162
166
172
173
172
171
171
178
195
213
219
208
192
161
113
74
66
69
71
74
135
137
142
147
153
156
155
154
153
154
153
153
157
162
164
166
167
167
172
173
176
179
183
183
180
177
169
166
162
159
159
161
160
158
156
151
144
136
127
121
120
121
130
140
149
153
162
170
172
172
171
166
162
162
166
171
174
177
169
163
161
167
169
170
183
200
191
183
160
132
124
133
143
146
152
159
164
167
168
168
168
173
182
193
204
202
189
157
108
67
62
64
67
69
134
136
140
144
151
155
156
154
152
153
150
151
156
161
161
162
163
163
167
169
171
173
174
174
171
168
164
162
158
155
153
151
149
148
142
136
130
121
113
111
113
116
125
137
149
157
164
171
173
174
173
168
163
161
162
166
168
168
165
159
158
161
162
165
175
187
203
212
197
155
122
117
126
132
142
150
157
161
165
165
165
167
174
184
192
194
185
155
105
62
54
57
61
64
136
137
141
145
152
156
157
154
151
151
149
150
155
160
159
158
158
157
161
162
164
165
166
165
162
159
157
155
152
151
148
144
139
136
132
123
114
109
105
109
114
115
119
133
150
159
166
170
171
171
169
166
160
155
154
157
158
158
156
152
151
151
154
158
165
172
196
223
226
182
129
104
110
119
129
140
147
151
160
161
159
163
166
172
180
184
179
153
101
56
47
51
55
58
139
139
143
147
153
156
155
152
148
150
150
150
155
158
157
155
154
152
154
155
158
158
159
158
155
153
151
150
148
145
143
138
132
127
119
109
102
101
107
114
115
111
114
128
146
158
162
164
166
164
160
158
151
146
143
144
144
144
143
144
144
143
143
146
150
155
176
205
223
196
139
100
95
104
114
128
136
141
150
152
153
159
160
163
168
174
173
149
97
52
41
45
50
53
140
138
141
145
151
153
150
147
147
150
150
150
153
156
155
154
151
148
148
150
151
152
152
151
150
148
145
146
144
138
135
132
123
113
104
100
99
104
113
121
118
110
111
121
136
149
152
153
153
150
150
145
138
132
128
127
126
126
129
135
136
133
130
132
136
139
148
174
197
186
142
102
87
90
99
115
127
133
140
143
147
154
155
157
159
162
162
141
93
47
35
37
42
47
138
137
138
142
148
150
146
144
146
151
149
147
151
154
154
152
149
146
146
147
148
148
147
146
144
144
142
143
140
134
128
122
112
103
95
100
108
115
122
127
125
118
110
115
127
134
133
133
131
127
123
116
109
106
105
105
107
110
115
123
127
124
120
119
122
123
125
144
167
163
133
105
88
82
88
99
114
123
129
133
140
146
149
153
151
152
152
136
91
46
29
32
37
40
137
138
140
145
148
149
146
142
145
149
146
145
149
153
153
150
147
144
143
144
144
144
142
141
140
139
140
136
131
123
114
108
103
100
99
108
118
125
127
130
130
124
115
113
118
118
109
102
97
91
81
73
68
69
74
80
87
94
102
108
111
109
104
102
101
99
103
117
137
138
123
107
94
82
81
86
97
109
114
122
131
136
142
147
147
147
149
136
92
45
26
29
32
35
138
141
143
146
149
149
146
141
142
144
143
144
148
151
150
146
145
142
141
142
141
139
138
137
137
137
136
130
122
112
103
95
95
101
110
117
127
131
133
137
135
130
121
115
114
107
90
77
69
61
49
39
34
41
50
58
70
81
94
96
98
93
88
84
79
73
79
87
107
120
118
113
104
92
79
75
84
95
102
112
124
128
136
143
147
145
149
137
92
44
23
26
28
29
139
140
144
148
150
147
145
142
142
141
142
141
143
149
149
144
139
138
138
138
138
138
136
136
136
134
131
122
111
101
95
92
95
110
118
121
124
126
132
139
138
132
125
121
116
106
91
75
63
55
47
43
43
48
55
61
68
76
87
92
90
85
81
75
63
51
60
78
95
112
124
120
109
100
86
73
74
83
91
103
113
121
129
137
143
146
150
135
89
42
21
24
26
27
141
143
145
146
146
145
142
141
140
139
142
142
143
146
146
142
140
138
137
137
138
137
135
134
133
130
123
112
101
93
91
94
99
109
116
120
124
126
131
135
136
133
127
124
121
116
105
95
87
81
73
65
62
65
72
74
76
79
85
86
84
81
79
75
67
63
70
88
104
115
117
115
115
113
96
78
74
75
82
94
108
114
120
129
136
141
147
132
86
38
21
23
26
26
144
147
148
146
145
143
142
142
141
139
139
142
144
145
144
142
140
137
136
135
135
136
132
131
129
124
113
98
90
87
89
98
104
106
108
113
117
123
127
129
129
128
126
125
124
123
119
114
108
102
89
81
76
78
81
81
80
80
82
83
81
81
78
74
76
83
93
108
119
118
110
107
113
114
107
91
79
71
73
86
101
109
114
122
129
136
143
129
83
36
20
22
23
25
145
148
148
146
145
143
145
143
141
139
136
141
144
146
144
141
138
135
134
133
133
133
129
127
122
116
103
87
83
84
87
98
104
103
102
105
112
121
128
128
125
123
124
123
123
124
124
122
118
110
93
87
81
80
79
78
80
82
82
84
84
81
78
78
87
100
105
114
121
118
108
107
111
107
108
98
85
70
65
75
91
105
112
121
127
132
138
127
83
38
19
20
22
23
144
146
146
145
143
143
144
142
139
137
138
139
141
144
142
138
134
133
132
132
133
131
128
121
115
108
89
74
76
82
85
92
98
98
97
101
110
121
126
126
125
124
124
122
120
119
120
122
120
113
101
95
87
84
84
83
84
86
87
88
83
78
76
80
91
104
104
112
115
112
105
104
107
100
99
96
88
71
57
63
80
96
108
118
126
131
137
124
82
38
19
19
21
22
142
144
146
145
143
144
143
141
139
138
140
138
136
137
137
134
131
131
130
129
130
130
125
118
107
98
75
63
69
78
79
85
92
96
101
105
112
119
121
121
124
127
129
125
118
112
112
116
117
112
108
101
92
90
93
93
93
92
91
87
79
73
75
82
91
98
107
112
113
109
103
101
100
93
89
91
90
75
59
58
72
90
100
113
124
132
138
124
80
35
18
19
20
22
141
141
142
142
142
142
140
139
139
140
141
136
131
128
130
131
129
126
126
124
125
127
123
115
101
87
69
64
70
76
77
84
92
98
109
110
113
117
120
122
126
130
134
129
121
111
109
115
119
115
111
106
102
101
101
101
96
93
92
90
85
82
84
89
94
101
108
111
109
108
105
102
98
92
84
86
87
77
63
58
67
86
96
108
121
131
139
126
79
31
17
18
20
21
139
138
137
137
137
137
135
134
137
141
139
136
128
124
126
130
128
121
121
119
120
123
122
113
96
79
71
69
76
78
78
86
95
104
106
104
105
109
116
122
126
128
136
132
125
117
116
123
126
124
116
114
111
109
106
100
95
94
95
97
97
97
98
98
104
111
110
112
106
105
109
104
96
88
81
80
81
74
63
57
64
82
94
106
119
129
138
124
78
29
16
17
19
20
137
139
138
134
130
127
130
134
137
139
137
133
128
126
127
125
121
118
117
115
118
122
125
113
93
83
82
87
83
79
87
94
101
108
112
113
110
113
120
125
129
135
139
140
135
129
127
133
138
133
126
125
126
127
123
113
105
103
106
113
117
118
117
115
116
117
113
107
101
102
103
101
94
85
80
76
78
75
66
60
63
77
90
101
114
127
136
121
74
27
15
16
17
19
136
138
136
133
127
124
126
131
134
137
135
131
124
122
122
122
120
117
115
114
119
123
124
115
96
88
92
95
91
87
92
99
107
117
122
123
122
121
125
130
132
136
144
148
143
137
135
141
145
139
136
137
141
143
142
138
133
132
135
140
143
142
139
134
131
130
124
112
105
107
107
102
94
88
79
76
79
79
70
63
66
79
90
102
114
125
133
118
72
27
14
15
16
18
137
138
134
133
129
123
124
131
135
135
132
128
121
117
117
118
117
115
114
115
122
125
125
115
98
91
101
102
96
92
97
100
104
110
116
117
115
114
115
117
118
119
127
131
130
128
128
129
133
130
129
132
136
140
142
145
146
149
152
152
151
149
145
142
141
139
133
124
119
120
117
107
97
91
81
77
80
80
73
66
69
81
91
104
115
124
129
114
71
27
13
14
15
16
138
134
132
133
132
126
126
133
135
134
130
125
118
115
114
116
115
114
113
116
123
127
127
117
101
94
104
104
100
97
99
97
91
88
90
88
87
88
88
88
91
92
97
101
101
104
104
103
107
110
112
115
118
122
126
133
140
144
145
143
139
134
129
128
127
126
129
125
125
124
119
113
103
94
84
79
79
80
74
69
71
83
91
103
116
122
127
114
70
25
12
13
14
16
134
126
126
130
131
127
129
134
134
131
127
123
119
116
115
117
115
111
110
114
122
127
127
121
105
99
105
107
105
99
92
84
72
63
58
55
56
64
69
73
79
89
101
103
98
95
98
102
104
102
99
101
103
106
109
113
119
121
118
118
117
113
112
112
109
105
106
108
109
105
106
111
104
95
84
79
80
80
77
75
77
85
92
104
113
121
127
114
69
23
11
12
14
16
133
124
123
127
130
130
132
136
135
130
125
124
121
118
118
118
115
110
109
114
123
126
128
121
109
105
108
110
109
98
79
60
46
38
36
41
50
64
77
86
100
118
138
142
129
118
126
137
135
123
111
113
116
116
113
109
106
106
108
111
107
103
103
106
101
93
85
80
79
76
83
96
95
90
83
81
83
82
80
81
83
90
94
102
108
117
124
113
67
21
11
12
14
15
134
127
125
130
132
132
135
136
134
129
124
124
122
120
120
120
115
111
110
115
124
125
125
121
112
111
111
111
112
102
78
52
34
27
37
56
72
88
105
114
125
143
166
174
162
152
162
174
170
155
150
154
160
159
150
139
130
128
136
138
132
123
120
123
117
107
90
61
47
47
56
70
75
85
84
86
88
84
80
82
88
95
97
99
104
111
120
108
64
20
11
12
14
15
132
130
130
132
133
134
135
135
131
125
125
125
124
122
121
121
116
111
109
115
122
124
124
122
117
119
114
111
115
112
93
63
41
32
51
80
103
116
129
132
135
150
171
181
175
173
183
190
187
177
177
182
189
191
181
166
159
159
165
170
167
158
156
159
152
138
111
60
28
25
34
45
59
84
89
91
92
84
77
82
88
98
98
98
99
106
116
103
61
20
11
12
13
15
130
125
126
127
131
133
132
131
130
128
124
123
125
125
122
118
114
112
110
115
120
121
119
118
119
121
113
109
115
123
114
94
68
46
63
91
118
133
143
146
145
153
169
175
173
172
178
189
192
185
182
190
192
192
190
180
170
171
177
183
181
178
175
171
168
165
134
62
17
13
22
39
61
88
97
102
97
82
77
85
92
96
96
101
103
108
112
94
53
20
11
12
14
15
130
125
125
127
130
130
128
126
125
122
120
120
123
124
123
119
115
112
112
114
117
118
119
119
118
117
113
108
113
126
127
119
101
82
81
96
112
127
145
148
143
146
158
165
157
150
161
180
184
173
174
181
186
188
190
183
174
175
177
183
183
181
180
178
175
166
128
63
25
22
33
54
76
98
103
105
97
86
82
87
92
94
99
101
103
111
111
82
42
18
12
12
14
15
129
123
123
126
129
128
123
121
122
119
117
117
121
124
124
121
116
114
114
116
119
122
123
122
117
114
110
107
113
127
137
141
133
121
112
109
106
109
124
130
127
134
145
150
139
135
151
168
168
156
159
162
164
167
171
168
162
163
167
170
170
168
167
173
170
156
115
65
40
44
61
84
101
107
106
101
92
85
85
89
92
92
98
100
102
109
105
72
32
16
12
13
14
15
126
120
118
121
125
122
118
117
120
120
116
115
119
124
123
121
118
116
115
118
122
125
126
123
116
111
104
109
118
130
138
145
146
142
139
128
115
107
108
110
115
129
140
140
134
143
162
164
155
149
149
147
143
143
145
144
138
137
145
148
145
142
142
154
156
142
100
64
54
71
91
112
116
108
105
94
86
85
89
94
95
93
97
98
99
104
100
66
27
12
13
13
14
15
126
120
114
117
120
118
113
113
117
117
114
112
116
121
121
119
117
116
116
117
119
122
124
123
114
105
103
112
125
134
138
142
147
148
151
147
140
132
126
120
122
136
144
140
137
156
174
165
154
152
153
149
143
140
139
137
132
127
129
132
131
128
127
138
142
129
102
80
82
101
116
127
125
113
106
92
85
88
95
99
100
97
99
96
96
103
97
59
21
7
12
13
14
15
126
121
117
119
121
118
113
113
117
118
116
112
115
120
119
117
117
117
118
115
111
113
121
123
114
102
105
115
128
136
140
143
145
147
151
152
156
153
147
140
138
143
148
145
142
156
168
161
154
156
157
154
151
151
152
152
149
143
142
148
150
148
142
141
139
128
121
113
120
131
135
134
128
118
103
89
86
92
100
105
104
98
97
92
95
105
94
51
17
8
11
12
13
14
124
121
119
121
123
118
112
113
118
118
115
110
111
117
115
113
114
115
117
113
109
110
117
122
115
104
109
118
128
137
141
142
143
146
150
151
155
155
155
154
150
149
150
151
151
158
161
156
154
155
156
155
155
157
159
162
163
160
164
171
177
179
171
161
154
149
147
147
148
147
141
135
126
117
102
90
89
98
103
105
102
95
95
92
99
103
80
39
13
11
11
11
12
13
119
117
118
120
120
115
109
111
115
116
110
105
107
111
110
107
109
111
114
112
110
110
116
121
115
109
113
122
132
140
142
142
144
148
150
150
154
153
158
164
160
156
155
159
162
167
164
155
153
153
157
156
155
156
157
162
164
162
163
173
182
188
185
174
168
169
172
171
162
149
141
136
130
122
108
96
96
103
106
105
98
90
94
97
104
100
66
28
11
10
11
12
13
14
117
114
114
115
114
109
105
110
114
113
105
100
99
103
106
107
107
106
108
107
107
109
113
115
114
110
115
122
134
142
146
146
147
148
152
155
155
155
158
163
165
163
162
166
170
170
166
160
155
156
154
153
152
152
155
156
154
152
152
157
164
168
169
165
164
165
172
171
161
151
144
137
130
122
111
103
103
105
106
101
92
88
93
103
113
96
54
18
6
14
13
13
14
15
112
109
113
112
110
106
104
107
111
112
103
98
97
101
105
105
104
101
99
101
105
109
111
111
111
109
111
119
129
138
143
146
148
149
153
156
158
158
160
164
166
166
164
166
168
167
163
157
154
153
149
148
146
145
145
144
143
142
141
143
145
145
145
146
150
155
158
158
152
150
147
140
132
121
112
106
106
106
102
95
89
90
96
110
113
85
46
18
10
12
13
13
14
15
109
109
111
106
103
101
100
104
108
110
103
97
96
100
102
103
101
98
93
97
102
108
112
112
111
110
109
115
124
131
138
144
149
151
153
155
159
161
163
164
165
166
164
161
161
159
152
147
143
138
132
131
130
129
128
128
130
129
129
131
131
130
131
134
141
145
145
147
147
150
152
148
137
124
111
104
106
105
97
90
89
94
97
106
100
64
30
15
11
11
13
14
14
15
105
107
106
98
94
93
94
98
104
107
104
98
96
98
98
99
99
97
92
93
97
105
113
117
115
111
111
114
120
126
133
142
149
152
152
152
154
158
159
158
159
159
152
149
150
147
137
131
127
119
116
116
114
114
113
112
113
115
116
120
122
122
125
130
138
141
142
144
145
152
156
150
139
124
114
106
105
102
95
90
89
94
94
94
79
42
14
9
10
11
13
14
14
14
100
101
101
94
89
88
88
92
97
102
100
96
94
95
93
91
91
91
89
89
91
100
110
115
116
114
113
114
117
121
129
138
146
153
150
149
150
153
154
153
151
150
143
139
139
134
123
120
117
111
104
103
102
103
103
103
105
106
105
106
107
107
111
120
129
135
141
143
147
155
158
151
139
126
115
109
106
100
91
85
85
91
92
83
61
25
6
10
12
11
13
14
14
14
96
98
99
93
89
87
85
87
92
96
91
89
91
91
88
84
83
83
85
86
89
96
103
109
114
117
113
111
112
117
124
131
140
148
147
147
149
151
153
152
149
146
145
142
138
131
123
119
116
112
101
99
99
99
99
97
98
99
96
96
96
97
99
104
114
122
129
138
145
155
157
150
138
127
120
116
114
104
93
86
89
94
89
76
49
16
5
16
17
12
14
14
14
13
93
94
94
91
90
87
83
83
86
88
85
85
86
87
84
81
80
80
81
83
87
92
97
103
110
115
111
108
109
116
120
123
130
139
142
144
147
150
153
153
150
146
151
148
144
136
130
125
120
116
110
108
106
103
98
93
92
95
93
91
93
94
95
99
109
119
128
137
146
156
155
146
134
123
117
115
112
99
85
81
82
86
78
58
32
10
9
18
17
12
14
14
13
11
91
91
87
88
89
86
80
79
81
82
84
82
83
85
83
82
82
82
79
81
85
90
95
102
108
112
111
108
109
116
119
119
124
132
135
141
145
147
150
152
150
146
149
150
146
141
138
130
123
118
113
110
109
107
102
97
99
102
100
98
98
101
103
109
122
135
142
151
158
164
160
148
135
123
124
118
111
97
85
82
80
80
65
39
14
4
10
16
13
11
14
13
12
11
87
86
85
83
82
80
77
76
79
82
85
82
80
83
87
88
87
85
79
78
80
87
95
94
98
107
108
114
117
119
120
120
123
127
132
136
141
146
147
144
146
152
157
149
144
145
142
133
124
120
111
108
107
108
108
108
110
111
109
106
109
116
119
127
139
146
154
164
173
177
170
154
140
127
127
122
108
98
85
81
84
72
51
22
6
10
11
11
12
13
16
16
15
13
87
88
87
82
79
77
75
74
75
81
83
79
77
81
86
87
85
83
75
73
76
82
87
86
89
97
110
116
120
121
120
117
117
119
125
132
140
147
148
145
150
158
163
157
154
150
146
138
131
127
125
123
122
123
124
122
123
124
123
120
125
133
135
139
149
156
163
173
179
181
169
149
134
122
121
114
98
90
83
81
77
58
37
16
6
11
12
12
15
16
16
15
13
13
85
86
87
81
75
74
72
69
71
75
74
72
72
76
81
81
79
76
73
76
78
81
83
82
83
88
103
112
116
116
114
112
111
114
121
128
138
146
149
148
152
159
158
156
153
150
146
140
135
131
132
132
134
134
131
130
134
140
139
137
141
149
150
152
158
166
173
181
187
187
169
144
127
119
117
109
94
86
80
74
63
41
21
11
8
14
14
14
17
19
13
13
13
13
79
81
81
78
74
71
69
67
68
70
67
67
68
72
74
73
71
70
71
76
78
79
79
77
77
79
94
101
106
106
106
108
111
115
121
127
134
142
147
150
150
152
149
150
150
147
145
143
140
139
132
131
131
131
131
133
140
146
148
148
154
161
160
159
167
175
181
191
195
192
173
147
128
116
111
101
89
83
75
62
44
23
11
9
12
16
15
14
17
17
12
12
13
12
73
72
72
75
74
70
66
67
68
67
65
67
69
71
70
68
68
68
75
81
82
81
81
79
77
78
85
93
97
98
101
105
112
117
123
130
134
136
142
147
147
146
146
147
147
145
142
142
142
142
135
129
125
128
136
140
142
142
144
147
155
161
162
161
167
178
185
194
197
192
172
147
125
108
102
90
77
74
66
49
27
9
7
9
12
15
14
13
13
13
12
11
12
11
72
64
64
71
73
67
63
64
66
64
64
66
68
69
67
65
66
69
73
77
77
76
75
73
71
71
75
80
84
88
94
100
106
114
121
129
131
130
133
141
143
144
145
148
147
143
138
136
138
139
139
132
129
133
141
142
139
138
137
144
151
158
161
161
165
175
183
191
190
183
166
141
118
97
95
86
75
66
52
31
13
6
8
10
12
13
14
13
13
12
12
12
12
11
78
61
60
66
68
60
55
56
58
58
58
59
62
62
61
61
65
69
74
75
75
74
73
71
69
67
66
67
69
75
82
88
96
104
113
117
118
119
123
128
131
134
139
141
142
141
136
133
134
136
135
134
135
139
140
136
134
133
134
139
145
149
156
156
159
167
174
177
176
169
155
134
112
92
87
83
75
58
35
16
7
9
10
11
12
12
13
13
13
13
12
13
11
10
83
66
59
62
62
54
49
49
51
52
53
54
54
55
56
58
64
69
73
73
71
70
69
67
64
63
65
63
62
65
72
78
86
96
104
104
105
107
114
117
117
119
123
127
132
136
133
130
130
132
133
131
133
135
136
133
128
126
128
131
131
134
140
144
148
153
158
158
155
153
143
124
104
87
79
78
69
46
23
9
5
10
10
11
11
10
12
12
12
13
14
13
11
10
99
80
66
62
60
56
50
49
50
48
46
49
52
54
53
55
61
63
64
63
63
64
64
63
62
61
66
66
64
63
63
64
71
81
88
90
93
101
109
110
107
105
108
113
121
127
129
128
126
125
125
129
131
131
130
127
124
124
126
125
122
123
126
129
133
138
141
139
138
138
130
112
93
80
73
62
45
29
12
5
8
12
11
12
13
12
11
11
11
12
13
12
11
10
107
92
73
65
60
58
55
56
55
50
48
47
51
52
52
53
57
59
60
59
60
62
63
63
61
60
66
66
62
56
53
51
56
63
73
77
84
91
101
103
101
100
101
104
109
114
116
118
117
116
117
122
124
123
123
123
123
125
122
122
120
118
118
118
120
124
125
125
128
128
119
102
82
70
58
44
27
15
7
5
9
12
12
13
13
12
11
11
11
12
12
11
10
8
113
102
83
72
66
63
62
62
60
52
50
48
49
51
50
51
53
53
55
53
53
57
60
60
60
59
65
66
61
51
45
42
44
47
55
62
69
79
88
92
92
92
92
94
97
100
104
106
106
105
107
114
116
112
109
111
113
116
117
118
117
114
112
107
105
109
109
112
116
113
104
86
67
55
42
26
12
6
7
9
12
13
13
13
13
12
11
11
10
10
11
11
10
8
116
106
92
84
76
71
65
63
60
54
49
46
45
45
44
46
48
47
48
46
46
48
51
55
57
58
61
64
60
50
45
43
42
43
43
49
57
65
75
81
83
85
85
86
88
89
93
96
96
94
98
106
108
102
97
95
97
99
103
107
110
107
103
97
95
96
97
100
101
98
87
71
53
42
29
17
8
8
10
12
15
13
15
13
12
12
11
11
12
10
10
11
9
8
118
110
100
91
85
78
69
65
61
54
49
45
43
43
42
43
45
43
41
40
39
40
43
47
49
50
54
59
58
51
48
47
45
43
41
44
45
50
60
70
76
80
81
82
83
82
83
84
84
82
88
97
100
94
88
85
84
85
86
94
97
97
93
86
83
84
86
88
87
82
71
58
41
29
17
11
9
10
10
11
12
12
13
13
12
11
11
11
12
12
10
9
8
7
122
114
105
95
88
81
73
69
64
56
50
46
43
42
40
41
42
41
37
37
37
39
40
41
41
42
49
54
55
51
49
48
45
43
44
44
40
39
46
58
67
73
77
78
77
77
76
77
76
74
80
87
90
85
80
77
75
75
78
84
88
86
83
78
76
77
80
80
76
68
57
44
30
18
11
10
10
10
8
10
12
13
12
12
12
11
11
11
12
12
10
9
8
6
124
116
108
99
91
85
76
72
68
60
52
48
44
42
39
38
39
39
40
39
39
40
39
38
37
36
43
49
51
48
45
42
42
43
45
45
39
34
38
46
55
60
67
67
65
64
66
70
70
67
71
74
74
71
69
67
67
68
73
78
80
77
74
70
69
70
75
72
64
50
38
30
19
10
11
12
14
11
10
13
16
13
12
12
12
11
10
10
11
12
12
10
8
5
126
118
109
102
95
88
78
72
69
65
59
56
51
48
44
43
45
43
43
42
41
39
37
35
34
34
36
42
46
42
38
36
38
42
43
44
39
33
33
38
43
46
52
50
50
50
55
62
65
62
61
62
60
58
59
60
62
65
68
73
72
68
63
61
60
61
66
60
49
33
22
18
13
7
12
13
15
12
12
16
17
11
12
13
12
11
10
9
10
12
12
9
7
4
123
117
112
110
100
89
81
72
65
65
63
63
59
55
52
50
50
51
50
49
45
39
35
34
32
31
32
36
37
34
33
34
34
33
36
39
38
33
30
30
31
31
35
35
37
41
48
56
57
54
50
52
50
50
58
60
59
59
60
62
62
56
52
53
52
50
55
46
35
19
12
10
10
14
15
16
15
13
16
15
14
14
13
11
10
11
12
11
9
9
9
7
6
5
121
116
114
113
104
91
82
72
64
61
63
65
65
62
58
56
55
54
54
52
48
41
37
35
33
32
30
32
33
31
30
32
30
28
26
32
34
31
25
23
22
20
23
24
26
28
32
37
38
37
37
38
40
44
51
54
53
50
50
51
52
48
44
45
44
45
41
32
21
12
9
10
10
14
12
13
12
12
15
14
13
13
12
10
10
11
12
11
9
9
7
6
5
4
115
112
115
116
108
95
86
77
69
65
65
65
67
65
61
59
57
56
55
53
49
43
40
37
34
32
29
31
31
29
29
30
28
23
23
29
35
33
28
24
22
21
19
19
19
19
18
18
19
20
21
21
25
30
36
38
37
33
30
29
32
34
35
38
42
44
33
22
13
8
9
10
10
13
11
12
11
11
15
14
12
12
11
10
10
11
12
11
10
9
6
4
4
3
