42
44
42
42
40
38
37
38
37
36
39
37
37
38
37
38
37
35
31
32
55
103
155
208
228
228
235
235
233
236
236
237
243
245
246
250
253
252
252
252
254
255
254
252
249
246
242
238
232
229
224
221
220
220
219
218
215
215
216
211
204
192
182
175
167
157
147
142
138
143
145
144
134
113
79
60
45
45
50
51
50
50
49
47
46
46
47
47
46
44
47
47
48
49
46
46
44
43
40
37
35
35
36
37
36
37
39
40
40
40
39
38
35
46
87
142
186
221
231
231
231
232
231
236
240
242
246
243
246
250
254
254
253
253
254
255
254
253
250
247
244
241
235
231
228
225
223
223
222
221
221
221
219
216
209
198
190
184
176
164
156
150
145
147
151
160
163
150
123
94
64
52
49
46
45
47
47
46
45
45
46
47
47
46
47
47
47
49
46
46
44
42
39
39
38
38
37
38
38
35
38
39
38
43
39
42
52
83
133
179
207
227
232
232
233
233
235
237
237
238
243
246
248
251
253
254
254
254
253
254
253
253
252
249
245
239
234
231
229
226
225
227
228
227
225
224
220
218
213
207
203
198
186
172
164
154
149
149
152
164
175
173
162
145
103
69
53
49
50
52
49
46
50
48
51
52
50
51
49
50
50
51
45
44
43
41
40
39
38
37
38
39
40
38
39
39
38
40
40
50
76
121
174
209
219
230
234
236
236
235
237
239
240
241
244
246
248
250
252
252
251
251
252
253
253
253
252
249
242
234
227
224
223
222
222
225
226
225
223
221
218
218
218
216
214
210
199
187
172
161
152
147
146
156
169
173
180
176
154
118
80
54
50
56
52
53
52
55
54
53
52
50
53
52
51
52
42
42
41
42
41
39
38
38
39
40
40
40
39
39
39
40
44
71
111
162
205
223
225
231
236
238
240
240
241
243
244
246
246
248
249
251
251
251
250
250
250
250
249
250
248
244
235
226
219
215
214
213
214
216
218
218
218
218
218
217
217
217
217
217
211
204
194
181
170
162
154
157
168
175
180
187
184
165
123
78
55
51
52
55
52
58
54
54
57
53
55
54
53
53
41
41
41
42
42
39
38
39
40
40
38
41
40
39
38
36
48
90
139
183
213
221
223
233
238
241
243
244
245
247
248
249
249
249
250
251
250
248
246
246
245
243
241
240
237
232
225
217
210
206
203
202
201
202
203
207
209
210
213
214
215
218
222
225
223
218
211
200
189
178
167
164
171
178
186
189
196
196
169
124
83
55
57
55
55
57
54
55
58
58
57
58
57
56
41
42
42
43
42
40
40
41
41
39
38
42
41
38
36
39
61
111
156
197
217
225
228
236
240
245
246
248
250
252
252
252
251
251
252
251
248
245
241
237
234
232
228
226
221
217
212
208
203
199
193
192
190
190
191
193
197
200
200
202
210
219
227
231
230
224
219
211
201
192
181
175
177
183
187
190
198
202
194
169
127
83
63
52
61
58
59
57
58
59
61
61
61
60
43
43
43
43
42
41
41
41
41
40
40
41
40
36
34
48
81
134
177
209
222
231
235
240
243
247
248
250
253
252
252
252
253
252
252
250
246
240
234
229
224
219
216
212
207
203
202
199
195
193
187
187
186
182
181
182
184
186
189
191
199
211
218
225
228
227
225
220
214
209
200
188
181
181
179
187
195
197
199
195
164
114
70
50
61
59
64
63
62
63
61
62
62
62
43
43
43
43
42
42
41
40
41
43
42
39
36
33
34
60
106
157
201
221
226
232
239
243
248
249
251
252
253
252
252
252
252
252
252
248
241
233
227
221
215
210
207
203
199
196
195
192
189
186
182
182
180
176
173
174
176
176
183
183
187
193
199
208
218
223
223
221
217
213
205
191
181
178
184
188
195
196
194
197
179
140
92
64
62
60
66
65
67
68
61
62
62
61
43
43
43
43
43
42
41
39
42
45
40
35
35
35
42
83
137
189
211
229
232
238
241
245
252
253
253
253
253
252
252
253
252
250
248
243
235
227
221
216
210
204
201
198
197
194
191
187
184
180
177
178
176
171
168
169
171
173
172
171
173
176
180
190
204
213
221
218
211
205
199
190
184
183
184
182
187
189
181
180
177
156
125
88
69
63
66
63
68
67
63
62
61
61
44
44
44
45
42
41
40
34
35
45
39
35
27
36
61
107
167
206
220
226
232
238
244
250
253
253
253
252
252
252
251
251
247
239
237
233
227
220
212
206
202
201
197
194
191
187
185
182
178
174
172
171
169
167
165
165
165
165
163
161
162
164
170
175
188
198
208
207
203
199
196
194
191
188
182
178
178
180
175
168
165
165
142
110
74
61
65
68
64
63
64
62
61
61
44
45
43
43
42
41
40
33
33
42
43
39
31
42
84
141
191
212
224
231
236
240
244
251
253
253
253
252
252
251
250
249
243
234
228
224
218
213
208
202
199
196
190
189
185
182
180
174
170
166
162
161
159
158
157
159
161
162
161
158
157
158
162
168
174
184
192
193
192
192
193
194
194
192
187
183
181
180
171
162
157
156
143
116
87
70
64
63
66
68
66
64
63
63
43
44
43
40
40
40
38
34
36
41
47
40
38
57
114
177
213
220
230
236
240
243
246
252
253
253
254
253
252
251
248
245
236
226
220
216
211
207
203
200
195
191
187
185
182
179
174
168
162
160
158
157
154
152
152
153
155
155
155
152
150
153
158
162
168
175
181
184
186
188
191
194
196
195
193
190
188
182
169
158
150
148
140
120
96
76
61
59
67
70
66
65
65
64
41
41
41
39
39
39
38
39
41
41
43
37
50
89
146
198
220
227
234
236
240
244
250
252
253
253
254
253
252
250
245
239
230
221
215
211
206
201
199
195
190
185
185
183
181
177
170
164
159
158
158
159
157
155
151
150
150
150
151
148
146
149
155
159
164
171
178
181
184
186
189
193
197
198
198
196
192
184
171
159
151
146
137
121
102
80
59
57
65
68
64
65
66
64
39
39
41
39
39
40
40
42
43
38
34
37
72
124
177
211
222
229
232
232
236
244
251
252
253
253
254
252
250
246
238
231
223
216
210
207
202
196
192
189
184
179
181
178
173
169
163
158
156
157
158
160
160
156
152
149
148
150
149
147
144
146
150
153
157
163
169
172
177
180
185
191
198
201
203
199
195
186
173
162
154
147
136
125
109
86
62
56
63
67
65
66
66
65
40
40
40
40
40
41
42
41
39
35
31
55
103
157
199
219
222
222
226
226
230
240
248
251
252
253
254
250
247
242
232
224
218
212
206
205
200
192
185
183
179
176
174
170
165
162
159
155
155
157
160
162
163
158
153
149
149
152
149
147
144
145
148
148
150
156
159
162
166
171
179
191
201
206
205
200
195
185
173
161
153
146
138
131
118
96
69
57
60
65
64
65
65
64
40
41
41
40
39
42
43
38
35
39
51
90
141
184
211
221
222
216
219
221
226
234
240
248
252
253
253
248
243
237
227
220
214
207
202
201
195
187
181
178
175
172
168
164
160
159
157
155
154
156
159
161
161
159
155
152
151
152
147
145
144
145
148
147
148
152
153
153
156
161
174
191
203
210
207
202
195
186
173
161
152
148
142
137
125
106
80
60
58
65
65
65
64
63
40
40
42
40
38
42
43
34
33
45
75
122
171
204
215
219
222
214
215
219
225
229
234
244
252
253
252
245
240
232
224
217
209
202
199
197
191
182
175
172
169
166
165
160
157
157
157
155
153
153
154
157
159
158
156
154
153
152
146
144
142
144
148
147
146
149
149
147
148
157
172
193
206
212
208
203
198
189
175
161
154
151
146
139
128
111
90
67
59
64
66
65
63
63
42
42
42
40
41
43
41
37
38
69
113
165
195
208
216
220
219
216
215
218
221
224
232
242
249
249
248
243
235
227
223
217
209
200
195
192
186
179
173
170
167
163
161
158
158
159
156
152
150
148
150
150
151
153
154
153
152
151
143
141
140
144
145
144
144
145
143
144
148
157
169
184
196
203
201
202
196
190
180
167
158
151
144
142
131
119
100
73
62
63
67
63
61
63
42
41
41
41
43
43
41
46
63
100
149
189
208
215
218
219
217
215
211
214
216
219
226
235
241
244
243
240
232
226
222
216
205
195
193
190
184
177
172
169
166
162
161
157
157
158
154
150
148
146
144
143
144
144
146
148
149
148
143
140
140
142
142
139
139
140
138
141
146
154
165
175
186
191
194
196
193
192
184
172
164
156
147
146
135
126
108
79
64
66
68
63
61
63
42
40
41
43
43
37
37
62
100
142
180
205
215
220
219
220
219
216
209
210
212
215
219
225
231
234
236
232
228
225
221
214
201
192
191
188
182
176
172
170
166
162
160
156
155
155
151
148
146
144
142
140
139
138
140
142
144
144
141
139
138
139
138
136
134
135
135
138
144
151
160
169
177
181
185
187
187
188
185
176
167
158
152
150
138
130
113
84
65
66
66
62
61
65
41
40
40
40
38
32
39
81
131
172
198
209
215
219
218
215
214
210
208
207
209
212
214
217
221
225
227
227
226
222
218
211
199
190
188
185
179
174
172
171
167
162
158
155
152
152
148
145
144
143
142
140
136
135
135
137
140
141
137
136
136
136
135
132
132
133
132
135
139
147
155
163
171
174
179
180
180
184
184
177
171
162
158
156
141
129
115
88
67
65
64
63
63
66
41
40
41
38
35
38
57
108
158
191
205
209
213
216
215
211
209
205
206
205
207
209
210
211
213
217
221
222
222
219
214
205
197
191
187
183
177
172
169
169
165
160
157
152
149
148
146
143
142
142
139
136
132
131
131
133
135
136
133
133
133
133
132
130
130
131
128
129
131
138
147
157
165
170
173
175
176
183
185
181
175
167
161
161
147
133
119
96
74
65
63
64
65
66
42
41
42
38
34
48
80
134
177
200
202
203
207
208
210
207
207
205
204
203
205
206
207
207
211
214
218
219
219
215
208
202
196
192
188
183
176
171
168
167
162
158
155
149
145
145
141
139
138
138
137
133
130
128
127
128
129
131
129
129
129
129
128
127
127
128
127
128
128
133
142
152
162
167
171
174
177
182
185
180
175
168
161
162
152
139
124
103
82
66
60
62
64
64
41
41
38
37
41
68
110
157
186
199
200
202
205
202
204
201
201
200
202
202
202
202
203
205
208
210
213
214
212
208
203
198
194
191
188
183
176
169
165
163
159
154
151
146
143
141
138
135
134
133
133
130
127
125
124
125
126
126
124
124
124
124
123
123
123
124
126
126
127
130
136
145
154
160
165
169
171
176
177
174
170
166
162
161
154
144
129
109
89
70
61
62
63
62
41
41
35
42
57
99
144
181
196
197
196
200
203
198
202
199
199
200
200
200
198
199
200
202
205
207
209
208
206
202
198
196
193
190
184
180
172
166
161
159
155
151
148
144
141
139
136
132
130
129
127
125
123
121
122
122
124
124
120
120
120
120
120
120
121
121
122
123
124
125
129
136
145
151
156
160
163
168
169
168
168
166
165
161
154
147
131
111
93
74
67
65
63
61
36
32
34
48
78
125
169
194
200
197
199
202
201
197
197
198
197
197
197
196
194
194
195
197
199
200
202
200
200
200
199
197
192
185
175
170
164
161
161
158
152
147
145
141
139
137
132
129
129
127
125
123
122
120
120
121
121
121
120
120
119
120
120
120
120
120
121
122
122
122
124
130
139
144
150
154
161
167
167
164
163
164
165
160
154
145
130
112
93
72
63
65
69
65
33
36
48
73
110
153
186
199
201
199
195
198
198
194
193
193
193
194
193
192
193
192
195
195
195
195
195
194
195
197
197
195
189
181
171
166
160
158
157
155
149
144
141
138
135
133
128
127
127
126
123
122
120
118
119
119
119
119
121
120
119
119
119
118
118
118
119
119
119
120
123
129
137
141
146
151
158
163
163
160
160
163
165
160
153
145
131
115
97
75
63
62
66
65
33
48
77
112
150
181
202
204
200
199
194
196
195
190
189
190
190
190
190
190
190
192
193
194
193
192
189
188
189
192
193
190
184
176
165
160
155
153
151
150
144
139
138
135
132
130
126
126
126
125
123
121
119
118
117
118
118
118
120
120
120
119
118
117
116
116
117
117
116
117
119
125
132
136
141
146
153
159
158
155
157
162
162
156
149
141
132
118
101
80
62
60
64
65
41
71
111
146
176
195
205
201
196
196
193
194
191
187
187
188
189
189
188
188
189
189
190
191
190
190
188
185
185
185
184
180
175
168
158
154
149
146
144
143
138
135
135
131
129
127
125
124
125
124
121
120
118
117
117
118
119
120
119
120
119
119
118
117
116
116
116
115
114
114
116
121
126
129
133
140
148
154
153
150
152
158
157
152
145
140
133
123
106
85
64
60
64
66
57
97
137
168
191
199
199
193
192
195
192
191
186
183
185
186
186
187
186
186
185
185
185
185
186
186
185
182
180
179
175
171
165
158
152
148
143
140
137
137
133
131
130
127
125
124
122
121
121
121
120
119
117
116
116
118
119
119
118
118
118
119
118
117
117
116
115
114
113
112
114
118
122
124
129
134
142
148
148
145
148
153
154
150
144
140
135
128
112
90
68
63
65
67
72
113
149
179
197
200
195
189
191
195
192
190
184
182
183
185
184
184
185
184
182
182
180
180
180
181
182
179
177
175
170
165
158
151
146
143
139
134
134
132
129
128
126
124
123
124
121
120
121
120
119
118
117
116
116
116
117
117
117
117
117
116
116
115
115
114
113
112
112
111
113
115
119
121
125
129
137
143
143
140
142
147
150
147
141
138
134
129
116
94
69
62
62
65
90
130
159
181
196
199
193
190
193
195
191
190
186
183
184
183
182
182
182
182
181
180
178
177
177
176
177
175
173
170
164
158
152
146
141
138
135
131
130
128
125
124
122
121
122
123
122
120
120
118
117
116
115
115
115
115
115
115
115
116
115
114
114
113
113
113
111
111
110
110
110
112
115
117
121
122
130
137
138
136
138
143
144
142
136
132
129
129
118
99
73
62
60
61
107
147
167
181
193
197
193
192
196
195
192
191
188
184
183
181
178
179
177
179
180
179
178
176
176
175
173
170
167
162
155
150
145
140
136
134
131
129
127
125
122
120
118
117
119
120
120
118
117
116
116
115
114
114
114
115
114
114
114
115
114
113
113
112
114
114
110
109
109
108
108
109
111
113
116
118
124
131
134
132
135
140
140
138
132
128
127
128
120
102
82
69
62
61
125
157
168
177
185
189
189
190
194
194
189
191
188
182
180
179
177
176
176
177
178
178
176
175
172
169
167
164
157
150
148
143
137
134
131
128
126
124
122
119
117
116
114
113
114
115
115
115
115
115
114
114
113
114
113
113
113
113
114
113
112
111
111
112
112
112
107
108
108
108
108
108
110
112
112
116
122
128
132
132
133
135
136
137
134
130
130
130
121
110
89
73
62
62
128
159
166
175
182
188
188
186
188
188
189
190
187
181
178
176
174
172
173
175
177
175
171
169
167
165
163
159
150
143
140
138
134
131
128
126
124
122
120
118
116
115
114
112
113
113
112
111
113
114
114
114
114
114
114
113
113
113
115
114
113
112
111
111
111
111
108
108
108
108
108
108
108
110
110
113
119
125
129
131
132
133
136
136
133
130
131
133
125
116
91
71
60
63
123
150
159
168
178
188
189
185
185
183
188
190
188
182
178
175
172
172
174
176
179
177
172
168
165
164
162
158
150
143
140
138
135
132
128
126
123
122
121
119
117
114
114
113
113
113
111
111
113
114
113
113
114
114
114
113
113
113
114
113
112
112
112
111
112
111
107
107
107
107
107
107
107
108
109
110
115
121
126
129
130
133
134
134
131
129
131
133
124
114
93
71
59
64
117
142
154
161
174
187
190
186
185
183
187
190
189
185
180
176
172
173
175
179
181
179
174
170
167
165
164
159
154
149
144
141
137
133
129
127
125
123
122
121
120
117
115
114
116
116
115
115
116
116
114
114
115
116
116
115
114
114
113
113
112
112
112
112
112
111
105
104
104
105
105
105
106
106
108
108
111
117
122
126
127
128
130
130
128
128
130
129
120
109
93
72
60
64
121
144
152
159
169
181
185
183
182
181
186
189
188
185
181
176
172
172
173
176
178
177
173
170
166
164
162
157
153
149
143
140
136
131
129
128
125
123
124
124
121
119
118
116
118
120
120
119
119
117
117
117
118
120
119
118
116
116
116
116
114
113
111
110
109
109
104
103
103
103
103
104
104
105
106
105
108
113
119
122
124
124
125
126
126
126
127
126
118
109
93
75
63
64
122
148
152
157
162
172
177
175
179
181
182
186
186
184
181
175
171
171
171
172
174
173
171
169
165
162
161
155
152
147
141
138
136
131
130
129
128
125
125
126
124
121
120
118
119
120
121
120
118
116
117
117
119
120
120
117
115
115
115
115
115
113
112
111
109
109
107
106
105
104
103
102
103
104
105
105
108
113
118
120
121
123
124
124
123
121
122
121
116
110
97
78
66
65
121
150
155
158
160
166
168
170
175
178
178
181
181
181
179
174
171
171
170
171
171
170
168
166
164
161
161
154
152
148
141
140
140
134
134
134
131
128
127
128
126
124
122
119
119
120
119
118
117
116
116
116
118
119
119
116
114
112
113
114
115
115
114
112
111
111
109
108
107
106
103
102
102
104
105
106
109
114
117
118
119
120
122
122
121
118
119
119
117
111
100
78
65
65
124
155
160
163
163
167
167
167
171
172
173
176
177
177
177
172
170
171
170
170
170
168
165
163
162
161
158
153
152
149
143
142
141
135
139
138
135
130
128
129
127
125
122
120
120
119
117
117
118
117
117
118
119
120
120
116
113
112
113
115
117
117
114
113
111
110
109
109
108
107
104
102
103
104
105
106
109
113
115
115
116
117
119
121
121
119
121
122
121
117
101
76
60
63
128
160
162
163
168
167
164
165
168
170
170
171
173
173
173
170
168
168
168
168
167
165
164
162
160
158
156
155
154
152
147
145
143
141
139
138
134
130
130
131
131
129
126
125
122
120
118
116
117
118
118
118
119
120
120
118
115
113
115
116
118
118
116
114
111
110
110
109
108
106
105
105
106
106
105
106
109
112
115
115
115
115
116
119
124
123
118
118
119
113
101
83
68
72
130
163
164
164
163
162
159
161
168
172
171
173
174
173
173
170
169
169
167
167
166
164
164
162
161
158
158
158
159
158
154
151
149
146
143
142
140
136
135
135
135
134
130
128
126
124
121
119
118
119
119
120
121
122
121
120
119
118
121
120
120
119
116
113
109
108
108
108
107
107
106
107
107
108
106
106
107
111
114
115
114
114
116
118
123
125
119
114
113
115
114
112
106
102
126
159
162
159
157
157
155
156
163
170
170
172
171
171
171
169
169
169
167
166
165
164
164
164
163
161
160
161
163
162
158
155
152
148
146
147
145
143
141
139
137
136
133
132
130
128
125
122
120
120
122
123
125
125
125
124
124
124
124
123
122
120
118
114
110
108
108
108
108
108
107
107
108
109
108
106
107
111
114
114
114
114
114
114
119
124
120
112
113
123
144
164
171
156
111
151
163
156
154
154
152
151
157
161
164
166
167
167
167
168
167
168
168
167
167
165
165
164
164
163
162
164
166
163
157
153
150
147
147
148
148
146
144
141
137
133
134
133
131
129
127
124
122
123
124
126
128
129
128
127
127
127
126
126
124
121
119
116
113
112
113
113
114
113
112
112
113
114
112
110
110
115
117
117
116
117
118
117
119
123
121
112
113
125
158
189
203
186
104
154
165
156
151
152
151
149
153
155
158
161
164
165
166
168
170
170
169
169
168
166
163
162
162
162
163
163
165
161
153
149
147
146
145
147
147
146
144
140
137
132
131
131
129
128
126
123
122
123
123
126
129
130
129
127
128
128
129
128
125
122
118
115
115
117
118
117
116
114
113
113
114
115
113
112
114
118
119
117
116
116
117
117
120
124
126
118
117
126
142
165
179
177
90
134
158
152
151
154
153
152
152
152
156
160
164
165
166
170
173
175
173
173
171
166
162
160
161
161
162
161
159
154
147
145
145
144
143
144
144
142
141
139
135
131
128
128
127
125
123
122
121
121
123
126
130
132
130
129
126
125
128
126
124
120
116
114
116
120
118
116
114
112
111
112
112
113
113
115
119
122
122
120
118
116
115
117
120
127
130
124
121
124
126
131
142
154
95
139
157
152
151
153
152
151
152
153
159
163
166
166
167
171
175
177
178
178
174
170
166
165
165
166
165
161
157
152
147
145
144
141
142
142
140
138
137
136
133
130
127
126
125
123
121
119
119
119
121
124
128
131
129
126
122
121
120
120
119
116
112
109
108
108
108
106
103
102
101
101
100
100
103
109
117
124
129
131
129
126
123
122
124
130
129
122
117
114
117
116
123
138
92
137
166
158
153
148
144
146
152
156
161
166
168
167
167
171
175
177
184
183
179
175
171
171
172
173
171
166
160
156
152
150
147
143
145
143
138
135
134
134
132
130
127
126
126
124
122
119
117
117
118
122
125
127
125
121
118
116
114
114
114
114
108
101
93
90
87
85
82
80
80
79
78
77
80
90
102
115
127
135
136
132
128
123
126
131
127
119
114
109
112
116
124
133
74
125
163
170
160
149
144
142
148
158
163
164
171
168
164
165
170
180
185
188
185
180
177
178
182
181
180
172
165
161
160
157
151
143
142
140
137
134
133
130
127
127
124
123
121
118
118
117
117
114
114
116
119
120
117
115
115
115
109
103
103
101
96
85
72
68
62
59
59
57
52
49
47
45
48
59
75
93
112
126
131
133
129
128
129
131
130
120
110
106
109
115
120
130
100
118
156
165
161
149
143
143
150
157
165
167
173
169
165
167
171
178
185
190
190
189
190
188
188
183
176
167
159
156
154
149
142
133
128
127
126
126
125
124
121
121
116
116
115
114
114
116
116
114
112
112
115
113
110
108
106
103
95
87
81
72
64
56
45
42
40
37
34
32
29
27
26
25
30
36
47
63
79
94
108
121
129
131
132
134
133
122
112
107
111
118
120
125
166
154
157
161
160
150
142
142
148
159
168
173
175
170
170
171
173
181
189
194
196
197
197
193
186
173
161
149
140
138
135
128
119
112
111
110
109
110
110
109
107
105
109
110
111
112
113
115
113
111
110
109
109
108
103
98
92
86
79
67
54
43
35
32
25
24
25
22
19
19
20
21
23
23
26
26
31
41
51
61
81
101
118
124
133
139
136
125
114
111
121
123
120
121
205
189
173
162
156
150
145
144
149
163
171
178
180
176
177
176
180
190
197
200
199
199
197
188
170
153
128
113
101
99
96
89
82
77
75
75
76
77
79
81
83
85
93
98
104
108
110
110
109
106
106
107
106
104
98
90
82
74
64
53
41
30
26
26
23
23
22
20
19
22
27
32
34
37
41
39
40
45
47
47
60
79
103
116
132
142
140
129
120
117
127
126
122
121
202
191
188
169
158
150
149
150
153
165
173
181
183
183
184
183
187
198
201
200
193
188
180
163
139
117
92
78
67
63
60
54
48
45
40
39
40
42
44
48
53
58
69
78
89
97
101
103
102
100
101
101
101
98
92
86
78
72
65
56
48
41
39
41
38
38
33
34
34
38
45
49
51
54
57
55
54
56
54
51
55
65
88
107
128
141
141
130
120
117
123
127
128
124
189
186
193
180
163
151
150
153
156
161
176
185
188
189
189
188
193
198
199
191
175
162
148
126
100
80
62
51
43
42
39
35
30
27
25
25
24
23
24
28
36
42
57
67
80
88
92
94
95
94
95
95
95
92
87
83
80
76
71
65
62
60
59
59
55
56
55
58
57
59
64
66
65
70
71
68
65
65
65
63
65
71
84
103
126
141
143
132
120
115
119
129
134
124
163
174
187
184
166
150
147
148
154
162
180
190
193
194
192
191
194
191
185
169
145
128
113
95
78
63
49
41
37
39
38
34
32
30
29
29
29
28
30
34
41
47
60
69
78
84
87
91
92
92
94
94
93
89
85
83
81
77
71
66
64
62
60
58
53
56
60
62
60
59
63
62
62
67
68
67
66
69
72
75
76
79
88
105
127
143
147
138
124
115
118
128
135
126
138
158
177
178
162
149
145
141
154
168
183
194
197
195
192
193
194
182
162
142
114
97
86
76
67
61
60
54
54
55
56
55
55
53
50
49
48
47
47
50
55
59
65
71
77
81
85
90
92
93
95
95
94
90
85
83
80
75
70
63
61
58
53
47
42
45
49
51
48
46
49
49
49
55
55
56
58
64
73
76
79
83
86
101
121
138
146
139
124
112
111
121
135
133
132
145
161
165
167
154
142
139
153
173
190
195
197
196
192
194
190
175
144
118
96
87
81
74
73
72
74
70
70
67
70
70
65
64
61
59
55
52
55
61
65
66
69
71
74
78
81
85
91
96
99
99
94
87
86
84
78
72
62
56
50
44
39
33
29
30
35
36
35
38
43
43
43
45
47
47
49
58
71
77
80
83
86
99
118
139
149
138
119
105
102
106
132
138
139
140
144
153
159
152
145
146
159
176
190
194
196
196
195
194
183
160
135
109
87
82
80
76
74
72
66
61
59
57
55
52
47
48
50
52
54
52
52
55
60
63
64
62
63
70
76
82
91
100
107
107
101
92
87
80
71
63
53
47
41
36
33
27
23
22
29
31
33
39
49
52
46
42
40
38
37
44
55
66
76
83
88
100
117
139
148
135
115
100
95
99
125
134
157
154
150
151
154
150
151
154
160
173
188
196
201
201
197
191
175
150
121
103
93
91
86
75
63
54
47
38
33
31
32
35
37
43
42
47
51
52
50
52
55
57
58
56
59
66
73
79
93
106
115
115
108
97
89
78
65
58
52
46
40
36
34
29
24
22
23
28
34
50
70
76
64
55
45
41
37
38
47
57
68
80
88
98
115
136
145
135
116
100
92
94
117
131
166
165
161
154
150
153
162
164
164
173
186
196
200
201
195
182
165
142
120
108
101
95
80
62
48
40
28
19
15
15
25
41
54
66
69
66
59
53
49
49
51
52
52
54
60
67
71
79
97
114
125
125
118
105
92
78
65
60
54
50
45
43
39
34
29
25
22
25
35
60
86
89
76
64
60
57
52
54
58
63
71
80
87
98
114
133
143
140
125
107
94
93
112
130
172
173
167
160
153
156
170
174
171
175
191
196
199
201
195
178
156
134
118
108
98
87
66
47
38
33
30
25
20
16
26
49
70
86
96
89
79
68
61
57
54
53
55
59
65
71
75
88
108
125
134
134
128
114
98
79
65
61
58
56
55
53
50
43
38
35
35
35
42
64
85
84
71
64
67
71
74
79
84
85
87
91
95
105
117
131
141
146
136
117
97
94
108
129
178
168
156
156
148
147
163
175
173
176
191
200
203
201
192
172
151
131
117
104
89
77
61
50
46
42
44
42
35
25
30
52
76
93
103
98
88
79
71
66
63
61
64
65
68
72
81
98
117
131
139
139
133
120
103
82
66
61
63
63
64
64
61
56
51
49
53
50
52
65
78
75
66
65
75
81
90
99
106
107
107
110
111
119
126
134
141
149
143
124
104
97
109
130
172
150
136
134
130
137
162
175
172
176
186
198
201
196
186
169
151
132
117
101
85
76
70
70
72
71
70
67
60
50
52
69
87
100
103
94
81
71
66
65
66
68
68
67
69
77
89
106
125
139
149
146
139
126
109
88
72
65
64
67
68
69
67
63
59
57
62
63
62
67
76
76
74
76
84
88
94
103
111
113
115
119
124
126
130
135
140
148
145
127
111
104
112
133
171
141
129
124
125
145
174
183
174
177
187
198
197
192
187
177
159
138
124
114
109
109
109
110
110
108
103
97
91
83
81
86
89
91
85
77
70
67
67
68
68
66
69
69
76
88
102
118
139
156
163
157
146
132
115
94
78
72
67
68
69
70
70
68
64
62
69
72
73
75
82
84
86
90
90
90
91
96
103
108
113
119
126
125
127
134
137
143
141
127
116
109
114
133
165
133
123
126
133
165
196
193
183
180
186
192
195
194
189
180
169
154
142
140
141
145
150
153
148
140
129
120
110
100
92
88
87
85
78
76
73
69
70
70
66
71
78
82
88
101
118
136
156
171
172
163
149
136
122
106
89
78
71
68
70
69
68
70
68
67
70
74
76
77
80
84
86
86
82
83
86
92
100
107
112
114
121
126
131
136
140
142
137
129
123
121
126
132
160
127
124
128
146
184
211
203
187
179
185
190
193
194
192
185
176
168
168
169
171
171
170
169
163
155
138
127
112
101
92
88
88
87
83
80
78
75
73
70
72
83
95
97
100
112
130
149
169
177
174
163
149
137
124
112
101
89
77
72
71
70
70
75
76
75
75
79
80
80
81
82
83
85
88
90
95
100
106
111
114
115
122
127
132
135
140
141
135
125
130
132
138
139
159
125
118
125
158
197
215
205
186
176
184
190
192
195
196
188
183
181
184
185
183
176
168
164
160
153
143
131
117
106
97
93
92
90
87
83
83
82
82
83
89
105
113
112
111
122
141
164
182
183
177
163
148
134
121
115
107
95
86
78
76
74
76
81
80
78
78
82
84
84
85
85
88
92
97
100
104
109
111
113
113
114
118
124
128
131
134
135
129
120
125
135
147
148
166
132
114
121
161
199
208
198
183
172
182
190
190
192
194
187
182
184
189
190
187
175
164
159
155
149
141
133
124
115
108
102
98
93
90
82
82
88
94
100
107
118
120
118
121
133
150
174
191
189
182
165
150
134
120
115
111
101
93
87
84
80
81
84
81
79
81
84
87
90
93
94
97
103
104
108
111
112
112
111
112
113
115
119
122
124
127
129
123
114
121
134
151
152
175
142
123
125
160
194
203
197
184
173
180
189
189
187
188
183
182
184
188
190
190
183
175
171
166
159
149
143
136
127
118
109
103
98
95
91
93
98
105
113
115
119
119
121
130
145
159
178
192
190
180
164
148
134
119
115
114
107
101
95
93
88
85
87
85
84
87
90
93
96
100
103
106
109
112
113
116
114
110
109
111
113
113
117
120
122
126
127
122
113
119
131
145
146
183
155
142
141
162
189
201
199
188
175
177
187
187
185
184
182
185
186
185
185
186
185
183
183
181
176
167
160
150
139
128
118
113
110
105
104
109
112
114
120
121
120
121
129
142
156
167
177
188
186
177
161
146
133
120
114
113
109
108
104
102
95
91
93
95
96
99
103
105
107
109
110
111
114
115
115
115
114
110
109
110
113
113
116
119
122
126
126
120
111
115
125
137
139
191
179
176
172
173
186
195
192
184
174
174
183
186
185
182
180
184
184
181
177
179
182
185
188
189
186
174
167
158
149
140
134
132
130
124
122
126
124
123
128
131
130
134
146
155
163
171
178
186
184
175
160
145
136
127
119
116
114
115
111
110
102
97
100
103
107
111
116
118
119
120
119
118
119
119
118
117
117
116
115
114
114
115
116
116
117
121
122
115
107
112
121
132
133
198
204
212
204
191
189
188
179
175
169
169
178
184
186
182
177
179
177
172
170
170
176
181
184
183
180
170
164
159
155
151
150
150
148
150
143
142
138
135
141
145
145
150
162
167
168
174
180
188
185
169
155
141
135
130
121
117
116
118
115
114
107
102
104
107
110
115
122
126
125
125
125
124
124
124
122
121
122
124
123
120
117
117
115
112
110
114
117
112
103
111
118
125
122
204
219
232
222
205
189
178
174
169
161
164
171
182
186
180
176
175
173
169
170
170
174
179
182
179
173
166
165
159
158
158
154
149
153
155
147
144
143
149
156
157
158
163
167
176
176
178
187
186
185
170
153
139
134
128
123
118
113
114
117
112
104
102
103
106
113
120
122
124
125
124
123
124
125
124
123
123
124
126
126
124
124
122
118
110
108
110
113
113
107
114
117
124
120
206
221
229
212
198
190
183
178
171
165
160
166
175
179
177
172
172
170
170
170
171
173
173
173
172
171
170
174
171
165
163
159
155
158
157
152
149
150
156
164
164
165
165
167
174
176
180
188
186
183
172
157
143
135
130
127
121
113
110
107
101
98
99
104
106
111
114
117
119
121
121
121
121
122
120
120
119
121
122
124
123
124
121
116
107
105
109
114
117
114
117
122
129
118
210
231
226
199
185
187
186
182
178
171
162
164
172
177
174
170
168
167
171
171
171
172
169
168
172
177
180
187
183
172
166
161
158
159
159
155
153
152
157
161
159
162
161
164
171
174
180
186
183
181
173
160
147
137
129
127
123
115
108
100
95
94
97
99
105
107
108
111
114
118
119
119
118
118
117
118
117
117
118
120
122
123
118
114
106
104
109
116
122
121
120
124
129
113
210
236
223
186
167
174
177
177
179
178
169
167
172
176
173
168
166
165
171
172
173
173
174
179
187
193
194
197
191
176
167
160
156
155
155
153
151
147
146
145
141
145
154
162
169
171
176
183
183
181
170
159
148
137
127
124
123
119
114
106
102
99
93
94
100
104
104
107
112
116
119
119
118
116
116
116
115
114
115
115
117
118
115
113
106
105
110
117
124
123
120
119
121
101
199
224
208
171
152
156
158
162
174
181
176
170
170
172
170
165
163
164
167
170
171
172
178
189
197
201
197
193
183
172
161
154
149
147
148
147
144
138
133
126
124
133
151
167
175
172
175
182
184
180
169
155
144
136
128
125
125
124
121
114
110
106
96
91
96
101
100
103
108
114
118
118
117
116
114
114
113
112
111
110
111
112
113
111
105
104
109
115
119
116
114
109
112
94
180
203
185
160
147
146
146
154
173
185
178
171
168
169
167
164
163
163
166
169
171
173
180
191
195
194
185
175
166
159
152
147
143
141
139
137
133
126
119
111
112
128
156
179
185
176
176
181
182
176
168
152
139
135
132
130
130
127
126
120
116
111
102
95
94
95
95
98
103
108
112
114
113
113
110
110
111
110
108
108
107
107
110
108
102
103
107
111
112
108
100
97
111
104
151
182
175
164
157
154
153
163
176
183
178
171
166
166
165
164
163
163
168
171
173
176
181
186
184
180
170
161
155
150
147
143
140
137
131
127
120
114
109
100
107
129
163
186
190
181
178
178
175
168
159
146
136
133
130
131
132
130
128
125
120
116
109
99
92
91
92
94
97
101
104
106
107
107
106
106
107
106
105
104
103
103
105
104
100
103
108
110
108
101
88
83
107
116
123
165
180
176
172
167
168
176
179
177
179
171
166
164
163
163
162
161
164
166
170
173
176
174
170
164
157
150
146
143
139
138
134
131
124
117
109
104
102
97
106
132
167
188
190
181
178
174
170
161
150
142
137
131
126
129
132
131
129
130
126
120
114
101
90
88
91
92
94
96
98
100
102
103
103
104
104
103
101
101
99
99
100
101
99
105
111
111
106
96
85
72
98
115
92
137
170
185
184
176
182
186
183
177
176
172
167
165
163
161
159
157
161
163
166
169
168
163
157
154
149
144
141
139
135
130
124
119
112
105
103
98
91
90
105
135
167
185
189
177
171
168
157
148
143
134
130
127
121
122
129
131
129
131
129
124
113
98
90
90
93
93
93
92
94
97
100
100
98
102
101
100
100
98
98
97
98
98
103
108
113
113
102
89
79
67
84
103
60
91
134
166
182
179
176
174
174
176
178
176
171
167
163
159
158
157
160
162
165
166
163
157
150
147
142
137
133
130
126
121
116
111
105
100
100
95
91
94
113
139
167
179
175
161
157
153
144
138
133
124
120
118
114
117
121
119
118
119
120
117
107
96
92
93
92
91
89
88
90
94
96
96
96
99
97
94
94
93
93
95
99
101
105
108
112
111
96
77
71
62
74
85
47
58
90
123
149
155
153
148
154
168
180
179
175
170
165
159
158
158
158
161
165
163
157
150
143
140
134
129
125
121
116
113
107
102
98
96
95
92
91
98
115
139
160
167
160
148
143
138
130
126
119
114
111
110
107
109
111
108
107
103
104
104
97
91
92
93
94
91
88
86
88
92
94
94
95
97
94
90
90
90
91
95
97
100
104
108
113
115
106
94
88
73
67
67
48
51
64
78
98
115
121
117
128
156
176
182
177
174
170
162
160
159
160
163
165
163
154
146
139
136
131
125
122
117
112
107
102
96
95
93
92
91
91
95
109
127
140
143
137
126
121
115
109
108
104
101
100
98
98
100
97
90
83
75
76
83
84
87
93
94
97
94
90
88
88
90
92
92
96
97
94
90
88
89
90
95
99
97
97
102
107
113
120
123
110
84
65
64
52
52
51
51
64
78
84
80
99
141
170
180
177
176
173
166
164
160
159
163
164
160
151
142
136
132
128
123
119
114
108
102
97
92
93
90
89
93
95
95
104
116
124
122
108
92
84
80
79
85
90
89
89
90
93
92
83
71
54
46
50
63
76
89
99
100
97
95
93
90
87
86
87
89
91
95
93
90
88
88
89
92
97
96
99
104
106
108
109
109
98
78
62
65
55
54
48
49
54
54
48
46
75
125
164
180
177
175
174
168
166
162
157
160
160
155
146
139
132
130
125
119
115
110
103
97
92
88
89
89
89
96
101
101
110
119
123
114
89
63
52
47
52
63
73
79
84
86
84
79
71
64
51
46
51
63
78
93
100
99
96
95
94
91
87
83
84
86
88
92
93
90
88
86
88
91
92
97
104
110
110
106
92
77
75
67
62
63
53
51
50
51
55
48
39
38
64
112
155
177
178
175
174
169
167
160
155
158
157
152
143
137
131
128
122
117
110
104
97
92
89
87
90
93
93
101
107
112
123
131
133
122
95
68
52
44
45
53
61
69
74
73
70
65
62
61
63
64
67
75
85
93
95
93
94
94
93
90
85
80
79
82
85
89
92
90
88
86
88
91
97
100
103
105
105
103
89
73
66
67
61
62
51
51
49
47
51
50
48
44
59
97
147
175
180
177
176
169
167
158
155
158
156
151
143
137
132
128
122
115
108
101
94
90
89
88
93
99
99
104
110
119
133
140
147
139
118
95
79
63
56
59
64
64
63
62
65
64
62
60
65
71
76
81
88
94
93
91
91
91
89
87
82
76
75
77
84
88
91
89
87
86
88
91
97
98
102
104
103
99
87
75
67
66
60
65
49
49
46
43
48
44
42
40
49
84
142
176
184
176
177
171
164
159
158
161
159
150
140
136
133
129
121
113
103
97
96
93
89
90
98
100
106
113
119
123
129
133
139
136
126
111
96
83
72
65
66
66
64
63
63
65
64
61
64
70
75
81
88
91
91
90
83
83
84
83
80
77
76
75
82
87
89
89
88
86
86
89
89
93
99
103
104
98
83
69
65
63
63
67
50
49
47
45
49
47
43
41
47
77
133
172
184
175
175
170
164
159
159
160
158
150
139
134
131
127
120
112
102
96
92
90
91
95
100
105
109
113
117
121
126
129
132
128
121
113
103
92
80
72
70
70
69
68
66
64
63
63
72
76
79
80
84
86
85
83
81
82
82
81
78
75
73
73
80
86
88
88
87
86
85
87
89
93
97
101
104
101
92
83
69
65
65
70
50
49
47
46
48
47
42
43
42
66
118
166
184
175
172
169
165
161
160
159
156
148
139
133
130
127
118
111
101
94
88
86
89
95
100
105
109
111
112
117
121
122
125
121
115
111
108
99
89
80
75
73
72
73
69
65
66
72
79
82
82
79
81
84
84
83
79
78
78
76
74
72
71
71
79
85
89
88
87
87
85
86
87
91
96
99
100
94
84
74
69
65
66
72
50
49
48
47
44
45
40
43
38
53
103
159
183
175
169
168
166
163
160
157
152
147
139
135
131
127
117
108
100
96
91
89
93
97
103
104
104
104
107
111
114
116
116
112
107
103
102
98
90
82
77
72
70
72
72
69
74
82
88
90
87
81
82
84
84
83
82
78
73
70
69
69
70
72
80
86
88
87
86
86
84
84
82
88
95
99
100
91
79
68
67
66
68
72
49
48
49
47
41
42
38
43
36
45
88
150
179
173
167
166
166
163
159
155
151
145
139
135
132
126
114
105
99
99
97
99
102
104
100
94
90
91
93
97
101
104
105
107
105
102
102
104
100
93
83
74
69
71
75
76
82
89
95
98
94
89
89
90
88
86
82
76
68
64
63
67
70
72
81
86
86
84
82
83
81
81
82
85
91
96
97
91
79
69
68
70
70
69
47
47
48
45
40
39
37
41
36
39
74
139
173
171
168
165
164
162
158
155
149
143
138
136
131
124
114
106
103
103
101
103
106
104
91
81
73
75
79
85
92
99
102
108
112
112
114
116
115
110
100
93
86
86
89
92
95
98
101
103
101
98
96
93
87
83
72
66
61
60
63
68
72
74
83
85
83
80
79
79
78
78
80
83
88
93
93
87
76
67
70
71
71
67
46
45
46
44
42
40
38
38
34
35
60
127
164
167
166
163
160
158
157
153
147
140
137
135
130
121
113
109
110
108
102
101
101
95
84
74
64
63
71
81
92
99
111
115
119
120
120
119
118
118
111
107
103
100
100
100
99
98
98
97
92
87
84
78
71
66
62
59
60
64
69
73
76
78
83
83
80
77
76
74
74
76
75
80
87
92
93
87
77
71
71
71
70
66
44
44
44
44
46
43
40
36
34
34
50
118
158
164
164
159
156
155
153
149
143
136
134
134
127
117
109
110
114
112
103
99
96
87
79
70
59
55
62
75
87
94
98
97
97
97
93
89
91
95
100
100
99
95
93
89
86
80
79
75
70
66
64
62
57
57
58
61
65
71
76
78
77
78
81
80
77
74
74
71
71
73
77
80
87
90
88
81
75
71
74
73
69
67
46
45
43
44
42
43
37
32
33
31
49
108
157
161
160
155
150
152
150
146
140
134
130
130
124
116
110
108
110
108
101
96
91
83
80
72
63
57
56
60
66
72
77
75
74
71
65
62
63
63
66
67
72
72
71
70
64
64
64
64
64
64
63
63
65
68
73
78
82
81
77
76
76
75
80
76
74
74
74
70
70
72
76
79
85
88
87
80
73
71
74
72
69
67
47
46
44
43
40
39
36
32
33
29
44
106
159
162
154
151
148
147
145
142
136
131
129
128
123
115
110
107
107
104
99
95
89
81
75
71
67
63
64
68
74
79
85
84
83
78
71
64
59
55
57
56
62
65
65
65
61
65
71
74
78
81
83
85
86
87
88
89
88
84
79
75
74
74
77
74
72
73
73
71
71
72
74
78
81
84
82
76
72
71
73
70
68
67
48
46
44
42
37
36
34
32
31
24
39
102
164
163
151
148
147
142
140
134
129
128
126
125
121
116
111
106
103
100
96
94
87
79
77
76
75
79
86
100
114
123
131
131
130
125
116
107
95
84
76
73
75
78
79
80
79
84
90
93
94
96
96
97
95
93
90
88
87
84
80
76
75
75
73
70
69
70
72
72
71
71
73
75
80
82
78
74
71
72
71
69
67
67
47
44
41
39
36
35
35
35
30
21
34
97
166
168
151
149
150
141
135
129
125
124
122
121
119
117
111
106
101
98
95
90
83
76
72
76
83
93
104
120
131
138
145
147
150
148
144
139
129
118
109
102
98
96
95
98
99
103
106
106
103
98
95
95
92
89
89
89
88
84
80
75
71
71
69
67
66
68
71
70
70
70
72
75
79
80
77
72
72
72
70
68
67
68
46
41
40
38
37
35
33
34
30
22
32
89
166
172
151
144
147
142
134
129
124
121
119
117
116
114
111
108
102
97
91
85
78
74
75
82
93
104
116
126
131
133
128
130
133
134
133
134
129
121
116
110
104
98
97
100
100
101
104
102
97
92
90
91
91
89
92
94
93
86
79
74
71
67
65
62
62
64
67
69
68
67
70
73
76
77
76
72
70
70
69
68
67
68
44
40
40
36
36
33
30
32
29
26
29
80
162
175
153
136
139
140
132
127
123
119
115
113
112
111
110
108
102
96
89
81
74
73
78
88
100
110
119
125
127
124
119
117
114
112
109
110
107
102
98
95
93
87
87
90
88
86
87
87
85
83
83
86
88
88
93
95
91
82
74
72
69
66
61
60
59
61
65
66
66
66
69
71
73
73
73
72
70
69
69
68
67
68
44
40
39
35
35
31
29
30
26
24
24
65
152
178
161
135
131
134
128
125
121
116
111
109
109
108
108
107
101
94
89
81
75
75
84
96
110
118
122
123
119
113
105
99
92
87
82
80
78
73
72
73
75
72
71
72
70
70
72
74
75
77
79
82
85
87
95
94
86
77
70
68
66
63
62
61
59
61
64
65
65
66
68
70
71
70
70
70
70
70
69
68
67
68
44
40
38
33
34
31
28
28
22
21
20
54
144
180
171
139
126
127
123
121
119
114
109
108
108
107
107
106
100
93
90
83
78
80
89
100
108
111
112
113
113
110
104
94
84
77
71
67
64
60
59
59
63
64
62
60
59
61
64
66
70
75
80
83
88
92
92
88
82
75
72
69
69
68
63
63
61
62
64
65
66
66
67
69
69
68
67
68
70
71
68
68
67
68
46
41
38
34
32
29
29
26
21
15
11
54
141
183
182
157
125
117
114
109
112
114
112
110
107
108
107
103
100
95
88
81
79
80
86
97
103
103
105
107
107
106
99
88
78
74
71
67
64
61
60
59
60
58
59
60
59
61
65
68
74
81
84
86
90
95
93
85
77
75
75
74
72
70
67
63
61
62
64
66
65
64
69
69
68
68
69
70
69
68
68
69
69
69
44
40
35
31
28
28
27
24
18
12
9
51
137
186
188
162
132
117
105
104
111
113
113
113
108
105
104
103
100
94
89
83
81
80
84
91
95
97
100
103
104
104
99
90
83
76
71
69
66
63
61
60
61
60
62
63
64
67
70
74
80
85
88
90
92
94
88
80
73
71
72
70
69
69
66
63
59
58
60
62
64
66
68
69
70
70
69
68
67
67
68
69
69
69
42
38
31
28
25
24
24
22
17
12
7
45
127
183
189
164
138
115
96
99
108
110
110
112
106
102
99
100
98
94
90
88
85
83
81
85
88
91
96
99
102
104
104
99
93
87
81
77
75
70
68
64
66
66
68
72
73
78
79
82
87
89
91
92
93
92
85
77
71
70
70
67
66
67
64
62
58
57
59
62
66
69
69
71
72
72
69
67
67
68
69
70
70
69
37
31
29
25
23
21
21
20
18
14
12
43
118
179
189
168
148
118
98
98
103
102
102
104
103
102
96
94
92
91
89
87
86
84
80
84
89
92
97
99
102
108
109
109
108
103
99
98
94
86
80
75
74
73
75
78
78
81
86
90
93
94
96
98
96
93
86
79
73
71
69
64
62
64
63
62
59
59
60
65
70
74
75
73
72
71
69
68
70
71
70
70
70
70
32
28
25
24
23
21
19
17
16
14
12
39
108
172
188
172
158
128
106
97
93
91
93
96
98
99
95
89
85
86
86
85
84
84
85
90
95
98
100
100
104
110
117
120
124
125
126
127
122
112
98
88
81
77
77
79
78
81
86
92
95
97
99
100
98
94
88
80
75
73
71
66
62
63
65
63
60
58
61
67
74
78
79
75
72
69
70
71
72
73
70
70
70
70
30
27
23
23
24
23
21
17
15
12
7
33
102
167
187
175
166
139
117
96
84
81
87
90
90
91
90
84
81
83
84
84
86
90
91
96
101
104
104
104
107
114
126
130
136
139
142
144
137
127
112
99
88
80
80
82
83
86
90
94
98
98
98
98
94
89
86
80
74
71
70
67
63
62
66
63
59
56
59
67
76
80
80
74
69
69
71
72
70
69
69
69
69
70
29
28
23
24
23
23
20
18
16
14
11
40
106
170
188
178
172
151
128
104
85
79
79
82
81
81
80
78
78
79
80
81
85
90
94
98
101
106
110
112
117
123
132
133
136
139
139
139
132
121
113
101
92
85
84
86
88
93
96
98
98
97
96
94
91
88
83
78
72
69
67
65
62
59
61
61
59
57
60
68
78
83
79
73
67
68
71
72
70
68
70
69
69
69
29
26
24
22
21
19
19
18
18
15
18
46
113
171
186
176
172
157
137
114
93
81
76
75
74
76
73
74
76
76
75
75
80
85
92
94
98
103
113
121
126
133
136
137
138
137
135
133
126
117
108
99
93
89
86
87
87
93
93
92
90
88
87
87
87
87
82
78
71
66
63
62
60
56
54
57
59
59
63
71
81
86
80
72
67
67
71
72
71
70
72
71
69
68
30
25
23
18
16
19
19
21
17
21
24
56
116
172
186
174
169
160
146
129
105
86
73
69
73
74
74
72
68
68
70
68
71
80
85
89
96
103
111
119
127
131
133
132
132
130
128
122
112
104
99
92
86
83
78
78
82
85
87
86
86
87
85
81
81
82
78
74
68
63
61
59
57
54
50
58
58
62
67
73
82
86
78
69
66
69
70
71
72
71
72
71
69
70
31
21
17
19
19
17
14
18
16
20
22
52
116
175
185
172
169
164
151
141
120
99
78
70
70
68
68
69
67
66
65
61
65
74
81
87
93
100
108
116
120
122
126
124
122
119
115
107
99
93
90
85
81
79
76
76
79
81
82
82
85
86
84
80
77
77
75
72
64
60
57
56
54
53
51
57
57
61
69
76
85
88
79
70
68
69
68
69
72
72
72
72
71
70
30
20
18
22
21
19
16
19
15
17
25
51
113
172
185
173
166
162
155
151
135
113
91
75
68
57
57
60
60
58
55
54
59
68
73
79
87
95
103
111
115
114
116
112
109
105
100
94
88
85
84
82
81
80
79
81
81
81
76
77
80
84
82
78
75
75
73
69
63
59
57
56
55
53
51
56
57
61
70
80
88
88
77
71
70
71
68
68
71
72
71
71
68
66
28
24
28
22
18
21
21
22
16
21
46
83
132
177
191
179
171
164
157
155
145
129
112
97
81
60
53
55
57
55
53
53
57
61
66
72
78
85
93
103
108
108
105
99
94
91
87
83
79
79
78
78
78
76
76
79
81
79
75
75
77
78
78
75
73
72
69
65
61
58
57
56
55
54
53
54
57
60
70
83
89
85
75
71
72
73
69
68
70
71
72
72
70
71
46
36
36
23
17
25
24
19
20
38
86
141
171
192
196
180
175
169
156
156
149
141
131
119
99
76
59
58
56
55
53
53
54
54
60
63
68
73
80
89
96
97
93
87
80
78
75
71
68
67
68
71
71
68
67
72
76
76
77
74
73
73
73
72
68
64
61
58
55
53
53
53
52
54
54
54
56
61
72
87
91
84
75
72
73
73
68
67
69
71
68
68
67
67
86
69
64
45
27
23
17
21
43
80
137
187
201
201
198
183
176
168
155
156
152
146
139
131
116
98
75
65
53
47
46
49
53
54
54
55
56
60
69
76
81
85
83
78
71
69
67
64
60
60
60
62
64
64
63
69
73
74
73
71
68
68
69
68
63
59
55
52
49
47
47
47
52
56
55
53
58
64
76
91
93
85
75
71
72
72
67
67
69
69
67
68
67
68
126
116
118
96
69
56
53
73
104
141
179
203
206
199
201
194
180
171
159
157
150
146
141
136
129
117
98
80
61
49
43
44
50
53
50
49
50
53
57
60
65
68
69
66
62
61
61
60
57
55
54
56
60
62
62
65
68
68
66
63
61
60
61
60
57
54
50
48
46
45
45
47
53
58
55
53
60
67
76
91
91
84
73
70
70
72
68
68
71
68
68
75
77
75
143
153
155
145
132
129
137
155
170
184
196
198
195
192
198
201
185
176
159
153
144
140
138
135
132
124
117
98
80
65
53
48
49
50
50
48
48
49
50
49
48
51
51
51
51
52
55
56
55
54
54
56
61
64
64
64
65
62
62
59
56
52
52
51
49
47
45
45
45
45
45
46
52
57
54
52
62
68
75
88
88
82
70
67
69
73
71
71
72
67
68
74
71
64
145
158
171
174
177
192
205
206
199
190
185
188
193
192
197
194
181
169
158
151
146
142
137
134
131
128
127
119
104
87
73
61
53
49
47
45
45
46
46
46
45
42
46
45
44
45
49
53
52
49
49
52
56
58
57
54
52
52
54
53
51
47
44
42
42
43
44
45
46
49
50
51
53
55
55
59
63
69
75
85
90
82
71
72
79
79
71
69
72
74
75
76
70
72
149
150
159
181
200
209
206
203
194
178
166
175
191
190
189
188
185
172
157
151
147
145
140
137
134
132
131
127
120
109
98
85
69
55
46
42
42
42
40
38
38
38
38
38
37
38
41
43
42
40
39
42
45
46
45
43
41
40
43
43
42
40
40
40
43
44
45
47
51
54
54
54
54
56
58
63
68
72
75
83
90
83
74
72
74
74
70
70
72
72
73
72
66
69
135
126
153
183
207
207
198
197
190
169
156
160
177
180
182
191
192
176
161
152
146
143
138
133
131
131
131
131
129
125
120
111
91
73
57
48
42
41
38
35
38
40
39
39
38
39
39
39
37
35
31
33
35
36
35
34
34
34
38
37
38
38
39
42
44
45
46
48
52
54
54
54
56
58
59
66
72
77
80
93
108
111
103
90
75
68
65
65
66
69
80
87
84
80
