89
97
110
113
118
123
128
130
129
128
129
131
133
136
137
142
146
149
151
153
155
154
156
160
163
165
169
173
178
181
184
186
187
187
189
192
197
201
205
211
217
220
225
227
229
228
227
226
225
226
228
229
229
229
229
230
230
229
227
227
229
232
232
230
230
232
233
233
231
225
220
216
204
190
176
162
147
135
115
80
44
22
18
19
18
16
17
17
16
17
17
16
14
13
95
100
109
112
117
122
125
125
125
125
127
131
133
135
138
143
148
150
151
153
154
153
154
159
164
165
168
171
175
178
181
185
187
188
191
193
196
199
203
208
213
217
222
226
229
228
227
225
224
225
227
228
230
231
231
231
231
230
230
229
229
231
231
229
231
234
231
232
231
228
224
221
211
197
188
174
160
148
127
94
55
27
14
14
14
14
16
16
16
17
17
15
14
14
95
102
107
110
114
117
120
124
124
123
125
126
129
132
136
142
146
148
151
150
149
149
152
158
165
168
170
170
172
175
179
184
188
190
193
196
198
199
202
206
211
216
220
225
227
227
226
224
223
224
226
227
229
229
230
231
232
231
229
231
232
233
231
230
230
230
229
229
229
229
227
221
214
208
198
186
173
160
136
109
74
36
13
7
13
11
13
16
16
17
17
16
15
14
97
103
107
110
114
115
118
120
120
118
118
119
122
126
131
139
145
148
151
150
150
150
150
156
164
169
170
171
172
175
180
184
188
191
193
196
198
197
200
205
210
215
220
223
226
225
224
222
221
223
225
226
228
229
230
231
232
232
232
233
234
233
232
231
229
229
228
228
227
226
225
222
218
213
208
196
182
169
149
126
92
51
21
7
12
14
15
13
14
16
16
16
15
15
99
103
106
111
114
114
116
118
117
115
114
114
117
121
129
137
143
146
148
151
152
151
150
152
159
166
168
170
172
175
178
183
187
190
193
196
198
198
201
204
209
214
219
222
224
223
222
221
221
223
225
227
229
231
233
235
235
236
238
237
235
234
234
233
231
230
228
227
226
225
225
224
221
218
216
204
191
176
160
142
110
68
30
10
12
14
14
13
14
15
15
16
15
15
99
103
105
108
112
113
114
116
115
114
112
112
115
119
127
134
140
142
144
148
152
152
151
151
155
161
167
169
172
174
177
181
185
187
191
194
198
201
204
205
207
211
217
221
223
222
221
220
221
225
227
230
231
234
236
237
240
241
241
241
239
238
236
234
233
232
228
227
226
225
226
225
221
218
216
210
198
184
168
153
124
83
43
18
15
13
12
14
16
14
14
15
15
15
99
102
103
107
109
110
111
113
113
112
109
110
113
118
125
132
136
137
138
143
149
151
151
152
155
160
167
169
172
174
177
180
184
187
189
193
197
201
204
205
207
210
215
218
221
220
219
218
220
223
228
230
232
234
236
240
243
244
245
244
243
242
240
237
235
234
230
228
226
225
226
225
220
216
214
212
205
194
179
164
136
100
57
26
18
14
13
13
15
13
14
15
16
15
100
103
103
105
105
105
107
110
110
108
106
107
110
116
123
130
133
133
135
138
145
150
151
153
157
163
167
169
172
175
177
180
184
187
190
193
196
200
204
205
207
211
214
218
219
219
218
216
217
220
226
228
231
233
237
241
244
246
248
247
246
245
242
239
236
233
231
229
227
225
226
225
221
217
215
215
213
204
187
169
144
111
69
30
16
16
16
12
12
16
13
15
16
15
100
101
103
104
103
103
104
107
107
105
104
105
107
114
121
127
129
129
131
137
143
149
150
152
156
161
165
167
170
173
176
179
183
186
190
191
194
197
201
202
205
209
213
217
219
218
216
214
214
217
223
226
229
233
237
242
245
248
248
249
248
246
243
237
234
232
230
229
228
226
226
224
222
219
216
216
216
211
197
179
155
123
84
41
17
14
18
14
12
18
12
14
16
15
99
100
101
101
99
99
101
104
104
102
102
104
105
110
118
123
125
125
130
136
144
150
150
150
153
157
161
164
167
170
174
177
181
184
187
189
191
195
199
199
201
205
211
215
217
217
215
212
211
214
219
223
227
232
237
242
246
246
248
248
248
246
243
237
233
231
229
229
230
228
227
226
222
220
217
215
216
217
206
190
167
138
100
55
23
13
16
16
13
16
11
14
16
15
99
99
99
98
97
97
100
102
103
102
102
101
104
108
114
120
122
125
128
134
143
149
149
148
153
158
160
162
165
168
171
175
179
182
184
185
190
193
196
196
198
200
206
209
212
212
209
206
207
208
216
221
225
228
235
240
244
247
248
248
246
243
241
237
233
229
229
229
229
228
227
224
221
220
217
217
219
217
212
198
175
153
122
75
36
11
14
11
14
23
14
15
16
16
99
99
99
98
96
96
98
100
101
101
100
100
103
103
108
115
118
120
126
132
141
145
145
145
150
156
159
161
165
168
172
175
179
182
184
185
189
192
194
193
194
195
199
203
207
208
205
203
205
209
214
219
222
224
231
236
241
245
246
246
245
243
240
237
232
231
229
229
230
229
227
223
220
218
218
217
220
220
216
203
184
164
137
96
47
15
21
19
17
22
11
14
16
15
99
99
99
97
95
95
97
99
99
100
99
100
103
100
102
110
114
118
122
129
137
141
142
144
149
153
158
159
164
168
172
175
179
181
183
185
188
192
193
192
191
191
192
198
204
205
202
201
205
210
212
217
219
221
226
232
238
242
244
244
243
242
239
236
233
232
230
230
231
230
227
222
217
215
219
219
220
222
219
210
192
177
152
113
54
18
21
19
12
16
9
14
16
14
100
99
97
95
94
94
96
98
99
99
98
98
101
99
101
107
111
115
117
125
134
137
141
147
151
153
154
156
161
166
171
175
178
180
182
183
187
192
194
192
190
189
189
196
203
204
202
201
205
210
212
214
215
215
220
226
233
238
241
241
241
239
237
234
232
231
230
231
231
230
227
221
215
212
218
218
219
221
218
212
199
188
171
130
67
28
19
15
11
13
10
15
17
14
99
98
95
94
93
94
95
97
99
98
96
95
98
99
100
103
104
109
113
119
127
133
140
148
152
153
150
152
157
163
168
172
176
178
180
181
185
190
193
192
190
189
189
195
201
203
201
199
202
206
210
212
212
211
214
221
227
232
237
237
238
236
234
232
231
230
231
231
230
230
227
222
217
214
216
216
218
219
218
213
205
195
183
146
89
36
10
12
12
10
12
17
19
16
97
95
93
93
92
93
95
97
98
98
97
93
95
96
99
99
99
104
109
114
120
127
136
145
149
150
146
148
152
157
162
167
171
174
175
177
182
187
190
189
188
187
190
194
200
201
198
196
198
202
206
210
209
208
211
216
223
228
232
233
234
233
232
231
230
231
232
231
229
230
227
223
219
217
218
218
219
219
216
212
205
200
196
172
123
50
10
17
20
12
13
18
20
17
96
94
93
92
93
93
94
95
95
96
95
92
95
96
97
98
98
102
108
111
115
121
128
137
142
143
143
144
146
150
155
161
166
168
170
172
177
183
187
187
186
186
189
193
198
198
194
192
194
198
203
207
209
207
210
214
219
224
228
229
230
230
230
229
230
231
232
231
230
229
227
223
219
218
219
218
218
218
213
210
206
201
199
189
148
59
12
16
18
12
13
17
19
17
96
94
93
93
93
93
93
94
93
93
94
94
96
94
95
98
99
103
108
110
112
117
123
130
137
139
141
141
143
146
150
155
161
165
167
169
174
180
185
186
186
187
187
192
196
195
189
186
190
196
200
205
207
207
209
213
217
221
224
226
228
228
229
229
232
231
232
231
229
228
226
222
218
215
216
215
217
216
211
209
207
204
203
199
164
67
20
18
17
17
12
15
17
16
95
93
93
92
92
92
92
92
93
94
93
94
95
96
95
96
99
103
106
108
109
112
117
121
130
137
139
141
142
143
148
152
156
161
164
167
169
172
178
182
183
184
186
191
194
191
187
187
190
193
196
200
202
203
206
208
212
216
217
222
225
225
227
228
229
230
229
230
230
228
223
219
216
212
211
214
214
213
211
210
209
205
203
197
167
83
32
16
12
19
13
16
15
15
95
93
93
92
91
90
89
89
90
91
92
94
95
95
94
94
97
100
106
107
107
109
113
116
122
130
135
137
138
140
145
149
152
157
158
163
167
169
174
176
178
181
182
187
191
190
188
188
190
193
195
198
199
201
203
205
208
212
214
221
225
225
225
225
226
227
229
229
228
226
222
218
215
211
211
213
213
212
209
208
207
206
206
197
170
109
50
19
13
16
16
17
16
16
95
94
94
93
91
90
89
88
89
90
91
92
94
94
94
94
96
98
101
103
103
105
109
112
118
124
129
131
133
136
140
144
148
152
153
158
164
167
170
171
173
176
179
184
188
190
189
190
192
194
194
197
199
201
203
205
206
210
213
220
223
223
222
222
223
226
227
227
227
226
223
221
217
213
211
212
213
213
210
208
207
207
213
202
178
134
66
24
15
11
18
19
17
16
94
94
94
93
91
90
89
88
89
90
91
91
94
94
94
94
95
98
99
100
101
104
107
110
114
119
122
126
130
133
137
140
144
148
151
157
163
166
168
170
171
174
177
180
185
188
189
190
192
195
194
198
201
203
206
207
209
212
215
220
222
221
220
220
222
225
224
225
226
227
226
223
219
214
213
211
211
212
211
207
205
206
210
209
187
151
79
32
14
8
19
20
17
15
93
92
93
92
91
90
89
88
90
91
91
91
92
94
94
94
95
97
98
99
100
102
106
108
110
113
118
123
128
131
135
138
142
147
151
156
161
165
168
171
172
175
177
179
181
184
186
188
191
194
196
198
201
205
209
211
214
216
219
222
222
222
222
221
221
223
224
224
224
225
224
222
217
213
212
210
210
212
212
206
202
201
201
208
195
162
94
42
10
10
20
22
18
15
93
93
93
93
92
91
90
89
89
91
92
92
93
94
94
94
95
97
98
99
99
101
105
107
108
111
117
123
129
133
135
139
143
149
153
157
161
165
169
172
174
177
178
179
181
184
186
187
190
193
196
200
203
206
211
214
218
221
223
225
225
225
225
223
221
221
221
221
220
221
220
219
216
213
211
210
210
212
211
206
201
198
202
207
200
169
103
44
5
14
20
23
20
16
95
94
94
93
93
93
92
91
91
92
92
92
93
94
94
95
96
98
99
98
96
98
103
106
106
110
116
124
131
134
137
139
145
151
156
160
163
165
168
171
174
177
178
179
181
185
187
187
190
193
198
201
204
207
212
216
219
222
224
226
224
224
224
222
220
220
221
221
221
222
221
220
216
213
210
210
211
212
210
205
200
198
203
206
201
173
108
44
6
16
19
22
19
16
96
93
93
92
93
93
92
91
91
93
91
91
92
93
94
95
97
98
101
99
95
96
100
101
102
105
115
123
130
133
136
138
144
152
157
161
164
164
165
168
171
175
176
177
181
186
188
189
191
194
200
203
205
207
212
215
217
220
222
223
221
220
220
219
219
221
224
225
226
226
224
220
215
210
207
209
211
211
208
204
199
197
196
204
202
176
112
48
12
13
18
20
17
14
96
95
91
91
92
92
91
91
90
90
90
90
91
92
92
93
94
96
99
97
95
97
99
98
101
107
118
126
131
133
136
137
142
151
160
163
166
167
167
168
170
172
173
174
178
184
190
189
190
195
200
202
205
209
211
214
217
221
222
222
221
220
219
219
220
221
223
229
233
231
227
221
216
211
209
208
210
211
208
205
200
195
196
196
204
178
122
55
12
17
15
16
17
15
93
93
92
92
92
92
91
91
90
90
90
90
90
91
91
92
93
94
98
97
97
99
101
100
102
108
116
125
132
134
137
139
144
152
162
166
169
169
168
167
167
166
168
170
176
184
188
186
187
192
197
200
205
209
212
215
219
222
223
225
226
226
225
225
224
224
224
229
232
230
225
221
217
214
211
210
210
209
206
204
198
194
193
194
207
189
136
59
17
17
16
15
18
21
92
92
92
92
92
92
91
91
90
90
89
89
90
90
91
91
92
94
96
97
98
101
103
102
105
111
118
129
136
139
141
142
148
157
165
169
172
172
170
167
163
159
162
164
172
182
185
183
184
189
193
199
205
209
212
217
221
225
230
231
232
232
231
228
224
222
223
228
231
229
224
221
217
215
213
211
210
208
205
203
199
193
192
194
205
191
145
63
28
22
24
16
17
22
93
92
91
92
92
92
92
91
91
90
90
89
90
91
91
92
93
95
96
97
99
102
104
105
109
115
123
133
140
142
143
145
151
161
169
173
176
176
174
171
166
160
160
163
169
178
182
183
186
188
192
200
208
213
215
219
224
227
227
230
233
235
235
233
230
228
227
229
231
229
224
220
218
216
213
211
209
206
205
204
199
191
193
194
199
189
151
75
51
42
45
27
20
22
94
92
92
92
92
92
92
91
91
90
90
89
90
91
91
92
94
95
97
99
100
102
104
107
112
119
125
134
141
142
143
146
153
164
172
176
180
181
181
180
176
171
167
167
170
174
180
188
193
190
193
202
211
214
216
219
223
226
226
228
233
237
239
239
237
236
234
235
233
228
224
221
220
218
214
211
207
203
203
204
198
190
191
188
189
191
167
105
97
94
88
52
31
24
95
93
92
92
92
93
92
92
91
91
90
89
90
90
91
91
93
95
97
99
100
101
104
107
112
119
124
134
140
143
146
149
157
169
176
181
185
186
188
189
186
181
174
172
172
172
177
190
196
191
192
201
210
213
213
216
219
221
226
230
233
238
241
242
242
242
241
240
235
229
224
221
220
219
218
214
209
203
201
204
200
193
189
180
176
193
185
146
160
171
158
92
45
23
93
93
93
93
92
93
93
92
92
91
90
90
90
90
90
91
92
94
96
98
99
100
103
105
109
115
122
133
140
145
150
153
161
172
179
184
188
189
190
191
188
184
178
174
172
171
176
189
195
190
191
201
210
212
213
215
218
220
224
226
230
236
241
245
246
246
245
242
238
232
227
224
219
216
216
216
213
206
202
203
202
195
190
182
174
193
193
178
207
224
211
130
65
24
92
93
93
93
93
93
93
92
92
91
91
91
90
90
90
90
92
93
93
95
97
99
101
102
105
110
118
128
138
144
151
155
162
171
182
187
191
190
190
190
186
181
179
174
172
172
176
188
195
190
191
201
212
214
215
218
221
223
225
227
231
235
241
244
246
247
246
245
242
237
232
226
220
213
211
214
215
208
202
202
202
197
193
191
183
196
197
191
223
237
225
153
88
32
93
93
93
93
93
93
93
93
92
92
92
92
91
90
89
91
92
93
93
93
96
98
99
100
102
105
113
123
134
141
147
151
158
166
174
187
187
190
195
191
186
179
171
169
170
173
179
188
190
184
189
199
209
214
216
219
223
223
226
226
227
230
237
243
245
245
245
242
239
237
235
229
222
215
209
209
211
207
202
205
203
197
194
191
191
195
197
203
227
232
216
167
92
31
95
94
93
93
93
93
93
93
92
92
93
93
92
91
90
90
91
91
93
93
94
96
97
98
99
101
109
116
126
133
139
143
149
156
167
182
185
190
197
194
186
176
166
164
166
168
173
183
187
183
184
196
205
211
212
216
218
219
216
217
220
225
230
236
241
243
241
237
233
230
230
229
223
217
218
212
208
203
200
203
204
201
198
196
196
198
202
211
230
225
206
165
92
35
96
95
94
94
94
93
93
92
92
92
93
92
92
92
91
91
91
91
90
90
91
92
95
97
98
97
101
109
116
121
127
132
138
144
156
173
180
187
196
196
189
176
161
157
156
160
167
178
182
177
178
188
201
206
208
210
211
212
211
212
213
217
221
224
224
223
216
211
204
203
210
218
223
222
220
214
208
203
201
203
205
205
199
196
193
194
202
215
225
210
191
161
95
42
96
94
94
95
94
93
93
92
91
91
91
91
91
91
92
92
91
90
88
88
88
89
94
98
98
96
96
101
106
112
116
122
128
135
152
169
176
184
193
196
192
177
159
149
145
149
160
170
171
163
169
180
192
198
201
203
202
201
205
201
198
196
197
195
188
181
174
167
160
164
175
191
202
210
210
210
207
203
202
204
208
208
196
191
187
189
202
215
214
189
179
162
106
52
96
94
96
95
95
93
92
91
90
90
89
90
90
91
92
92
91
89
88
89
88
88
91
94
94
92
93
97
100
104
110
116
124
131
148
163
169
177
186
190
187
173
158
145
137
140
149
157
156
148
149
157
166
173
176
177
173
168
168
163
157
153
150
146
138
131
123
117
118
128
143
156
170
181
193
203
205
203
203
206
211
210
197
186
184
192
207
216
203
170
169
162
119
63
96
95
96
96
95
93
92
90
90
89
90
90
90
91
92
91
89
88
86
87
87
88
90
92
94
94
95
99
103
106
112
117
124
131
145
157
163
170
179
184
183
170
155
143
135
137
139
142
139
131
125
130
133
134
134
131
123
116
108
105
101
97
95
94
92
91
89
84
87
100
114
126
139
150
166
185
196
201
204
207
211
207
197
185
186
198
215
217
195
158
160
160
134
73
97
97
97
96
95
93
92
90
90
89
90
90
90
91
91
90
88
87
85
86
87
89
91
94
97
101
105
110
113
118
122
124
129
134
146
155
158
164
171
176
178
167
149
138
132
135
134
129
118
107
96
97
94
87
83
78
68
61
59
59
57
57
57
60
63
64
70
68
70
81
94
107
118
124
139
160
172
185
197
202
208
205
198
188
193
205
221
222
198
161
159
164
150
84
98
100
97
96
95
94
92
90
90
88
90
90
90
91
91
90
88
87
88
89
91
93
93
95
99
105
115
119
124
128
132
133
135
138
146
151
151
154
157
161
164
155
141
131
128
133
132
123
104
87
84
83
77
68
60
54
47
41
38
38
38
39
42
46
48
48
47
51
58
70
87
104
112
114
122
139
148
164
181
191
204
207
201
193
200
211
226
229
207
173
164
172
166
95
98
98
97
96
95
94
92
89
89
91
91
90
89
89
89
89
88
86
89
90
92
93
92
91
96
103
108
116
124
127
128
128
128
132
139
140
142
142
141
144
146
141
131
124
123
129
125
114
97
83
75
73
72
66
62
59
54
53
52
52
49
46
46
46
48
54
58
57
66
83
95
106
114
113
111
113
125
146
168
186
202
210
208
201
202
206
222
229
222
196
170
185
179
98
99
98
98
96
94
93
92
91
90
91
92
91
90
88
87
86
85
84
84
83
83
83
81
81
83
87
92
98
101
103
106
107
111
115
118
120
123
122
122
127
130
127
120
115
116
119
114
105
94
85
81
80
81
76
73
71
63
61
56
57
57
57
58
58
61
67
74
80
94
109
118
125
130
131
125
122
131
152
169
184
202
209
211
201
200
206
221
230
229
214
179
192
184
105
100
99
99
98
96
94
93
92
91
91
91
90
88
85
81
77
75
72
73
68
65
65
65
64
65
65
69
70
70
71
76
81
86
89
89
93
98
100
101
108
114
114
111
109
110
110
104
97
90
85
84
88
93
88
83
79
72
68
66
67
67
68
68
65
67
73
79
90
111
124
133
141
146
156
150
138
139
158
177
191
206
211
208
200
203
211
223
229
231
224
196
203
189
113
100
99
99
99
99
95
93
91
89
87
87
85
83
79
73
66
60
58
54
49
45
45
46
47
47
47
48
50
48
49
54
59
62
64
66
72
76
81
85
93
101
106
103
100
101
102
98
92
88
86
88
94
97
90
81
75
68
64
65
64
64
65
64
60
58
62
73
83
102
114
126
138
150
174
168
156
147
162
185
199
205
206
207
203
207
214
222
226
228
226
215
212
189
120
100
100
99
100
98
94
90
88
85
83
81
77
72
67
60
53
45
42
36
33
30
32
34
36
38
38
36
39
38
39
44
47
51
54
55
60
67
69
74
81
90
96
96
97
100
105
102
94
91
94
93
93
90
79
70
66
57
54
54
52
53
55
55
51
48
50
56
57
70
80
92
102
118
150
171
173
167
176
200
208
206
207
208
203
200
202
203
209
215
220
226
221
192
128
100
102
102
100
97
93
88
85
81
79
74
68
60
53
47
39
34
32
33
32
32
33
36
38
39
39
38
37
36
37
41
44
48
53
56
62
65
66
70
75
82
87
93
101
113
119
115
102
94
97
92
84
76
65
61
61
54
50
49
51
51
50
47
41
37
37
46
47
57
68
78
80
90
116
147
168
175
185
203
209
209
213
207
201
191
188
182
186
196
209
227
228
200
139
101
105
104
100
96
93
89
82
74
68
62
57
52
46
42
37
35
35
42
43
45
47
48
48
45
42
41
37
33
35
37
38
43
50
57
62
64
66
70
75
79
85
95
115
136
145
141
122
102
93
85
76
67
59
56
58
53
51
56
62
64
57
47
36
31
32
35
46
66
89
99
95
95
105
130
150
164
176
191
200
207
209
208
201
190
183
170
167
178
198
223
233
207
148
102
106
103
98
94
93
90
79
67
58
52
50
48
48
48
45
45
48
51
53
56
58
58
56
50
45
40
34
30
31
33
32
36
45
52
58
60
64
70
75
79
86
107
134
161
174
171
148
116
96
79
74
69
60
55
53
48
49
66
76
80
71
56
44
40
42
50
73
106
141
157
150
142
141
147
155
164
176
189
203
211
207
207
199
187
179
160
152
163
188
219
233
208
151
102
105
100
94
92
91
86
74
61
53
50
52
52
54
58
61
61
59
62
60
60
60
53
44
39
39
34
24
24
27
29
31
34
39
46
49
54
62
69
75
75
84
109
143
179
204
202
183
153
117
90
73
72
68
57
50
43
46
62
78
88
85
74
59
56
65
81
108
146
176
191
193
192
194
191
189
192
202
210
212
211
211
210
203
192
183
166
149
149
178
213
234
214
155
100
103
98
93
89
86
80
70
61
58
62
63
66
66
67
68
66
64
61
56
51
46
39
31
27
27
24
20
25
30
29
30
33
40
42
46
51
61
69
75
76
86
113
151
188
215
224
217
189
148
103
78
70
66
60
54
48
51
62
75
84
88
90
88
94
107
121
145
173
192
204
213
220
228
227
224
221
223
225
222
218
215
214
208
199
191
173
155
147
175
212
234
219
157
97
99
96
92
89
84
77
69
65
67
72
75
77
76
72
65
58
53
46
46
43
39
32
25
23
23
20
21
30
34
31
29
32
40
43
46
53
62
70
77
79
91
120
160
196
218
232
234
213
172
129
96
77
71
67
64
62
67
69
75
81
90
101
106
113
123
135
153
176
192
204
210
217
223
226
228
229
228
227
225
222
220
219
211
202
201
186
167
151
180
212
233
227
159
95
95
95
93
91
88
80
73
72
76
77
79
80
75
66
51
38
30
34
44
51
50
37
27
22
22
23
25
35
39
34
31
32
40
44
46
52
63
70
75
79
92
122
165
198
217
232
236
225
199
162
128
103
89
78
73
73
77
75
79
85
94
102
106
114
125
133
146
165
182
195
197
199
204
210
219
227
227
223
220
220
220
219
210
205
208
198
180
162
194
219
237
234
160
95
95
96
95
94
90
84
79
79
82
79
77
72
66
56
45
34
28
36
48
60
59
48
36
29
28
27
29
39
44
41
37
39
43
49
50
56
66
71
75
79
94
126
167
197
216
231
235
231
220
199
177
154
132
106
90
81
76
76
80
86
92
94
94
106
120
132
144
158
173
185
193
200
207
214
225
233
231
223
220
220
218
218
210
207
212
206
191
179
209
228
239
238
159
95
97
97
95
93
89
85
81
82
85
75
70
61
55
51
48
47
48
49
55
62
64
58
52
46
45
40
41
51
54
50
47
47
50
57
58
62
71
74
75
79
95
131
170
198
217
233
236
234
230
227
218
206
184
152
126
106
89
80
77
78
81
83
87
98
110
128
147
164
174
187
203
215
221
230
236
237
232
226
223
220
217
214
210
208
210
209
202
201
224
234
238
235
157
94
97
96
95
93
89
85
83
83
84
74
67
60
56
57
60
67
72
72
69
68
68
66
62
61
60
58
58
64
62
55
53
54
60
63
63
67
75
74
75
79
96
131
173
199
218
238
243
241
238
233
230
226
217
197
178
157
136
114
99
88
87
93
104
119
134
151
169
187
196
209
222
231
235
241
242
240
234
227
224
218
214
211
211
208
202
206
212
224
236
239
238
227
151
94
97
95
95
94
91
87
83
82
82
74
70
67
66
70
73
80
85
83
78
72
72
71
69
70
73
67
66
69
63
54
53
58
66
69
69
72
79
78
78
82
99
131
176
201
216
235
243
242
238
228
226
229
231
228
222
210
191
170
147
123
113
112
128
155
178
190
196
204
213
224
231
236
242
240
241
240
233
226
222
218
216
212
214
208
193
199
213
236
240
243
238
222
146
92
97
92
91
92
94
92
85
79
79
74
76
78
80
80
81
81
82
85
83
81
81
77
75
76
75
65
63
64
61
58
61
65
71
74
73
77
81
85
84
85
106
138
173
198
218
234
241
243
234
228
226
229
232
232
234
234
231
219
201
180
167
164
168
179
191
199
202
210
221
233
241
243
242
243
241
236
230
224
224
226
220
217
210
200
187
192
205
226
234
242
247
214
139
94
98
94
93
94
97
95
89
84
83
82
82
84
85
85
83
81
80
80
85
85
80
75
75
77
71
64
63
66
65
65
70
76
80
80
77
79
81
86
87
91
112
141
173
198
217
232
240
244
238
234
231
231
230
228
231
236
237
237
227
214
206
202
198
195
193
191
200
215
227
237
241
243
244
243
240
234
231
225
226
228
222
217
208
195
182
188
203
225
235
240
246
209
132
96
99
97
94
93
95
95
92
89
88
83
83
85
87
89
89
87
85
79
83
82
76
72
74
77
72
67
68
72
71
72
81
86
89
87
83
82
83
87
88
93
113
139
171
196
216
232
241
245
242
236
234
233
232
229
232
236
240
236
230
221
214
211
208
200
192
191
201
216
228
235
240
244
246
243
239
234
232
228
228
229
221
216
207
193
182
189
206
227
236
242
247
202
124
96
98
98
94
90
90
90
90
90
91
89
87
87
89
91
92
91
90
85
82
79
80
78
77
80
79
76
78
82
79
79
86
91
93
91
87
85
86
88
88
92
108
132
163
192
215
234
242
245
243
236
234
234
236
237
237
237
238
236
229
219
211
208
207
205
201
201
207
218
228
237
244
246
247
245
241
237
235
230
227
227
221
213
204
192
188
197
214
230
236
241
246
195
116
95
98
98
94
90
87
86
87
89
91
93
91
92
94
97
99
98
97
94
90
87
90
88
83
84
84
83
85
90
87
85
89
92
93
91
88
87
89
90
90
95
107
129
157
187
212
234
243
244
242
238
236
236
239
241
238
237
239
240
236
229
219
211
205
203
202
205
210
221
232
240
245
247
246
247
244
241
238
232
228
228
219
211
202
192
194
207
225
234
235
235
241
186
110
93
99
97
95
92
90
88
87
88
89
88
89
92
96
101
104
105
105
100
99
96
95
90
88
90
87
87
89
95
94
92
94
92
91
89
88
89
91
92
93
100
110
129
154
185
211
233
243
244
244
240
238
236
235
234
230
230
236
238
238
236
229
216
205
199
197
203
210
221
231
239
244
246
248
248
245
241
238
231
229
228
219
211
202
194
200
215
233
237
236
235
237
176
104
89
97
98
97
95
93
92
90
87
87
87
89
93
97
100
103
103
104
106
108
106
105
106
107
106
98
93
93
97
98
97
97
93
90
89
90
91
94
94
95
102
110
128
153
184
210
232
241
243
244
241
238
233
231
227
218
214
218
223
230
234
230
221
212
206
202
203
209
219
227
235
242
246
249
245
244
239
234
228
228
228
217
209
201
194
203
217
235
237
234
235
225
154
91
84
92
99
98
96
94
93
91
88
87
87
90
94
97
100
101
103
104
111
114
117
125
132
133
127
112
100
96
98
99
99
98
93
89
91
93
95
98
98
96
102
109
124
149
183
210
231
240
240
242
240
236
231
230
227
213
199
197
195
208
217
216
212
210
205
199
199
204
213
222
230
237
240
240
243
242
235
229
225
227
226
214
203
196
191
202
216
232
232
230
230
207
129
76
83
90
96
100
101
97
94
91
90
91
90
93
95
97
101
103
104
108
113
121
133
150
160
158
146
126
109
103
100
101
100
98
96
94
96
96
98
100
98
96
99
105
120
146
180
207
227
239
241
242
237
235
233
231
232
220
208
186
171
170
186
201
204
203
199
195
194
197
204
213
220
224
230
234
236
232
232
230
226
228
226
214
205
199
186
198
219
231
227
225
224
178
103
56
84
90
99
103
103
98
94
91
90
92
91
94
95
97
100
102
106
112
121
132
146
162
174
174
159
138
115
107
103
102
101
100
100
101
100
100
102
102
100
98
101
106
117
142
175
205
225
237
240
240
239
235
233
234
235
228
218
199
164
149
154
171
184
190
192
191
190
192
198
206
214
220
224
228
229
227
229
226
222
225
222
211
208
200
186
200
221
236
228
217
197
137
75
51
84
90
99
103
105
100
96
94
93
94
93
94
95
97
100
101
108
116
125
139
153
168
178
177
159
134
114
109
109
109
106
104
103
102
101
102
103
103
101
99
102
106
116
139
170
200
223
236
240
240
238
235
233
234
239
237
231
218
180
146
131
141
156
164
168
174
183
185
190
198
207
214
219
221
222
223
224
221
218
221
218
206
203
194
184
197
220
240
229
203
158
91
53
47
82
88
96
102
103
99
96
95
96
97
95
94
95
97
99
101
108
117
125
139
153
164
171
166
149
126
109
108
109
111
107
103
100
98
96
98
100
101
99
98
102
106
117
137
166
194
216
231
239
241
239
235
232
233
237
239
236
229
204
156
124
123
133
139
146
158
169
173
180
189
198
207
212
215
218
220
220
217
217
221
217
206
196
191
186
195
216
237
220
178
115
64
47
47
76
82
91
99
102
99
97
98
99
100
98
97
96
98
100
100
104
112
119
131
145
156
159
151
138
119
105
104
105
104
98
95
95
94
93
96
98
99
98
98
102
106
116
135
161
187
209
225
236
242
242
238
234
234
236
238
234
231
220
170
126
112
115
122
129
143
150
158
167
178
188
198
206
211
212
214
214
212
216
220
216
205
196
195
194
195
204
215
188
131
76
48
43
43
67
74
89
98
102
101
100
101
102
102
102
100
99
100
101
100
101
105
110
118
131
141
141
132
121
110
103
101
100
97
91
88
89
89
89
93
98
100
98
99
102
105
116
133
157
180
203
220
234
242
243
240
237
238
240
241
234
235
228
182
133
106
104
110
117
125
132
140
152
164
175
188
200
206
208
210
208
207
209
213
207
199
195
194
196
189
177
162
129
79
49
35
37
39
69
74
88
98
104
102
101
101
102
103
102
102
100
100
100
100
100
104
107
113
118
126
124
117
112
104
100
99
99
95
88
84
84
83
86
92
99
101
100
100
103
106
115
129
147
167
189
210
229
241
241
240
240
241
243
243
235
237
228
190
142
103
94
102
106
111
114
123
135
147
158
175
189
197
202
205
205
204
206
205
200
195
191
190
196
178
137
92
67
44
37
34
36
39
76
80
88
98
104
102
101
101
100
101
100
101
100
99
99
99
100
104
106
108
110
113
112
110
107
102
101
98
96
91
85
81
81
81
85
92
100
103
102
102
105
109
112
121
134
151
173
197
218
235
240
240
241
243
243
243
232
235
230
201
152
103
85
90
96
97
101
109
120
132
146
162
178
189
197
201
203
204
206
203
200
198
191
190
198
174
109
42
28
30
33
37
41
41
87
86
91
93
96
99
101
100
99
100
99
98
98
99
99
101
102
102
104
106
105
105
106
106
105
102
100
97
91
85
81
79
80
82
85
92
101
106
106
106
106
109
110
111
120
137
157
176
201
221
231
234
235
235
235
228
216
209
213
205
167
120
91
85
88
92
93
99
100
114
127
143
160
176
186
190
197
203
205
203
201
202
193
182
202
175
99
43
18
29
38
39
40
40
92
91
91
92
96
99
100
100
99
98
97
96
96
97
98
99
101
101
102
103
102
102
103
104
103
100
97
94
88
83
80
80
83
85
88
95
103
107
108
107
109
110
111
112
118
129
144
159
182
204
219
224
222
219
205
187
174
179
201
209
187
147
110
98
90
92
87
89
90
98
111
131
148
163
179
187
189
192
200
201
197
201
190
180
200
175
103
49
28
29
40
38
36
38
93
90
90
92
95
98
99
98
97
97
95
95
96
96
98
99
100
101
99
99
99
99
101
102
101
99
95
90
85
80
80
84
88
89
93
98
103
105
104
104
105
105
107
108
109
114
124
137
160
182
205
210
197
178
140
118
126
160
203
221
210
178
136
111
92
90
86
79
85
90
101
117
137
155
169
182
187
187
198
200
195
196
192
182
196
174
111
50
33
29
39
37
32
38
90
87
88
91
94
97
97
96
95
95
95
96
96
97
99
99
99
100
98
98
98
98
100
101
98
94
91
87
81
78
80
86
89
89
93
96
97
95
92
92
93
95
100
100
102
104
108
119
140
160
171
166
147
128
110
107
134
181
216
231
227
207
171
136
105
95
86
73
83
90
98
104
122
143
165
179
189
192
200
201
196
196
199
189
194
178
120
43
26
30
37
35
31
40
89
87
88
90
93
95
95
93
93
94
94
95
97
97
98
99
98
98
97
98
98
99
99
98
93
89
84
82
78
76
80
84
86
86
88
87
85
81
75
74
77
79
86
91
96
99
102
107
120
133
137
132
120
111
120
134
171
215
227
229
232
226
209
170
135
114
97
80
83
86
91
96
110
131
162
173
189
197
197
198
201
200
200
197
197
179
127
37
20
33
36
35
33
43
90
90
90
91
92
93
93
92
93
93
95
95
96
97
98
98
97
97
98
99
100
99
99
95
89
84
79
77
78
79
81
84
85
86
85
82
76
67
60
57
58
59
66
74
84
92
97
99
102
107
114
115
118
125
158
183
212
234
234
224
228
228
223
193
163
138
120
100
87
75
76
90
109
125
152
166
188
199
197
197
202
198
194
199
196
177
127
39
22
35
35
37
35
40
91
92
93
91
90
91
93
93
93
93
95
95
96
96
96
96
97
97
97
98
99
98
96
92
86
80
76
76
79
82
84
84
85
88
86
81
72
64
57
53
51
48
50
57
67
77
86
90
90
91
97
117
142
157
181
200
219
230
229
220
222
218
212
201
187
164
151
135
105
80
72
85
104
119
142
163
187
198
198
198
197
192
188
194
192
175
125
44
28
33
34
36
35
37
95
95
95
91
89
90
93
94
93
92
93
93
94
95
95
95
95
95
96
98
98
97
94
89
83
77
74
76
79
84
85
83
84
88
88
82
73
67
63
60
55
52
48
51
56
64
75
82
85
86
95
116
140
156
176
195
209
216
214
213
218
211
200
205
204
185
176
166
135
106
86
84
98
113
141
166
187
194
197
198
194
192
188
188
188
177
125
48
31
32
32
35
36
35
85
92
94
94
88
88
93
94
92
91
90
93
93
93
93
95
95
93
94
96
97
95
91
87
81
75
74
76
80
83
83
81
83
87
87
82
75
70
67
67
65
63
60
54
53
57
65
73
80
83
92
111
129
144
165
186
197
199
200
209
211
211
203
203
196
185
175
173
163
141
116
96
98
118
147
170
186
192
194
196
194
191
188
189
187
174
122
52
32
32
32
33
35
36
71
82
93
97
90
88
90
89
89
87
89
91
93
93
93
94
93
92
93
95
95
92
88
84
80
77
74
76
79
81
81
79
80
83
81
79
77
76
75
72
69
67
61
58
59
61
63
67
70
72
81
96
114
133
159
178
186
187
192
200
207
208
204
200
196
184
166
166
171
165
142
113
106
122
153
170
182
188
193
193
193
192
189
189
186
173
118
51
32
30
33
34
36
36
54
71
90
98
96
90
89
89
87
86
88
90
92
93
93
94
92
90
92
94
95
91
86
82
78
77
75
76
78
77
78
78
79
81
76
75
76
77
77
73
69
66
68
67
66
68
68
70
72
74
82
94
113
138
166
178
178
179
189
196
206
205
202
195
190
176
150
148
163
177
160
125
111
124
152
170
182
189
194
194
194
194
190
187
185
174
114
53
32
29
33
34
36
37
42
62
86
98
99
94
92
89
89
87
89
91
92
93
93
93
92
91
92
94
95
92
87
83
78
74
76
77
77
76
76
79
82
82
79
77
76
78
78
75
71
67
64
71
81
89
93
92
90
89
96
108
124
150
178
187
185
187
191
195
200
201
203
203
197
178
137
127
142
168
157
125
111
126
149
173
189
196
196
192
193
191
189
184
185
179
113
54
32
27
32
34
37
37
39
61
82
95
98
93
91
89
90
88
89
90
92
92
93
93
92
91
93
94
94
92
88
83
77
74
75
76
76
75
78
81
82
81
78
77
78
80
80
78
77
75
78
96
117
129
136
135
133
134
138
143
152
172
196
206
206
208
208
207
200
202
205
208
190
160
123
111
122
150
148
126
115
131
155
176
189
197
194
186
187
188
189
182
185
185
110
53
30
25
32
35
37
37
40
60
79
93
95
91
88
87
88
89
89
89
90
91
91
91
92
92
94
94
93
91
87
83
79
75
75
76
77
78
80
83
82
80
76
79
84
87
85
83
86
91
105
130
151
163
169
169
171
176
174
169
169
179
193
200
198
197
200
195
186
189
192
194
166
131
100
98
113
139
139
129
122
137
159
171
176
187
186
176
183
187
191
181
185
187
103
50
28
24
32
35
37
38
37
53
74
90
94
92
89
86
88
89
88
88
89
90
90
90
91
92
93
93
93
93
89
83
79
77
76
75
77
79
83
87
87
85
83
86
90
91
89
88
94
101
125
148
169
180
185
185
185
189
184
171
162
163
163
165
169
170
170
163
151
146
143
138
121
95
81
98
117
133
130
129
125
139
155
168
169
177
176
171
182
188
191
181
183
181
88
45
27
24
32
35
37
38
36
49
68
86
94
95
92
87
88
90
88
88
89
90
91
91
91
92
90
92
95
96
91
84
80
77
78
76
76
79
85
91
93
94
91
89
88
88
86
86
91
96
102
118
130
137
147
151
150
153
148
130
117
110
101
104
120
131
135
125
112
96
88
85
93
87
81
109
127
133
122
123
122
138
150
170
172
172
171
171
183
186
188
179
180
174
76
40
26
24
33
35
38
38
34
43
62
83
96
94
92
90
88
91
87
90
91
90
88
88
90
92
92
92
95
94
88
83
80
77
76
75
74
76
80
87
93
97
93
92
90
82
80
82
88
83
83
88
97
103
107
107
106
111
114
107
104
106
100
106
113
115
114
102
87
71
66
68
94
118
112
133
137
142
125
123
121
138
146
166
176
169
172
179
187
185
182
175
175
150
66
35
25
28
33
35
35
36
34
40
54
78
94
91
91
91
90
91
88
88
89
88
88
88
89
90
89
90
94
92
87
83
79
78
77
75
72
71
71
70
72
74
74
78
82
79
76
76
81
75
78
77
80
84
88
88
87
93
98
102
108
109
108
109
110
102
104
105
103
111
123
136
152
163
142
145
138
139
124
120
123
141
145
160
168
167
173
179
186
185
178
175
171
137
59
32
25
28
33
35
35
36
34
35
50
76
92
90
89
91
90
89
88
87
86
87
88
89
89
88
86
87
91
91
86
82
80
78
76
74
71
69
65
56
48
46
49
60
71
73
73
74
82
78
86
88
94
99
101
98
93
94
104
111
120
117
120
115
111
103
103
123
143
171
190
204
202
196
172
155
138
133
121
117
126
145
151
154
161
167
173
177
185
181
173
176
164
118
49
29
27
30
32
34
36
36
34
34
49
72
90
91
90
90
88
87
88
87
86
87
88
88
87
87
84
85
88
89
85
81
80
78
77
74
71
68
59
44
28
19
27
40
56
61
65
69
79
75
79
87
96
98
99
98
95
97
105
112
119
121
126
119
117
122
137
166
198
222
232
235
228
214
188
162
144
136
123
118
133
150
158
153
158
165
172
176
182
175
171
176
153
96
40
26
29
33
33
34
36
36
35
36
42
62
83
92
93
91
88
87
88
87
87
87
86
86
87
88
83
83
85
87
84
80
79
77
76
74
73
68
62
50
34
20
24
33
46
52
58
63
71
64
69
76
86
87
82
77
77
87
101
114
126
136
141
143
151
169
186
209
230
233
230
224
222
211
195
174
161
149
134
129
142
154
157
152
156
163
168
173
180
170
170
170
135
75
32
24
29
33
33
34
36
37
37
39
40
52
74
92
96
92
88
87
88
87
87
85
84
84
86
89
85
83
84
84
82
80
79
75
74
74
74
72
72
68
58
47
38
41
44
47
55
65
75
69
72
73
81
85
81
75
79
96
121
141
154
164
168
180
196
218
227
234
239
230
220
214
218
208
200
186
176
161
145
140
149
155
153
150
155
159
164
170
178
168
168
159
109
55
27
25
29
33
33
34
36
36
38
41
42
51
69
88
94
92
88
87
88
87
86
84
81
82
86
89
87
83
81
82
81
80
78
75
74
74
74
77
79
80
74
68
61
56
52
50
60
72
83
77
74
72
77
89
99
108
122
140
156
171
182
187
194
206
218
229
229
226
225
224
219
218
221
211
202
192
178
164
150
149
153
156
150
151
155
158
163
167
173
165
163
139
80
39
24
29
31
32
33
33
35
36
38
41
44
50
65
83
90
92
90
89
89
88
85
82
79
81
85
89
89
83
80
80
80
80
78
75
72
72
77
83
88
89
87
85
81
75
67
65
73
81
88
79
82
86
97
115
138
159
171
182
185
190
198
204
217
222
225
224
221
216
213
220
220
224
220
211
202
191
173
160
150
153
156
159
150
152
156
158
162
164
168
160
157
124
60
26
23
31
32
33
32
33
34
36
40
44
44
51
63
77
88
91
90
90
89
90
83
81
80
80
86
86
86
84
81
79
80
81
76
72
70
73
79
84
88
91
91
90
89
84
80
80
82
85
87
89
97
116
139
159
179
194
200
203
199
198
205
211
219
223
217
215
213
209
210
219
222
222
218
206
201
198
179
159
155
160
161
159
150
144
155
157
164
158
160
155
158
108
41
25
27
31
32
34
32
34
36
37
43
49
49
53
62
75
85
90
92
93
91
91
85
81
80
79
84
84
84
83
81
81
81
81
76
72
71
74
80
84
88
90
91
91
91
89
88
88
87
89
97
106
127
141
157
170
184
192
196
197
195
196
200
199
197
196
196
200
206
208
211
215
216
215
215
209
203
199
181
166
164
167
164
159
148
143
151
158
168
157
152
150
151
100
31
23
27
32
33
34
32
34
36
36
46
51
52
55
62
72
81
86
89
92
92
91
86
83
81
80
83
83
82
82
82
82
82
80
75
71
72
75
81
85
87
89
90
91
92
92
94
95
93
94
103
116
131
142
152
159
167
172
174
175
177
176
175
177
178
180
185
189
195
202
208
213
212
212
213
210
203
194
179
168
168
168
162
155
149
143
147
157
171
153
142
145
150
96
24
23
30
34
34
33
33
35
36
36
50
55
56
59
65
74
83
87
88
90
92
90
86
84
82
80
81
81
79
80
80
81
81
78
73
69
71
75
81
85
88
90
91
93
96
94
95
97
97
97
102
109
117
125
129
131
134
137
139
139
141
140
136
146
157
166
177
180
183
190
198
209
214
214
212
207
199
188
174
167
168
168
162
156
150
142
142
152
166
147
134
144
157
99
23
23
29
33
34
33
36
37
38
39
59
64
64
66
71
80
88
91
91
90
90
88
86
84
83
81
79
79
78
78
79
81
81
77
72
68
70
75
82
86
89
91
93
95
95
95
96
96
97
98
99
100
104
107
105
100
100
103
106
109
103
102
100
112
126
138
156
164
173
181
191
205
213
210
206
202
193
181
171
168
169
168
163
157
149
141
136
142
153
140
132
147
164
104
30
27
31
34
36
36
42
44
47
48
68
73
73
74
79
87
94
96
94
90
87
84
85
84
84
81
76
76
76
75
76
79
79
77
71
67
70
74
80
86
89
92
94
95
93
94
94
93
94
96
97
96
98
98
92
83
80
83
88
91
89
87
86
95
109
126
147
161
173
185
194
207
211
206
202
199
191
183
177
175
174
170
163
154
146
138
132
135
140
136
138
154
166
109
47
40
42
44
46
46
50
53
56
58
78
81
83
84
89
95
101
101
95
88
84
81
83
83
83
81
74
74
74
72
74
78
81
79
72
67
69
72
78
83
86
88
90
92
90
90
90
90
90
90
91
91
94
94
87
78
73
74
76
78
77
75
81
91
106
125
146
162
182
198
208
213
213
208
203
198
194
187
184
184
180
172
161
149
139
133
130
129
131
137
146
158
162
112
66
57
59
58
58
56
56
59
61
63
87
90
92
93
99
105
109
107
96
88
80
77
81
82
84
81
74
73
73
71
72
78
82
80
74
68
67
70
74
78
82
84
86
88
89
87
86
88
89
87
84
84
80
82
80
74
71
71
72
73
78
81
95
107
120
138
156
174
191
208
216
218
218
213
206
197
187
181
179
179
175
167
154
140
133
129
128
127
126
138
151
160
155
112
78
67
70
67
64
62
58
61
62
64
94
97
101
105
108
115
118
117
104
84
78
80
77
76
80
80
75
74
71
69
71
77
80
78
74
70
67
66
68
72
77
80
83
86
85
88
85
86
87
86
87
81
76
72
72
71
75
79
80
91
97
112
129
145
163
178
189
198
207
218
223
222
223
220
212
200
187
175
167
167
166
158
146
136
125
125
127
125
129
140
145
146
140
105
79
73
70
69
66
61
59
58
60
59
101
104
108
111
114
121
124
122
108
88
80
80
75
72
76
79
78
79
75
71
72
76
78
76
74
70
68
67
67
70
74
78
81
85
87
90
87
89
89
87
87
81
78
73
71
72
84
98
110
126
142
154
168
182
200
211
216
217
222
230
231
230
227
220
212
203
188
178
167
162
154
146
135
126
117
114
114
114
119
127
128
125
118
96
78
72
65
61
62
60
58
58
59
58
109
112
115
118
120
126
129
127
112
90
81
80
73
69
73
77
78
80
78
73
72
74
74
75
74
71
70
67
67
70
72
75
80
83
85
88
89
91
90
88
86
81
80
87
98
109
120
131
144
161
181
190
201
212
227
236
239
238
240
241
239
237
230
218
211
206
191
182
169
157
143
131
121
113
105
99
100
100
104
109
106
102
97
87
76
70
65
61
59
62
61
62
62
60
115
118
120
122
124
128
133
131
116
93
82
79
74
71
73
75
76
76
77
73
70
71
72
74
74
72
68
67
67
68
71
74
78
82
85
89
92
94
94
92
91
88
95
110
128
140
147
154
165
182
189
193
200
210
221
231
236
240
243
243
238
234
225
214
209
202
191
181
166
149
132
117
108
100
92
87
89
88
88
89
89
89
86
83
75
69
66
62
60
64
67
68
69
66
120
123
125
127
129
132
137
136
121
98
84
79
76
75
74
72
72
72
73
70
68
70
71
73
73
69
65
65
66
68
71
73
76
79
82
86
91
94
96
97
98
100
114
128
143
154
161
163
172
184
192
191
195
204
213
221
230
239
240
236
229
222
213
208
205
196
184
170
151
133
115
104
95
89
82
78
78
78
78
81
84
87
86
86
78
69
64
59
58
63
65
68
72
71
125
128
128
131
131
135
139
139
126
104
87
78
76
77
74
69
68
69
67
66
67
68
68
69
68
65
63
63
64
67
70
71
73
75
77
79
86
89
94
101
106
112
124
139
152
161
163
161
166
174
184
181
185
195
203
211
221
227
230
224
216
208
201
200
198
187
168
150
128
112
100
92
87
85
77
71
71
73
78
86
91
95
94
90
79
67
64
57
55
57
59
64
68
68
129
131
132
135
134
137
141
142
129
109
89
78
76
79
74
66
64
65
63
63
65
66
66
66
65
63
61
61
63
66
69
71
72
73
75
77
83
86
91
100
108
117
127
140
147
151
151
148
155
163
170
172
181
189
193
201
211
215
214
209
202
199
194
191
185
170
148
126
106
95
90
86
84
82
77
72
71
73
79
89
94
97
97
88
74
66
62
56
50
49
53
56
59
58
132
134
136
139
138
140
144
145
133
113
91
78
77
81
75
64
61
62
61
61
63
63
63
65
64
61
60
60
62
66
69
70
72
74
74
73
79
81
85
94
102
113
124
135
138
143
147
144
148
151
155
164
177
181
180
186
198
201
201
196
192
193
189
183
172
153
132
110
91
86
84
83
81
79
80
76
75
73
76
83
88
91
89
82
72
64
56
50
46
45
50
51
51
47
139
140
142
143
144
145
143
150
146
121
94
78
81
78
72
66
63
61
59
60
59
59
61
62
62
61
59
59
60
63
66
69
70
71
72
75
77
79
81
85
94
103
113
120
127
133
140
145
145
144
146
154
162
167
171
174
181
191
188
185
183
183
179
168
151
135
115
99
86
83
79
77
76
77
77
78
76
75
76
78
79
82
79
75
69
65
61
52
48
53
56
56
50
47
142
144
145
146
148
148
146
154
151
128
95
81
83
78
73
69
64
59
59
59
58
58
59
61
62
61
59
58
58
59
63
66
69
71
72
75
77
78
81
83
89
96
102
110
118
125
137
144
143
141
136
140
149
156
162
167
173
178
175
173
172
171
164
152
134
119
101
92
82
76
73
73
75
76
75
75
72
70
70
70
73
77
80
81
79
77
75
70
61
55
58
65
72
72
146
148
149
150
153
152
150
156
155
133
96
82
81
75
72
72
69
61
63
62
60
58
59
60
61
61
60
59
57
57
57
60
65
69
72
75
77
78
80
80
83
87
92
98
106
115
129
136
135
132
123
124
133
143
149
155
161
162
159
157
157
154
145
132
118
105
92
88
81
74
71
73
76
75
74
78
80
81
83
84
88
94
102
108
113
114
116
113
99
80
71
79
93
105
148
150
152
154
155
154
151
158
156
135
104
85
80
74
73
74
73
66
68
66
62
59
58
58
60
61
62
61
59
57
54
55
60
65
70
73
76
77
78
76
77
81
85
89
93
101
113
120
119
117
112
111
120
129
134
141
147
146
140
138
139
136
128
116
106
97
91
87
79
72
72
75
79
82
88
96
105
111
115
119
128
136
149
157
166
170
170
168
151
128
104
99
107
125
152
154
153
154
156
155
153
160
159
139
114
89
81
76
76
76
74
71
69
66
62
59
57
57
58
59
62
63
63
59
54
52
54
58
65
69
72
72
73
72
73
78
79
81
83
87
94
98
99
99
95
98
108
116
118
123
127
125
119
117
117
115
109
102
96
92
91
86
78
72
73
78
88
103
115
124
134
141
147
154
163
172
182
192
205
214
218
220
213
197
165
144
133
141
154
156
155
155
158
157
154
162
163
146
116
87
79
78
78
76
74
73
69
66
63
61
59
58
59
60
60
61
62
60
56
52
52
54
58
63
67
67
68
68
71
76
77
79
78
77
79
80
81
83
80
86
96
103
103
103
104
102
98
98
100
100
95
92
90
88
88
86
81
79
82
87
106
129
147
158
171
179
184
187
190
195
208
214
223
230
233
233
231
228
216
194
172
164
155
156
156
158
161
159
156
163
167
153
117
88
79
78
79
77
74
74
70
67
65
64
63
62
61
61
59
59
59
59
58
55
54
53
53
57
60
62
64
65
67
72
75
77
75
72
70
69
68
71
70
76
82
85
84
83
82
81
81
82
87
91
89
86
86
86
84
87
89
95
105
115
134
157
178
189
202
212
216
215
213
215
219
225
232
238
241
239
238
242
235
226
210
198
157
157
157
160
163
160
153
161
167
155
125
94
84
81
80
78
76
75
71
69
67
67
66
64
62
61
59
58
57
58
59
58
56
54
49
52
54
57
59
61
63
67
70
72
72
70
68
65
64
66
63
68
69
68
67
67
66
66
67
70
77
86
86
84
85
84
85
92
101
115
135
149
165
184
195
202
211
218
222
221
220
221
220
226
233
239
242
236
233
236
241
244
239
232
159
160
158
161
163
158
161
155
160
148
127
101
83
81
82
81
77
77
74
73
72
71
69
68
65
63
62
60
58
57
56
55
56
58
56
55
55
54
54
55
57
60
60
62
64
63
61
58
58
59
59
61
61
58
55
57
59
61
65
70
80
86
86
85
85
88
90
101
116
137
162
181
195
204
208
212
218
222
222
222
221
221
218
222
230
238
243
243
242
243
244
246
247
245
157
155
157
154
156
165
165
148
131
121
110
98
85
81
81
80
77
74
77
75
74
74
73
71
68
65
64
64
63
60
57
56
57
57
57
57
56
55
54
52
53
55
57
57
58
57
56
54
54
54
55
56
54
53
52
54
57
60
70
77
86
87
85
86
91
95
101
116
136
160
183
198
207
214
217
219
223
226
227
228
228
227
225
226
231
238
244
246
245
244
245
245
246
245
159
157
156
154
156
168
157
124
87
80
86
92
87
81
79
76
78
76
76
76
76
76
75
73
70
67
68
72
71
64
58
57
56
54
56
56
56
55
54
51
51
52
53
52
51
52
52
51
50
49
57
57
56
53
52
53
60
67
79
87
94
91
86
89
98
106
115
132
156
181
202
209
213
220
220
220
220
221
224
227
228
228
230
230
231
235
238
239
238
238
241
243
247
248
