61
62
67
70
72
75
82
86
85
85
85
86
86
84
83
85
89
93
97
111
128
141
151
164
172
172
174
173
169
170
170
164
159
162
165
161
159
162
168
175
182
189
202
209
211
218
219
217
220
217
220
218
215
210
224
225
226
225
224
230
233
227
216
209
206
203
209
202
196
190
177
155
123
92
56
36
14
4
2
1
1
1
2
2
3
3
2
1
3
5
7
7
9
11
60
61
67
71
73
76
83
88
88
85
85
86
87
87
90
97
107
114
127
136
145
153
163
172
170
160
160
162
160
158
157
149
144
147
148
148
148
151
159
173
188
197
203
214
215
218
216
211
214
205
212
218
221
214
222
214
213
213
214
216
222
220
211
203
199
195
194
194
197
196
197
197
185
164
140
102
54
22
8
4
2
1
3
3
4
4
2
1
5
7
7
8
10
12
58
62
71
69
69
75
84
87
87
87
89
87
90
95
101
114
129
136
144
149
149
149
158
165
161
152
154
144
140
142
141
137
137
138
138
137
143
149
162
183
194
201
203
213
208
205
204
202
203
195
202
211
210
203
203
187
191
191
189
194
194
190
187
182
175
172
169
177
183
185
190
195
201
205
199
181
145
102
58
16
5
5
7
1
8
5
3
3
1
4
6
9
11
11
60
64
69
69
70
77
85
87
88
91
95
96
101
106
110
121
135
142
144
149
147
143
144
145
139
131
137
132
130
130
130
129
134
142
148
151
153
154
160
184
193
197
196
199
189
186
187
185
185
176
178
186
184
177
176
163
168
167
166
170
169
165
163
163
163
164
165
167
169
170
176
183
192
199
199
199
189
167
132
74
32
13
8
1
5
3
1
1
3
8
6
8
13
16
61
64
66
69
73
80
84
85
89
95
101
107
115
118
119
124
132
136
135
139
138
135
136
139
134
126
131
130
127
126
127
127
132
144
149
154
154
155
154
174
180
183
182
181
171
169
168
164
160
153
152
163
166
161
161
150
152
150
151
153
153
150
150
153
156
160
169
164
161
161
165
169
175
184
192
197
201
197
185
149
94
40
13
2
5
4
2
4
7
8
7
9
13
19
59
62
61
69
76
80
81
83
89
97
107
114
120
118
116
118
122
122
127
128
125
124
132
137
133
126
128
128
124
123
127
127
128
136
140
141
143
148
149
155
159
162
160
161
155
153
152
148
147
145
141
152
157
155
157
150
148
144
142
146
147
146
147
150
151
152
160
155
153
157
162
163
167
172
177
181
197
200
198
199
177
121
61
26
9
3
4
6
8
5
10
11
15
19
58
61
60
67
72
75
79
87
94
98
111
113
112
106
106
110
115
117
119
120
119
121
130
136
131
124
122
123
120
120
125
125
124
128
131
128
133
139
143
141
144
145
147
147
141
139
139
138
142
145
141
145
147
143
144
143
143
138
138
141
142
143
145
146
144
144
146
146
146
149
155
158
159
161
171
169
186
195
192
199
200
172
131
76
32
12
9
7
8
9
12
16
19
20
58
61
62
64
66
71
84
96
100
100
105
105
101
99
102
108
111
114
112
118
121
121
126
128
125
121
117
121
119
118
118
119
119
123
122
122
128
130
138
136
143
139
145
143
139
137
137
137
137
139
142
143
141
137
137
138
139
136
141
142
141
141
144
145
144
145
146
146
144
144
149
152
153
155
162
161
168
179
191
195
202
200
180
138
85
39
14
5
8
11
11
15
20
22
55
60
62
62
66
78
93
103
102
101
99
100
97
97
103
105
105
107
108
115
118
116
115
115
113
113
114
116
117
114
113
115
118
119
117
119
125
127
134
135
142
136
139
139
138
137
139
140
138
140
144
142
141
139
138
140
140
139
140
141
140
140
142
142
143
146
146
147
145
145
147
150
153
156
158
163
164
166
177
181
191
201
200
187
150
92
43
13
9
10
10
13
18
22
51
56
59
62
71
87
102
103
101
99
102
101
97
97
101
102
100
102
104
110
111
108
108
109
111
112
113
115
116
115
114
119
120
118
119
122
123
130
132
133
137
134
139
139
139
135
135
136
137
141
147
143
142
140
136
138
138
139
138
140
141
142
143
142
142
144
147
148
148
147
147
147
149
154
156
157
157
159
169
171
182
188
200
205
196
159
106
47
19
12
11
11
16
22
48
59
61
68
82
99
115
101
94
99
104
101
94
95
101
99
95
101
100
104
108
111
113
113
111
109
112
113
115
115
118
122
123
122
123
126
129
132
134
137
137
135
142
139
137
137
138
137
138
139
141
140
141
141
139
137
138
140
140
140
140
141
142
143
145
146
146
147
147
146
146
147
150
152
154
154
156
160
163
165
169
177
189
200
200
195
163
114
49
23
17
16
20
20
49
55
60
73
96
112
118
105
100
98
100
99
95
98
104
103
99
102
103
106
109
114
119
117
113
110
112
113
116
120
122
125
125
123
122
128
134
135
135
136
137
138
142
140
137
138
139
140
141
141
142
141
141
141
141
140
140
140
139
139
139
140
141
143
145
147
145
146
146
145
145
146
148
151
152
153
155
159
163
163
167
173
185
198
202
203
193
165
110
53
20
17
21
21
51
52
60
77
103
115
108
98
101
98
95
96
97
102
107
108
106
105
104
103
104
110
117
117
112
111
114
114
117
122
126
126
124
123
122
129
136
138
137
136
138
140
146
143
140
139
141
144
145
144
144
143
142
143
144
143
141
140
138
139
139
140
142
144
146
147
145
145
145
145
145
147
147
149
150
151
154
159
163
163
165
170
181
192
200
199
202
195
167
102
43
24
21
23
52
54
63
87
110
113
100
93
100
99
93
94
100
103
105
107
109
107
107
104
102
107
114
115
116
118
117
116
118
122
124
123
122
123
125
130
135
139
139
140
141
141
150
149
145
142
142
145
146
146
145
144
146
146
147
145
143
141
139
139
140
141
142
144
145
145
145
145
146
146
147
148
147
147
148
150
154
160
163
163
165
169
181
189
203
200
197
197
197
162
98
53
25
20
53
56
66
103
116
110
98
94
98
95
91
94
101
104
101
105
109
108
108
104
102
106
111
112
116
123
122
120
120
123
123
122
123
126
130
133
138
141
142
143
145
147
154
155
154
150
147
146
145
144
145
146
147
148
147
147
144
142
140
141
141
142
142
142
142
141
143
143
145
146
148
148
148
147
147
151
153
159
162
163
164
169
175
183
200
202
192
188
190
186
155
95
47
25
52
57
78
117
119
101
94
98
99
91
88
92
100
102
99
103
109
109
105
103
102
105
109
110
113
119
123
123
122
124
124
124
127
131
134
139
144
146
146
147
152
156
159
162
165
163
158
151
146
143
145
147
148
148
147
146
145
145
143
143
142
141
140
140
141
140
140
141
143
145
146
147
147
146
146
150
152
156
159
160
162
167
174
180
193
201
197
194
189
193
183
134
79
36
50
64
98
126
114
98
91
96
96
89
84
90
97
101
101
104
109
111
110
108
106
109
114
115
116
120
122
124
126
128
129
131
134
135
138
141
146
149
150
153
158
163
164
167
171
171
165
156
148
145
146
147
147
146
146
146
146
146
147
145
142
140
139
140
141
142
141
142
143
144
143
144
145
146
145
149
151
153
155
157
161
167
171
176
182
194
199
199
198
197
195
166
117
55
51
74
109
122
105
97
90
88
88
83
81
86
94
101
104
106
109
112
115
112
110
112
119
121
121
122
122
125
130
133
137
139
139
139
141
140
143
148
154
158
162
165
165
167
170
171
166
157
149
146
147
148
146
145
144
146
146
146
149
147
143
139
138
140
143
145
144
144
144
144
144
144
144
145
145
149
150
151
153
156
162
168
176
181
181
191
194
193
198
195
193
185
151
86
60
91
119
109
98
96
87
78
80
78
82
85
95
99
106
108
103
111
113
112
108
115
124
127
128
123
124
127
131
135
139
140
141
142
143
140
141
144
154
154
158
161
159
153
162
169
163
159
153
147
146
148
146
148
151
146
147
150
150
149
144
138
137
140
144
147
146
149
146
143
144
147
145
145
146
146
149
152
153
155
165
175
183
187
187
193
195
194
195
196
196
184
172
122
71
107
116
102
92
87
82
76
79
79
82
86
93
95
100
103
101
107
108
110
110
117
122
125
129
127
129
130
133
135
138
140
141
142
143
141
143
148
155
154
156
160
153
152
160
162
159
158
153
148
147
147
143
147
152
150
150
151
150
147
144
142
141
142
143
144
148
151
149
145
147
149
146
144
142
141
142
146
149
153
162
172
183
185
187
192
198
196
194
192
190
188
181
159
89
118
108
91
84
79
80
74
75
77
82
87
92
94
96
98
99
104
105
109
112
117
120
122
128
131
133
134
135
137
139
141
142
143
142
145
147
151
155
158
159
161
157
157
158
155
154
159
158
158
152
149
144
148
153
152
151
151
148
148
149
150
148
147
149
152
157
160
156
152
152
151
149
145
141
138
138
141
145
150
158
165
173
176
179
186
194
194
193
191
191
188
180
177
107
115
96
80
80
75
80
75
72
76
82
87
91
95
96
95
100
103
106
109
112
115
117
119
127
132
133
134
134
137
140
142
143
143
143
150
150
152
154
163
161
160
163
163
158
150
150
155
156
159
157
155
148
152
152
151
149
148
148
152
158
160
156
152
159
168
175
175
169
160
155
153
150
147
145
142
139
141
143
147
153
158
162
168
170
177
182
187
193
197
193
185
180
173
115
105
87
75
78
76
82
75
74
77
82
86
92
98
98
96
102
106
110
109
110
112
115
119
125
131
132
132
132
135
137
140
142
143
146
150
149
151
154
162
161
161
165
165
160
153
152
150
148
152
155
155
151
154
150
149
150
149
151
155
160
163
160
158
166
176
186
182
173
162
152
148
147
145
146
143
142
143
144
146
151
155
160
166
166
170
174
178
188
195
191
183
182
168
115
96
81
75
76
75
81
77
76
80
82
85
94
100
99
98
103
109
112
107
108
109
113
119
124
131
133
132
131
133
134
138
142
145
148
147
146
153
158
162
163
167
166
165
162
154
150
146
143
148
150
152
149
154
147
150
153
154
156
157
158
161
162
163
168
176
179
171
162
154
145
141
143
143
142
142
142
143
144
146
150
152
158
162
161
165
170
174
181
185
184
178
178
165
108
85
75
75
71
74
79
77
78
81
81
85
97
99
96
100
103
107
110
106
107
109
113
118
122
129
133
132
132
132
135
138
142
145
146
145
148
152
160
161
163
167
161
160
158
151
146
143
141
146
148
150
147
153
146
152
156
158
158
157
158
162
163
166
170
175
168
157
148
145
141
139
141
142
140
141
142
143
144
145
148
150
152
157
158
162
166
168
171
171
168
170
170
164
105
75
70
73
68
74
79
78
78
79
81
85
99
96
93
101
102
103
108
104
108
109
112
117
119
126
129
130
132
133
135
138
141
143
142
147
151
148
155
156
159
157
156
157
159
154
149
147
144
146
151
151
147
153
146
153
157
158
156
156
159
162
165
167
171
176
165
152
145
144
142
140
140
141
142
141
142
143
143
144
146
147
148
156
158
161
163
162
163
162
161
168
165
155
90
74
65
71
69
75
78
77
76
79
77
87
96
94
97
97
98
102
108
107
106
107
112
119
124
126
129
130
131
132
135
138
140
142
140
145
146
145
149
154
155
154
157
157
159
158
153
148
145
142
144
141
144
152
152
151
153
156
153
161
164
164
160
162
171
178
166
152
150
145
145
140
141
146
146
145
144
145
145
145
147
151
153
156
157
158
161
163
163
164
158
159
159
149
85
69
65
73
72
78
83
81
77
79
77
87
96
93
98
99
100
101
105
103
100
101
108
118
126
129
130
131
131
132
133
135
137
138
139
142
142
142
146
149
152
154
160
159
161
160
155
150
147
145
143
140
142
149
149
150
154
157
167
170
168
165
159
160
167
173
166
151
147
144
145
142
143
147
143
142
142
144
145
147
151
154
155
157
159
159
160
162
163
164
155
156
153
148
79
67
64
76
75
80
87
85
78
80
81
88
97
95
101
103
103
102
104
104
104
106
113
121
126
127
129
130
130
130
132
133
135
135
138
138
138
140
142
144
149
154
158
155
157
159
155
149
147
146
142
139
141
145
147
152
159
164
169
168
164
161
160
159
165
168
166
151
145
143
145
143
144
146
144
143
142
143
145
148
152
155
156
156
159
160
157
160
164
164
157
156
152
150
75
67
64
78
76
79
86
84
79
83
86
89
96
97
105
106
104
101
105
107
112
116
120
122
124
126
128
129
130
130
132
133
135
136
136
133
135
138
139
139
145
151
151
148
150
154
152
148
146
146
142
142
144
145
147
153
162
167
163
162
159
163
165
165
169
169
164
152
145
143
144
144
144
144
145
143
142
142
144
147
151
154
153
151
155
157
154
156
163
163
162
159
155
152
73
64
64
78
76
77
82
82
77
83
89
86
93
98
106
106
103
100
105
108
113
119
119
119
124
131
132
132
133
132
133
135
136
136
138
135
136
140
140
141
147
152
147
143
145
150
150
147
146
146
145
147
151
151
150
152
159
162
158
157
155
160
165
164
165
164
159
152
145
146
144
143
144
143
142
141
140
141
143
147
152
155
154
151
155
159
157
160
166
166
165
162
158
151
69
60
64
77
75
77
80
80
77
83
91
87
94
100
107
106
105
102
105
109
116
121
120
118
123
131
136
136
136
135
135
134
134
135
138
135
138
141
140
142
147
148
143
141
143
147
148
146
145
145
145
148
155
157
154
153
154
154
154
154
152
154
156
156
156
155
154
151
146
146
142
144
146
145
144
144
143
144
147
150
156
159
157
153
154
158
159
163
167
167
166
163
161
151
64
62
67
74
73
77
79
80
81
87
93
92
101
103
108
111
112
110
108
112
119
123
122
122
124
127
132
134
134
134
134
133
131
131
132
130
133
134
132
136
139
134
135
136
140
145
145
144
144
143
145
146
152
157
155
153
151
150
152
154
152
153
153
153
154
153
151
150
144
145
142
145
149
148
149
150
151
150
153
157
161
163
160
154
150
153
157
160
161
161
165
164
165
153
61
67
69
73
70
75
79
82
86
91
94
97
107
106
108
114
118
116
111
115
118
119
121
125
126
126
126
128
130
131
131
131
130
129
130
129
131
131
129
132
134
128
128
132
139
143
143
142
144
144
146
145
148
153
152
149
149
146
148
152
152
152
151
151
153
151
151
151
143
144
141
146
150
150
151
153
155
155
158
161
165
168
167
160
154
155
160
161
160
161
164
165
167
157
61
63
66
68
70
75
81
83
86
90
94
95
106
111
106
113
126
130
115
117
115
119
124
125
124
122
119
120
122
124
129
132
127
125
126
125
128
124
125
129
134
127
133
135
139
141
143
145
149
151
148
147
147
149
150
147
145
145
147
148
149
149
148
146
147
149
148
148
146
143
142
144
148
149
149
150
151
153
157
161
167
172
170
166
161
159
160
162
166
167
172
173
173
162
60
57
60
67
74
77
82
82
83
88
89
93
105
111
109
116
127
131
115
116
115
119
124
123
122
120
119
119
120
121
125
127
123
123
124
125
127
123
122
127
132
128
135
135
137
140
144
147
150
152
151
149
148
147
145
142
142
144
144
145
146
145
144
143
141
138
139
143
144
142
139
142
144
146
148
148
146
146
151
159
166
173
172
169
163
160
161
165
171
175
178
179
178
165
59
53
58
66
72
76
80
81
83
88
88
95
106
112
112
114
120
124
117
116
115
119
122
121
122
120
123
122
121
120
123
125
123
125
125
126
127
126
123
127
131
133
138
137
136
139
143
147
150
150
152
152
153
151
146
140
138
140
142
143
142
141
143
144
143
139
136
140
142
141
138
139
140
140
141
143
141
142
147
156
163
169
170
167
162
159
160
165
172
177
177
178
174
163
62
55
61
64
67
71
77
82
87
90
94
103
113
118
118
116
118
121
122
120
116
118
120
122
126
125
126
125
123
121
122
124
123
127
128
130
130
132
127
130
133
140
140
137
136
138
141
144
145
146
148
149
149
147
143
140
139
141
143
143
144
143
143
143
141
138
134
133
133
135
136
136
135
134
138
141
140
140
145
153
160
165
167
165
162
160
161
165
170
174
172
172
169
160
62
57
61
62
65
70
76
82
89
93
96
106
113
117
118
117
120
126
126
122
117
116
117
124
131
129
127
125
123
120
120
121
121
125
130
132
132
136
133
134
135
143
139
137
136
138
140
142
143
144
149
149
149
150
148
145
142
139
138
139
140
141
137
128
121
120
120
116
118
125
129
128
127
129
134
136
136
136
141
147
153
157
162
159
158
156
157
161
165
166
165
165
164
163
61
60
56
57
67
75
78
82
90
96
98
105
110
112
113
115
122
130
126
121
115
115
116
122
130
127
128
126
125
122
121
121
122
126
132
133
133
136
137
136
137
143
139
137
137
140
142
144
145
148
148
147
147
148
149
146
140
136
135
130
126
119
106
91
82
81
82
82
88
98
101
99
100
105
114
120
124
131
138
143
146
149
154
152
150
148
149
152
156
158
160
161
164
167
60
63
57
56
66
78
82
85
94
101
105
110
113
113
111
113
121
129
125
117
114
118
119
120
125
121
126
125
124
123
124
125
126
131
135
134
134
136
141
139
139
143
142
139
139
142
145
146
147
150
152
149
144
144
145
143
136
128
117
106
92
75
59
45
37
35
35
38
44
51
51
49
51
56
71
78
90
106
120
128
135
142
146
146
144
144
143
143
147
150
153
157
161
168
60
66
64
59
66
80
86
90
100
108
107
110
115
114
109
110
118
124
125
116
115
124
123
120
121
117
121
119
120
121
124
126
128
135
138
136
136
136
145
142
142
145
144
140
139
142
145
146
146
148
144
142
141
141
137
123
101
84
76
66
51
36
26
18
14
11
9
12
16
18
16
16
16
19
23
30
45
65
87
103
118
131
136
138
139
138
135
134
137
140
141
147
152
159
60
61
59
57
73
82
88
94
99
113
108
102
107
113
114
120
116
122
122
125
123
124
125
123
122
120
124
123
122
121
122
124
129
137
138
138
135
137
151
150
140
147
147
143
140
140
142
145
146
145
142
133
125
118
106
89
68
51
45
38
31
20
16
11
12
12
9
9
7
7
8
7
7
8
8
8
14
31
51
73
101
122
125
130
133
133
132
132
130
126
122
112
119
126
54
55
54
58
78
93
102
102
102
108
104
102
108
113
116
119
112
118
128
127
121
120
121
120
122
124
124
119
116
120
125
127
130
135
138
137
136
138
148
149
142
147
148
146
143
142
142
143
143
141
133
122
110
96
77
59
46
39
38
32
25
20
27
30
33
31
26
21
14
11
9
7
7
11
12
10
14
22
33
54
84
108
115
121
127
128
130
130
121
110
89
68
63
69
50
54
62
79
102
115
127
121
113
106
96
94
94
100
106
105
101
116
128
127
124
124
123
119
120
122
124
117
114
120
126
128
130
136
138
137
137
139
146
149
146
149
149
150
149
146
145
144
138
133
120
103
85
74
65
56
49
45
49
52
53
48
52
54
55
54
46
38
29
23
20
19
20
25
30
29
31
34
40
57
84
104
112
117
119
119
123
120
106
88
69
39
22
17
54
64
79
109
135
142
153
149
141
128
119
110
101
98
99
93
93
115
128
134
135
134
130
123
122
122
123
121
119
121
123
125
130
137
139
137
138
140
144
148
149
151
151
152
149
146
145
142
133
124
107
92
79
71
67
67
69
72
71
69
65
60
62
60
57
51
49
42
33
29
26
23
24
30
41
42
44
48
57
70
87
101
107
112
114
110
109
104
90
75
50
28
14
8
67
84
108
131
144
142
144
141
141
138
140
134
122
108
103
93
92
106
121
132
135
131
125
121
122
122
122
124
123
121
120
123
129
136
139
139
139
140
142
146
150
151
156
153
147
142
141
137
127
117
101
91
83
80
80
82
80
77
68
62
57
49
45
36
27
18
13
11
9
12
15
14
20
29
40
47
50
55
65
76
90
100
105
111
112
106
97
87
75
63
44
27
12
8
83
103
130
130
119
103
91
90
98
111
128
135
135
123
117
111
105
99
105
117
120
116
114
115
119
119
122
125
124
122
122
126
131
134
138
140
139
139
141
144
150
150
155
153
149
145
141
133
120
109
106
100
98
98
96
87
70
55
44
39
41
35
26
16
13
7
7
7
7
8
9
10
17
26
41
51
60
68
76
84
93
105
107
111
110
101
93
84
68
51
45
31
13
5
97
115
126
113
94
76
61
68
74
87
107
121
135
134
134
135
129
110
105
113
111
108
109
113
118
118
117
122
122
123
125
127
130
132
134
140
139
140
143
146
150
150
153
153
153
149
141
129
116
108
111
112
115
108
91
69
50
38
31
29
41
41
30
25
26
15
6
9
10
9
10
12
20
31
39
52
66
76
85
90
97
108
114
122
118
100
85
76
60
44
32
25
16
11
107
119
116
107
97
86
76
89
82
83
86
97
119
131
138
145
146
127
119
118
108
103
105
110
115
117
112
117
121
123
125
125
126
130
131
140
139
141
145
147
151
151
153
155
154
147
136
124
117
114
113
109
104
96
76
54
41
37
35
52
82
81
51
30
24
10
12
16
18
16
14
15
24
35
44
57
68
80
92
99
106
118
128
145
139
103
68
52
42
33
22
16
14
18
115
120
113
107
100
100
110
128
122
110
89
86
99
118
131
142
141
139
137
130
111
103
106
111
117
114
110
116
120
121
122
125
128
129
132
138
140
141
146
148
149
152
156
154
147
140
135
133
128
124
116
106
96
88
75
64
60
61
64
77
102
99
67
40
21
12
15
39
34
21
15
25
29
43
53
67
87
95
100
107
114
126
146
150
148
105
64
34
21
20
14
18
18
17
122
123
117
110
105
110
124
143
139
128
108
88
78
96
124
135
134
145
143
136
123
114
111
113
114
110
108
115
122
123
123
124
127
132
133
136
138
140
144
147
147
148
151
151
150
146
145
141
134
127
116
108
100
97
98
101
107
109
106
103
114
114
85
49
29
25
19
51
45
31
22
33
52
61
69
84
102
108
114
119
121
127
134
143
157
109
56
23
20
31
25
23
20
19
125
126
123
114
109
115
133
152
151
146
127
99
83
99
123
134
137
141
140
136
131
122
116
115
112
111
115
119
124
126
124
124
126
129
132
133
137
140
142
147
148
148
149
151
152
152
151
147
138
130
122
119
120
123
127
132
132
129
128
123
123
119
101
78
59
55
52
67
55
35
28
46
79
91
93
104
114
116
118
123
122
125
132
139
154
116
63
36
39
52
40
23
12
12
127
129
124
116
114
124
145
162
165
165
147
124
110
117
131
135
141
138
136
131
135
130
122
117
112
114
123
122
122
125
126
125
125
126
131
131
136
140
142
148
152
151
152
153
153
152
151
149
143
137
137
139
147
152
152
150
144
138
135
134
129
120
113
105
93
84
75
71
69
54
53
67
90
105
104
111
118
117
117
118
119
123
130
134
141
138
95
63
52
66
73
43
27
27
133
135
125
122
124
134
156
171
173
173
168
159
144
144
149
134
134
137
138
134
140
140
133
124
114
115
124
122
121
122
125
126
127
129
131
132
138
141
141
147
152
153
153
154
153
151
150
152
152
150
147
144
145
148
147
145
144
142
135
132
123
115
111
104
97
93
90
79
82
72
72
81
98
112
102
111
119
122
119
116
117
121
125
129
134
157
128
85
72
93
138
76
33
27
140
142
136
133
133
139
159
172
173
173
182
181
169
152
135
115
129
131
136
138
144
148
146
134
122
121
123
123
123
123
123
125
127
131
132
135
139
140
139
143
147
150
152
154
153
151
151
153
155
155
155
148
144
143
141
141
139
137
127
124
113
105
98
88
84
82
81
76
77
78
82
88
104
107
108
115
119
123
120
115
116
121
128
133
134
151
147
116
105
113
107
55
23
24
139
146
143
142
140
141
162
174
173
172
174
169
152
118
84
77
119
126
136
145
147
150
152
141
129
125
123
124
124
124
122
124
126
128
131
136
138
138
139
140
142
146
150
152
152
150
150
152
153
152
150
148
148
148
147
146
143
139
135
134
126
117
105
94
89
84
81
75
75
80
87
98
116
120
118
121
119
120
120
117
121
124
134
137
138
143
155
147
123
101
79
40
22
27
133
146
145
145
145
144
164
171
164
157
152
143
116
83
58
53
101
122
143
157
153
150
152
142
131
125
121
121
120
121
122
125
125
124
130
135
137
137
139
139
140
143
147
149
149
149
149
151
151
149
148
152
156
155
152
153
152
149
146
145
140
138
129
115
109
104
95
94
111
115
112
117
117
127
124
125
120
119
123
124
129
129
142
137
138
143
153
162
130
102
74
51
47
56
130
145
144
143
147
142
168
165
154
141
133
128
90
75
60
60
86
131
154
162
162
160
153
141
133
125
119
118
118
123
135
128
124
129
134
138
138
137
139
140
139
141
143
147
147
149
150
149
151
148
149
150
154
158
160
159
156
155
153
152
148
151
146
138
139
131
120
121
120
120
122
123
125
130
128
128
128
130
131
132
137
143
148
144
143
142
150
160
148
103
78
69
71
77
122
142
143
142
146
141
161
157
143
130
128
113
100
99
92
84
100
138
163
170
169
165
155
141
131
122
122
128
128
122
125
119
120
126
133
138
139
138
139
140
139
140
141
145
146
149
150
149
152
150
150
151
155
157
160
159
158
156
154
152
147
150
149
146
149
142
132
130
126
125
127
129
129
129
131
132
134
137
141
145
151
156
157
154
149
142
149
159
162
112
77
71
78
88
108
134
144
147
147
141
154
153
140
129
121
124
137
122
117
118
126
138
168
174
172
167
157
141
129
119
125
136
135
122
118
115
117
123
131
137
139
138
139
139
139
139
139
143
145
149
150
149
153
154
154
154
156
159
159
159
159
159
155
150
143
145
147
148
152
147
143
141
135
131
132
131
128
126
125
126
131
139
144
149
154
157
161
161
153
144
150
160
174
125
84
71
77
89
96
119
143
149
147
142
145
148
135
125
129
139
159
143
139
134
138
146
171
175
171
166
157
142
128
117
123
131
133
123
121
117
118
121
125
132
136
135
135
136
137
137
137
140
144
148
148
148
152
156
157
157
157
157
158
158
158
159
154
151
143
143
145
147
152
150
151
149
143
136
134
133
132
132
133
137
144
151
157
161
161
160
160
161
151
147
152
161
178
147
105
83
80
90
90
97
129
143
147
144
143
147
140
129
142
150
161
159
163
147
143
156
174
175
169
164
157
143
128
115
115
119
124
124
125
118
117
121
121
127
132
132
131
133
135
135
134
136
142
144
145
146
150
156
159
157
156
155
154
154
155
156
155
155
152
150
149
151
155
157
157
154
145
138
136
137
140
144
146
149
154
159
163
166
164
161
159
160
151
146
147
157
172
175
135
113
104
104
92
76
114
137
148
147
145
148
150
143
146
160
164
165
170
148
138
150
170
170
163
158
154
142
128
115
109
109
116
121
123
114
115
121
121
124
129
131
130
133
136
136
133
134
138
140
142
145
150
156
159
158
157
156
156
156
157
159
160
162
160
155
154
154
155
157
159
154
147
142
141
141
141
144
150
154
157
159
161
163
163
160
158
159
155
150
146
151
161
187
166
159
166
173
95
63
87
121
143
144
142
142
148
145
150
161
166
163
160
131
122
141
159
160
155
153
151
141
129
117
112
109
112
114
116
110
114
119
121
121
126
129
129
130
134
135
132
132
136
135
137
144
148
153
155
155
157
158
159
159
160
161
163
165
163
156
155
154
152
153
155
151
145
142
138
133
131
133
142
150
155
155
154
156
158
158
159
159
157
153
150
148
154
176
173
169
173
184
98
57
53
97
136
144
143
143
150
146
155
166
172
158
149
126
122
138
155
155
152
151
149
141
130
119
119
114
111
107
110
112
115
117
119
118
121
126
126
127
131
132
129
129
133
131
133
141
144
149
149
150
154
158
159
159
161
162
163
165
162
157
157
157
152
152
148
145
140
134
128
120
121
129
140
150
159
159
157
159
161
162
165
157
156
151
150
148
152
162
183
179
180
191
99
61
46
74
116
141
152
152
145
155
162
170
172
165
154
140
139
150
155
153
149
147
146
133
117
112
110
108
106
108
110
111
110
110
111
113
118
121
122
123
128
133
132
129
133
128
134
140
141
142
140
142
148
152
151
151
155
157
157
155
156
156
153
149
147
148
141
136
132
122
116
113
111
126
142
150
158
157
151
153
158
158
161
159
157
151
144
145
148
166
188
189
183
188
101
71
54
64
98
127
144
152
152
157
163
170
173
170
163
152
151
159
153
148
145
146
144
130
110
99
102
103
105
110
115
116
113
110
108
110
115
119
121
123
127
131
130
128
132
128
133
137
137
137
137
139
143
147
145
145
148
149
148
150
147
144
144
142
138
136
132
127
119
106
105
109
113
130
146
150
151
146
147
154
158
156
157
159
160
158
155
157
154
163
182
188
184
183
103
75
55
57
88
118
131
147
156
160
164
170
174
173
164
157
156
161
154
148
143
144
141
128
112
102
105
107
112
117
120
121
116
112
109
111
113
117
119
122
125
128
128
128
134
131
134
135
136
136
137
137
142
143
141
139
142
143
140
144
141
138
139
134
128
125
121
113
102
90
95
103
107
120
139
150
153
150
153
159
160
158
159
160
160
159
158
160
151
153
170
183
185
184
103
77
58
63
88
108
117
135
151
157
166
169
173
170
158
153
153
156
150
145
143
143
139
129
120
114
112
115
118
119
119
119
117
115
116
115
116
118
119
120
122
123
125
128
135
133
135
135
137
138
140
138
140
141
139
138
138
138
137
136
136
136
135
131
126
121
113
98
84
82
92
102
108
124
140
154
156
153
157
159
158
160
158
158
155
151
152
155
144
142
151
168
178
183
102
81
67
71
85
99
107
123
139
150
159
161
163
158
149
147
148
148
142
140
143
145
141
132
122
115
113
115
116
114
112
113
114
117
119
118
116
117
117
119
121
121
120
126
132
132
133
131
137
140
141
137
136
137
136
135
134
132
132
126
127
130
127
128
123
110
93
86
84
91
101
100
103
119
139
149
149
145
148
145
140
141
140
142
139
135
137
144
134
134
137
148
162
176
103
85
69
69
80
95
105
111
124
140
151
155
155
152
149
149
147
145
146
144
144
145
143
132
120
112
113
113
112
111
111
111
113
116
117
116
115
114
115
118
121
122
118
123
128
129
130
127
135
139
139
134
132
133
132
131
130
128
125
121
122
122
119
119
108
87
78
86
101
116
115
97
91
103
120
129
128
124
124
119
113
116
115
117
118
115
116
125
119
124
125
129
143
163
104
86
69
69
80
97
103
103
114
129
144
154
159
157
159
158
153
150
159
155
147
142
139
129
119
117
117
113
110
113
116
116
115
116
117
117
116
115
115
119
122
124
118
121
123
125
128
125
134
138
138
133
131
130
128
126
125
124
120
119
117
115
111
102
89
80
91
104
117
127
124
104
90
90
104
106
95
81
73
67
62
64
72
80
89
94
100
105
101
107
105
110
126
143
102
87
80
77
84
97
99
101
113
120
133
150
160
162
163
160
155
154
165
162
150
140
133
123
117
121
119
111
107
113
120
122
120
119
120
121
120
118
117
120
123
125
118
119
120
123
127
125
134
137
135
132
130
128
124
122
122
122
120
118
111
107
101
84
79
92
112
121
126
130
129
110
83
67
55
55
44
31
29
27
19
15
20
36
59
77
88
91
82
87
89
101
118
130
99
89
86
85
88
92
100
109
113
118
124
134
144
151
156
157
157
158
165
160
149
137
128
116
114
119
114
108
111
119
120
119
119
119
120
124
124
123
124
126
125
123
119
116
124
126
126
128
133
133
132
132
132
125
121
118
121
120
120
116
105
91
81
78
92
110
126
131
127
129
128
121
112
84
58
44
30
20
18
12
12
11
14
12
26
54
70
76
76
68
76
95
113
123
97
89
84
81
84
92
103
112
112
114
120
124
129
137
146
152
156
161
165
157
145
139
130
116
108
112
113
111
115
119
119
119
122
121
121
123
122
124
126
126
125
126
123
118
123
122
121
123
128
130
131
128
126
121
120
118
123
121
116
109
91
80
85
93
103
114
123
127
126
127
126
125
122
107
88
72
61
46
41
25
21
19
22
17
26
46
59
63
59
51
63
82
107
120
96
92
85
80
84
93
105
111
111
112
116
117
117
121
128
133
139
145
147
138
130
135
128
116
105
111
116
116
118
118
117
119
124
124
124
122
120
122
124
122
121
123
122
117
123
121
120
121
126
127
125
121
118
117
118
118
122
119
105
95
80
79
95
103
104
108
123
122
123
122
120
120
119
116
116
107
109
100
92
61
45
34
33
27
32
40
42
40
38
43
57
68
90
105
96
99
94
87
89
96
103
106
107
113
115
116
115
112
113
114
118
123
122
118
117
130
123
115
105
113
120
120
120
117
115
118
123
127
127
124
120
120
121
118
115
117
118
117
125
124
121
120
122
124
120
119
118
120
122
118
121
114
92
79
76
87
96
95
94
98
108
105
110
113
115
116
114
116
106
103
107
105
100
78
64
55
42
33
34
32
30
28
34
57
82
76
84
97
97
105
104
96
94
100
104
105
106
112
115
119
115
103
96
90
82
76
81
90
102
122
118
114
108
114
119
120
120
118
117
117
121
125
128
126
120
118
118
116
113
113
116
117
124
122
120
116
115
116
120
123
123
124
125
118
118
107
86
71
73
86
84
80
86
92
92
91
102
107
111
112
109
115
109
104
98
92
86
75
67
62
48
37
30
23
28
41
55
79
91
78
75
84
95
108
110
99
96
101
107
109
107
109
108
115
114
107
100
91
71
52
45
61
88
115
116
113
109
112
113
116
118
119
119
117
117
120
122
120
115
114
114
113
112
113
115
115
119
116
115
111
110
112
119
123
122
122
122
114
112
96
83
71
73
76
69
72
83
85
93
96
104
107
107
105
104
112
102
100
94
88
81
76
65
57
51
46
34
21
32
57
74
89
91
82
70
75
92
109
112
102
99
103
109
113
110
112
110
116
115
111
109
99
77
56
50
64
92
116
118
110
105
103
105
114
118
118
119
116
114
115
116
113
109
110
112
111
112
116
117
113
113
109
111
110
110
112
115
120
116
117
119
112
106
85
79
76
74
69
66
73
82
86
98
103
107
107
108
107
107
114
108
105
97
90
84
79
69
60
60
58
46
33
42
63
80
86
94
93
73
68
89
109
112
105
105
107
111
115
114
119
119
122
119
116
116
113
101
89
70
75
97
117
117
106
100
97
101
114
119
116
115
115
112
112
114
110
107
111
113
110
113
120
120
115
111
107
111
111
110
112
112
116
112
114
119
113
105
80
77
80
73
66
68
77
88
98
105
109
107
108
112
112
113
117
111
108
104
98
98
95
91
85
78
74
62
55
61
74
86
88
91
97
74
65
94
111
112
111
104
105
111
112
116
121
125
131
128
125
122
123
125
119
105
99
105
114
113
103
93
96
103
112
117
117
108
110
112
115
122
111
109
112
115
114
115
123
122
119
114
112
114
106
107
107
110
110
108
113
113
112
105
81
79
77
72
66
67
76
89
104
107
106
116
117
117
118
121
119
119
112
112
118
120
121
120
115
104
91
89
80
82
90
88
93
98
94
74
68
104
111
110
111
107
107
112
113
119
125
129
136
137
138
140
143
146
142
129
118
113
110
104
96
93
101
110
113
114
115
109
111
112
114
118
110
110
113
114
116
118
123
123
119
112
108
108
102
103
104
106
105
105
111
109
106
102
84
77
71
66
60
55
56
64
78
81
85
93
96
101
102
109
112
112
116
121
124
128
134
141
144
134
126
118
110
106
100
91
98
101
95
75
72
119
109
105
109
108
109
112
114
122
128
134
140
142
147
150
153
158
155
147
131
119
109
100
93
95
105
113
111
109
111
111
112
109
109
109
103
108
112
111
114
116
118
117
115
109
106
107
102
104
105
102
101
101
107
105
100
97
85
73
60
55
52
42
33
30
36
43
55
63
70
73
67
71
75
77
84
87
88
93
105
121
133
140
147
147
143
137
120
101
99
98
90
75
76
131
106
105
111
113
116
118
120
129
136
142
144
146
149
153
156
157
156
147
128
114
106
101
95
95
104
107
108
106
110
113
116
110
105
106
103
110
113
111
115
116
112
109
110
108
105
107
103
107
107
105
103
103
108
106
103
98
87
74
59
57
62
57
45
33
27
27
37
46
56
55
45
56
63
60
61
60
63
69
75
84
95
114
130
133
132
131
127
115
101
91
81
73
80
137
102
107
114
119
123
124
125
134
140
141
143
146
148
152
155
154
152
145
121
105
100
100
95
92
97
97
104
104
106
113
120
114
109
109
106
113
111
107
111
111
106
104
108
108
106
106
102
104
103
101
104
105
106
104
102
96
85
69
61
69
82
85
82
70
59
46
50
67
82
76
61
73
74
75
65
57
61
62
54
51
58
73
85
88
93
99
111
112
93
82
75
75
86
132
102
111
117
123
130
131
132
138
140
137
137
141
143
149
153
149
145
139
118
103
98
99
96
90
89
88
100
99
100
107
118
115
113
111
108
109
104
100
105
105
98
102
107
108
106
106
100
101
99
97
103
106
102
98
97
90
80
70
75
92
105
111
115
113
110
99
91
97
103
91
82
99
105
97
85
78
81
74
55
42
43
47
49
52
61
67
82
89
76
71
71
80
93
123
104
113
118
126
136
138
141
144
143
139
137
139
138
144
150
145
139
131
117
105
96
95
96
89
84
86
97
97
96
99
109
110
112
111
109
108
102
101
105
102
98
100
106
107
103
103
99
102
100
100
103
103
99
97
97
88
76
72
85
105
112
115
121
125
131
125
118
124
125
116
112
122
126
122
116
117
121
112
91
73
67
63
54
44
40
39
50
62
64
61
68
84
94
116
109
109
113
122
134
139
143
146
142
140
137
135
131
137
145
140
136
127
118
106
90
87
91
87
82
88
99
98
96
97
103
104
109
107
106
105
102
102
106
101
97
100
106
105
100
101
98
101
100
103
101
97
93
95
96
83
69
78
95
113
116
116
119
125
136
136
134
142
141
141
139
140
140
134
128
126
126
118
109
101
94
86
75
54
34
25
29
40
52
58
69
86
92
109
105
103
106
118
130
138
142
145
145
145
140
136
138
138
143
145
132
122
112
104
84
79
82
83
82
88
98
94
93
100
99
99
106
105
103
101
96
104
103
99
96
100
101
97
98
101
96
96
101
102
96
91
88
90
89
80
73
85
103
116
118
120
129
137
142
142
142
146
150
153
151
148
147
144
139
139
131
129
133
129
131
121
108
77
51
34
34
52
56
62
73
89
95
110
106
103
105
116
128
135
140
142
143
146
141
137
137
135
140
144
134
122
109
102
84
81
83
80
77
88
92
93
96
97
94
97
102
105
103
103
100
104
99
96
97
97
94
89
94
101
96
97
104
100
93
88
85
87
87
80
74
89
106
120
123
124
130
138
143
142
144
146
145
142
136
133
132
134
130
130
127
132
145
148
152
158
161
144
125
91
71
67
67
69
82
95
90
108
103
102
105
115
127
136
141
144
145
146
142
137
135
133
138
144
139
122
109
100
88
87
88
84
80
88
85
90
97
92
88
94
97
101
101
101
100
102
94
92
98
100
97
89
94
102
101
100
102
94
89
88
86
87
85
78
75
88
103
116
122
125
130
135
140
142
141
140
135
129
123
118
118
120
113
112
109
117
131
136
142
150
160
158
152
127
94
74
71
76
90
97
81
108
101
98
100
110
124
136
140
143
145
146
143
139
137
134
137
144
142
121
107
99
89
89
91
88
85
89
84
86
94
91
86
91
93
98
98
96
96
99
93
94
98
100
99
91
91
98
100
97
89
81
80
84
86
84
78
71
70
83
93
105
115
125
130
133
137
140
134
130
127
126
123
119
116
109
101
97
93
96
102
107
115
127
134
140
138
135
99
80
74
81
91
91
69
109
102
97
98
107
122
134
139
142
144
146
144
141
140
136
135
141
141
128
111
101
91
87
90
86
87
86
83
79
85
89
87
88
90
99
99
92
94
98
98
99
101
98
98
92
91
95
96
91
81
74
77
85
86
82
75
69
70
77
83
93
108
122
130
133
136
134
130
126
126
129
127
121
117
110
102
95
90
86
83
87
96
105
113
123
126
131
99
79
74
84
88
79
57
107
101
98
96
105
119
133
139
144
146
146
144
142
142
139
135
137
138
137
119
105
93
85
87
80
81
80
79
72
76
86
85
83
87
96
99
89
91
96
100
102
101
101
99
94
94
93
88
84
79
74
77
84
86
83
79
73
75
71
76
85
99
114
122
126
130
129
128
127
127
127
122
115
109
106
98
91
88
81
75
77
87
90
102
111
122
125
109
86
82
87
81
67
47
108
104
99
95
100
113
125
133
141
144
145
143
142
145
142
137
138
141
143
124
106
94
86
88
77
75
75
73
67
73
83
81
80
83
86
93
85
89
91
93
96
96
99
97
92
89
83
77
78
77
76
76
80
81
83
83
78
77
70
77
85
94
103
108
114
121
124
124
125
124
124
118
111
106
99
94
88
88
84
78
78
83
85
98
106
117
119
111
86
80
80
71
57
44
115
114
107
100
102
112
122
130
138
142
143
141
142
146
146
141
143
145
148
128
110
100
95
98
85
79
73
69
67
76
81
79
81
83
80
88
83
88
86
85
88
90
95
96
91
84
75
74
80
79
80
77
78
80
86
89
82
77
75
83
92
96
98
100
108
118
119
119
119
122
125
123
118
113
108
104
98
97
93
85
81
77
85
100
111
116
117
105
83
73
70
62
52
44
121
121
111
106
109
118
128
135
138
139
141
142
141
143
144
140
139
146
149
140
122
105
100
94
86
81
72
65
63
70
79
75
83
85
79
81
91
87
83
84
88
90
95
93
87
82
81
82
81
79
77
79
81
80
84
88
87
81
83
94
99
95
94
99
108
114
115
115
118
122
127
129
128
125
119
116
115
112
109
113
113
105
102
102
111
119
112
89
77
70
64
53
43
43
126
126
118
108
108
120
129
132
136
140
141
143
142
141
140
136
133
135
143
142
129
111
97
87
82
84
75
69
64
66
72
69
75
77
76
77
87
85
84
85
92
96
97
95
92
89
89
87
79
71
74
77
78
76
77
83
87
86
91
97
99
96
96
103
109
112
113
115
119
125
130
133
134
133
132
128
124
122
123
136
142
136
116
113
118
117
102
80
67
62
60
52
45
43
134
141
136
119
110
116
127
133
136
138
140
145
146
144
143
140
136
134
134
139
135
119
100
87
84
89
85
78
72
71
71
69
73
74
74
74
82
83
85
85
91
97
100
99
96
94
91
85
75
66
70
72
73
73
76
85
91
94
91
93
96
95
95
103
109
108
113
117
122
127
131
134
136
136
133
127
121
116
120
136
145
141
125
118
123
111
90
70
60
54
52
48
45
44
140
142
139
126
113
113
122
134
139
135
133
139
142
143
143
142
138
135
134
137
138
131
112
94
85
86
85
80
75
73
69
65
66
70
69
67
74
77
80
77
82
87
93
93
91
88
85
82
78
76
76
75
74
74
79
85
90
89
88
92
97
96
95
102
111
113
113
118
123
127
129
130
130
131
132
129
122
114
113
123
131
130
122
116
122
102
79
65
56
54
45
44
44
45
161
145
138
131
122
116
119
131
138
136
134
135
139
141
141
138
134
132
131
132
140
142
128
106
90
84
84
77
72
71
64
57
56
64
66
64
69
75
81
78
82
87
86
84
81
79
78
79
81
81
78
76
74
74
77
82
85
85
86
90
95
96
97
102
109
113
112
116
121
124
126
125
124
123
124
122
118
111
106
107
112
116
115
111
114
93
71
60
53
51
40
41
42
46
197
171
153
139
124
117
118
125
136
142
141
138
140
142
139
136
133
130
124
128
138
146
139
118
100
89
86
78
71
70
61
54
51
59
57
57
57
62
72
74
80
83
80
78
77
78
79
79
77
74
71
70
70
69
70
75
79
82
85
87
88
93
98
99
100
103
106
109
113
117
118
118
116
114
114
114
112
106
99
96
99
105
107
104
102
81
63
52
47
46
39
40
42
44
223
206
185
158
132
119
115
121
134
146
147
142
140
141
136
133
131
129
128
128
134
139
136
124
108
94
86
77
69
68
60
56
49
54
56
55
51
53
65
68
75
76
69
68
71
77
81
81
76
71
67
66
65
65
66
68
70
71
81
83
83
91
101
98
93
98
100
102
105
107
107
105
104
103
100
102
99
95
91
89
89
91
91
92
84
64
55
46
43
42
41
40
42
43
236
234
220
191
157
133
120
118
130
143
154
148
144
141
136
133
132
129
129
126
127
129
130
129
118
102
86
77
70
68
62
61
51
51
55
55
47
47
58
60
64
60
63
65
71
77
79
77
72
69
62
59
59
63
68
69
69
67
72
77
78
88
99
93
87
94
97
101
101
100
98
95
94
94
93
94
93
90
91
90
87
85
77
78
67
51
47
42
41
42
42
42
43
43
244
241
241
230
207
170
135
124
130
138
150
152
147
142
138
131
127
130
128
127
124
123
128
133
125
108
89
73
73
68
64
59
54
53
52
42
41
43
49
47
54
57
62
68
73
75
75
70
65
64
59
57
60
66
69
70
69
66
68
69
73
80
84
82
84
90
92
91
92
91
85
84
90
89
90
86
82
80
82
80
82
89
79
76
58
44
44
43
44
44
43
41
41
43
246
243
242
240
232
207
169
140
133
138
146
150
149
143
138
132
128
128
126
125
125
125
129
133
130
119
104
83
79
72
67
60
55
56
46
33
30
32
36
37
49
55
60
60
61
65
68
66
65
66
66
60
60
67
70
68
64
62
64
68
73
77
79
80
84
92
89
88
89
88
80
80
87
85
82
82
78
74
73
72
79
93
87
80
57
42
41
41
42
43
43
42
43
44
246
246
240
242
243
234
209
177
154
142
144
151
155
149
142
136
131
131
129
127
126
123
123
127
128
125
113
95
88
77
71
64
57
53
43
27
25
27
28
30
42
48
51
50
49
52
56
56
57
63
62
59
62
69
67
62
62
65
67
68
70
74
78
79
81
86
82
83
86
87
81
81
84
79
73
74
70
66
63
64
74
90
91
82
59
43
40
39
42
43
43
43
44
44
245
245
246
246
247
245
239
224
196
169
153
153
153
152
147
139
134
133
135
130
124
119
115
118
123
123
114
103
95
77
70
67
60
52
46
31
31
36
31
30
36
37
38
39
42
45
47
47
49
54
54
54
60
65
62
58
61
67
70
67
66
70
73
71
71
76
74
75
79
82
79
79
81
75
69
66
57
56
57
62
69
82
82
75
57
45
43
41
43
43
43
43
44
45
243
243
244
245
245
243
243
240
223
201
177
161
150
151
150
144
137
135
132
129
123
117
115
118
119
115
111
104
95
77
70
66
61
54
52
39
38
44
37
34
35
32
36
40
43
45
47
48
48
49
50
50
54
58
57
56
58
59
61
65
66
65
64
62
64
68
69
68
69
72
68
70
76
70
61
55
48
51
52
59
63
71
70
64
50
45
44
42
43
43
43
43
43
45
244
244
246
247
247
246
246
244
240
230
208
180
156
150
151
146
139
133
126
124
123
121
120
121
115
107
107
101
97
86
78
64
60
58
60
48
44
47
39
38
38
36
42
45
44
43
46
48
46
44
45
45
49
51
48
49
51
52
55
64
66
61
62
66
66
63
67
63
62
66
62
61
65
61
49
48
51
61
56
60
62
64
61
55
45
43
44
42
44
43
42
43
44
44
245
246
246
246
247
248
247
246
244
241
229
205
179
160
150
147
142
134
125
123
123
124
123
120
112
104
108
104
102
94
86
69
62
63
64
57
49
47
39
39
40
41
38
41
40
38
38
38
40
41
43
41
44
45
42
40
44
48
50
57
58
56
60
64
60
53
61
55
55
58
52
47
48
45
36
39
51
65
53
55
56
58
55
49
42
43
43
42
45
44
43
44
44
45
243
245
246
246
247
247
246
246
244
241
244
231
207
178
156
152
150
141
128
123
123
125
124
119
113
109
114
112
105
94
86
74
71
70
67
61
53
49
38
38
38
40
34
39
42
40
39
38
44
52
49
41
39
42
41
38
39
42
44
47
49
53
53
50
45
43
52
44
41
44
38
31
33
32
25
25
36
49
33
37
45
47
51
45
39
43
44
44
46
43
43
45
46
46
245
245
246
245
246
245
245
246
245
244
243
238
227
206
179
161
153
147
139
132
123
119
123
122
116
118
119
112
105
98
91
86
85
82
70
67
63
51
43
40
37
39
38
42
42
36
35
38
42
44
41
35
33
38
42
40
35
32
38
45
46
45
45
43
39
40
41
38
37
36
31
26
26
31
29
27
23
30
23
28
29
37
39
39
41
43
45
46
45
44
43
43
46
47
244
244
246
246
246
245
245
246
245
245
246
245
241
229
206
178
157
150
146
135
122
114
117
122
118
114
113
109
107
103
96
93
92
90
76
70
63
54
48
44
39
39
44
41
36
36
39
39
38
40
36
36
38
41
43
41
35
30
35
42
42
37
37
37
37
40
41
40
40
38
31
25
24
28
29
27
22
24
18
22
25
32
40
40
41
43
45
45
45
43
43
43
44
46
243
244
245
245
245
245
244
245
245
245
246
247
245
240
225
198
169
151
146
138
131
123
118
122
119
112
109
106
108
107
99
96
98
96
87
76
65
57
52
48
43
43
47
44
40
38
39
38
36
36
38
40
40
38
37
38
35
31
34
39
41
40
40
36
36
41
41
40
36
31
24
19
20
22
30
24
18
15
15
22
30
34
41
41
42
43
45
45
45
44
43
43
44
46
241
242
244
244
245
244
244
243
244
245
246
245
243
240
235
222
193
164
142
138
140
132
119
115
115
112
108
104
106
107
98
97
100
99
94
79
66
58
53
50
44
44
46
47
42
35
35
37
37
36
41
42
40
35
32
34
33
30
34
37
41
47
47
37
32
36
37
35
31
26
22
20
20
20
26
19
15
13
21
30
40
42
43
42
42
44
45
45
45
44
44
44
44
46
241
242
242
242
242
243
243
243
244
245
244
240
242
241
238
237
218
184
154
140
137
133
118
112
111
112
106
102
104
105
99
97
100
100
97
82
71
63
59
55
49
50
50
50
44
37
37
40
41
40
38
39
40
39
37
35
30
27
35
38
41
46
49
40
32
32
35
33
30
27
27
26
23
19
19
18
23
23
32
38
46
44
43
43
44
44
45
45
44
43
44
43
43
44
242
242
240
239
239
240
241
242
243
243
243
237
239
240
236
237
229
210
172
144
130
127
120
114
110
108
106
103
102
103
100
96
96
97
96
85
76
70
66
61
57
58
55
54
50
44
39
36
36
39
35
35
37
42
42
37
31
27
36
40
39
40
47
49
44
41
42
38
31
26
24
23
19
16
18
25
37
40
43
42
46
44
45
45
44
45
45
45
44
44
43
42
42
44
244
242
241
240
238
238
239
241
241
241
243
239
238
237
236
236
234
231
191
158
133
123
120
117
110
104
106
104
100
100
99
95
93
97
97
88
80
74
70
67
64
65
59
61
60
54
45
36
33
36
36
34
34
36
37
35
32
30
34
35
32
35
44
48
45
43
42
39
31
24
20
19
21
22
30
34
43
46
46
44
45
43
46
45
45
45
45
45
45
44
44
42
42
42
246
244
246
244
241
239
240
241
241
241
238
240
235
234
238
237
234
237
215
182
149
128
120
119
115
110
105
104
98
97
99
95
95
103
107
97
88
79
76
76
74
76
69
73
71
65
60
54
45
39
37
35
32
31
32
32
31
29
28
25
24
31
39
36
30
30
33
32
30
27
24
25
30
37
42
40
40
43
45
45
47
45
47
45
46
45
46
45
45
43
44
43
42
42
246
249
249
246
240
236
236
237
237
239
240
239
237
236
236
236
236
235
231
206
168
134
118
118
117
109
104
101
96
97
99
96
93
96
102
99
96
92
85
81
80
80
81
81
79
73
66
62
56
48
43
38
35
33
32
31
31
28
30
27
21
26
25
23
15
16
19
23
28
31
35
38
42
42
41
43
43
44
44
44
45
44
44
44
44
45
45
45
45
45
45
45
44
43
248
248
248
245
239
235
235
235
236
238
237
236
235
236
238
239
237
234
234
222
190
151
124
115
110
104
99
97
94
96
100
96
91
94
99
100
101
98
91
86
87
88
86
82
79
76
72
69
64
59
49
42
36
32
31
34
34
32
31
29
22
22
19
20
17
19
29
33
36
37
37
40
42
43
41
42
42
43
45
45
45
44
44
44
44
44
44
44
44
45
46
46
45
44
250
250
247
243
238
234
234
233
234
237
236
235
234
235
236
237
235
232
231
231
211
173
138
115
107
106
97
93
93
97
99
94
91
93
97
98
100
100
95
92
93
94
90
84
81
81
79
74
71
69
60
51
41
35
32
32
31
29
27
27
24
26
31
36
37
40
37
40
43
41
40
39
41
43
42
43
42
43
44
44
45
45
45
45
44
44
44
44
44
45
46
46
45
44
