78
74
67
62
59
58
54
50
41
32
22
29
39
59
96
145
185
215
234
237
232
228
226
224
222
219
216
217
219
221
222
221
218
217
213
215
215
214
213
215
213
211
210
208
207
207
205
202
202
204
209
213
217
220
224
231
236
240
239
241
244
248
247
247
249
250
251
247
246
248
250
250
248
244
249
249
241
212
169
124
80
46
49
43
35
32
36
43
47
47
53
60
68
77
80
76
73
67
61
58
53
49
41
34
22
38
63
105
153
200
218
229
230
227
219
215
212
212
212
209
203
207
212
215
214
211
208
206
204
205
204
202
201
202
200
196
193
191
190
190
187
185
185
188
192
196
201
206
211
218
225
230
232
234
238
242
244
245
246
248
249
247
248
251
251
251
249
246
250
250
249
241
225
193
136
82
58
44
34
36
41
43
45
48
52
57
65
74
80
80
76
70
68
57
48
41
30
32
40
73
124
174
206
230
229
224
217
210
204
200
197
197
197
198
197
197
199
201
202
203
202
200
195
192
190
190
189
190
188
184
181
179
176
173
170
168
169
170
174
176
180
187
194
203
210
214
218
222
230
237
239
242
244
247
248
250
249
248
250
249
248
248
249
245
246
245
238
228
194
149
102
69
44
42
43
44
48
49
54
57
63
71
79
77
71
69
69
60
49
40
35
47
88
132
180
212
222
226
215
203
195
194
194
190
185
185
188
189
187
187
189
191
191
193
192
190
186
183
181
180
179
180
179
175
170
168
165
163
160
157
157
158
160
162
166
170
178
188
197
201
205
210
217
225
229
231
235
239
244
248
249
248
248
249
249
251
250
244
242
243
246
247
231
205
152
111
75
58
51
47
48
52
57
60
64
70
78
73
66
66
67
59
51
47
60
89
145
191
222
230
218
204
191
179
176
182
185
180
173
173
178
179
177
177
178
180
181
183
184
183
178
175
172
171
170
171
170
166
162
160
158
156
154
152
152
152
153
153
155
159
166
177
186
191
193
197
204
211
216
219
224
229
233
239
244
244
243
243
246
248
250
247
245
246
247
248
246
238
211
172
125
85
61
50
46
52
54
60
64
71
78
74
68
66
64
59
59
71
104
148
193
221
223
212
196
182
177
172
170
178
181
174
164
164
170
172
168
168
171
174
175
178
179
177
173
169
166
164
162
162
161
158
155
154
152
152
151
150
149
149
149
148
148
149
155
165
175
180
180
184
192
197
203
205
211
215
221
230
237
238
238
239
241
244
247
248
249
249
248
246
245
247
241
218
178
124
83
62
50
53
55
59
62
68
80
77
74
71
66
63
76
105
150
193
219
220
203
190
182
171
172
171
170
173
172
165
158
159
163
164
161
161
165
168
170
173
173
171
166
162
159
156
153
152
151
148
145
144
143
144
145
145
145
145
145
144
143
142
145
152
161
164
170
174
181
189
193
197
201
206
213
222
227
228
230
230
233
237
242
245
247
247
247
247
247
249
246
239
217
174
126
89
62
54
57
60
62
65
81
79
78
73
68
76
102
140
184
214
217
206
187
178
177
167
164
162
164
162
159
155
152
155
158
159
158
158
161
164
165
167
166
164
158
154
150
146
143
142
139
136
134
133
134
135
136
137
138
139
140
140
138
136
136
140
146
150
154
157
166
173
179
183
188
193
201
209
214
214
217
220
224
229
235
236
237
241
245
247
246
246
243
243
235
216
178
129
87
62
57
59
62
67
79
77
75
72
82
109
144
178
201
208
200
189
178
170
168
159
154
151
152
147
144
145
147
149
152
154
156
155
156
156
156
156
156
153
148
144
140
136
132
130
128
124
123
122
123
124
125
126
128
129
127
127
126
125
124
127
133
137
143
147
154
160
165
168
173
179
183
193
200
202
205
211
217
221
225
225
229
236
240
242
243
245
242
243
241
239
217
175
131
92
69
60
61
68
77
73
68
75
102
146
185
208
208
192
182
174
170
157
151
145
145
144
141
135
133
138
142
143
146
149
153
151
149
148
145
145
145
142
140
136
131
127
123
121
119
115
112
112
112
112
113
114
116
118
117
118
118
117
116
119
125
130
129
132
137
142
145
148
153
157
160
173
183
189
195
202
208
212
219
219
225
230
230
230
236
243
242
246
243
246
236
211
175
129
89
68
59
63
77
76
80
104
134
165
188
193
186
175
165
160
156
152
149
143
141
144
140
138
137
140
142
139
137
138
143
144
143
139
135
134
132
129
127
124
120
116
113
110
107
106
105
104
103
103
104
105
106
107
110
110
109
109
110
113
118
121
121
122
126
131
133
132
133
136
144
155
170
179
185
191
195
196
200
206
213
218
215
217
227
239
239
242
241
243
241
228
205
176
132
97
62
57
80
87
106
133
160
177
181
175
166
156
148
145
144
145
145
141
139
142
137
135
135
138
139
135
131
130
133
133
131
127
125
124
122
119
116
114
113
110
107
103
100
99
100
99
99
100
102
105
106
107
106
106
106
107
107
110
113
116
118
120
123
125
127
128
129
128
130
141
154
165
171
175
178
177
179
186
196
202
204
207
217
227
234
239
241
243
241
237
225
204
171
126
79
59
83
100
129
153
171
179
177
169
159
148
143
142
143
145
143
137
134
135
130
129
130
132
131
128
124
122
124
123
121
118
116
115
112
109
105
105
105
104
101
97
95
94
96
96
96
96
98
99
100
100
101
101
102
103
104
107
109
110
112
115
117
117
119
121
122
120
123
132
143
152
158
162
163
164
167
173
182
189
193
198
205
211
219
226
234
239
238
238
237
224
197
156
115
86
86
110
141
158
166
169
167
162
153
141
137
136
137
141
140
134
129
128
125
124
123
123
122
122
119
116
114
112
110
108
107
106
104
100
99
99
98
97
94
91
89
89
88
89
89
91
92
94
96
97
95
95
97
99
101
103
104
105
107
108
109
110
112
114
114
113
117
122
129
137
143
150
153
154
156
161
167
179
189
198
203
206
211
218
231
237
237
238
238
231
212
180
148
111
93
120
148
160
163
159
155
150
144
135
128
128
131
135
135
130
126
125
122
122
120
118
119
118
115
111
108
106
104
103
103
102
99
97
97
97
97
97
96
93
88
87
85
86
87
88
90
91
92
92
91
93
94
96
98
99
100
99
102
101
101
105
107
107
107
108
109
113
117
123
129
138
143
146
146
148
155
167
183
195
201
203
210
215
228
235
235
237
238
235
224
201
174
137
108
133
152
158
155
151
147
140
135
129
125
125
128
131
131
128
125
124
122
122
121
119
117
115
110
107
105
103
101
101
101
101
99
97
97
97
98
100
99
95
91
88
88
88
89
89
89
89
89
90
93
93
94
95
97
97
97
97
99
98
98
101
103
101
102
104
104
106
109
114
121
129
137
142
145
145
149
159
175
190
197
196
204
208
217
221
224
230
233
236
231
220
204
171
124
146
154
153
145
142
138
129
123
118
119
119
122
126
128
128
127
127
123
121
119
117
115
111
107
104
101
99
97
97
98
97
95
94
91
91
94
95
94
92
89
87
87
88
89
90
91
92
93
94
95
95
96
96
97
98
98
97
98
97
98
98
100
100
101
102
101
102
105
108
113
120
129
135
140
141
144
153
168
184
192
193
197
201
208
209
214
220
224
234
236
233
220
195
135
152
154
150
141
138
134
125
121
120
120
120
122
125
128
128
128
127
124
120
116
114
111
108
105
103
100
98
96
96
95
94
92
90
89
89
91
91
90
89
89
90
91
91
91
91
91
92
93
94
95
95
96
97
97
98
98
98
97
98
99
99
99
102
104
102
104
103
103
104
108
115
125
133
134
136
140
147
160
175
184
187
188
195
202
202
206
210
213
228
232
230
221
209
139
153
152
140
140
130
127
125
118
117
115
116
120
124
126
128
128
125
121
117
113
110
108
104
102
101
99
97
95
94
94
93
92
90
89
90
92
92
92
90
89
88
91
91
91
90
90
90
92
93
93
94
95
96
98
99
99
99
99
99
99
100
100
101
102
104
104
104
103
104
105
110
120
128
133
137
139
142
151
163
175
185
192
191
199
196
195
200
204
214
221
222
214
210
140
149
142
133
135
128
127
123
117
115
113
114
117
122
125
127
126
122
117
113
108
106
104
102
101
100
99
100
99
98
98
99
97
95
95
96
96
96
95
93
91
90
90
90
90
89
88
88
90
91
92
92
94
96
97
99
100
100
100
100
101
102
103
104
105
106
106
106
106
106
107
111
118
125
130
132
134
138
147
158
169
179
185
186
192
188
187
191
195
208
216
220
214
212
139
141
133
126
129
125
126
124
118
116
111
110
113
119
123
125
124
119
114
111
106
104
104
103
103
103
103
104
104
103
103
104
102
99
99
99
99
98
97
95
93
91
90
90
90
90
89
89
90
90
92
93
94
96
98
99
100
101
102
103
104
105
106
107
109
111
109
109
110
109
109
111
117
122
128
129
131
135
141
148
157
167
173
173
177
176
177
179
185
202
215
222
219
216
137
132
127
121
123
121
123
123
119
116
110
107
110
115
120
123
122
118
115
112
109
107
107
108
107
108
107
108
107
105
105
105
103
99
99
99
99
99
98
97
94
93
92
92
92
92
91
91
92
93
94
95
96
98
99
100
101
101
104
105
107
108
109
110
112
113
112
112
112
111
111
112
116
119
124
125
126
131
137
142
152
163
165
164
166
166
167
169
177
196
211
223
222
217
136
129
125
118
119
118
120
119
120
117
110
106
107
112
116
119
119
116
115
114
111
111
111
111
111
111
109
110
109
107
106
106
105
102
102
102
103
103
103
101
99
98
96
96
94
93
93
93
94
95
96
97
99
100
100
101
101
102
105
107
109
111
112
114
115
114
115
115
113
113
112
113
114
115
116
118
121
128
135
141
152
165
166
165
164
162
162
162
170
185
201
217
220
219
135
127
123
118
117
116
119
118
120
117
110
106
105
110
113
116
115
113
115
114
113
112
113
114
114
112
111
111
111
112
112
113
112
112
109
110
111
111
110
107
104
102
100
100
99
96
95
95
95
95
98
99
100
101
102
103
104
105
109
111
113
115
117
120
121
120
117
117
116
116
116
116
114
112
111
112
116
123
131
138
148
160
164
165
165
162
158
160
171
181
194
209
216
219
131
124
121
117
117
116
119
116
117
114
109
107
107
111
113
114
113
112
113
113
113
113
115
117
116
114
113
113
113
116
118
117
117
118
117
117
118
117
115
112
109
107
105
105
104
103
101
100
99
98
101
102
101
102
103
105
108
111
114
117
119
120
124
128
129
128
125
123
122
123
125
123
118
112
110
110
113
119
127
132
139
146
154
159
165
162
155
161
176
182
191
203
207
212
126
119
119
117
117
117
118
114
114
108
110
106
109
112
114
113
112
111
111
111
112
113
116
118
118
115
113
112
114
117
118
118
118
121
121
122
121
119
116
113
110
109
109
109
109
109
107
105
103
102
103
103
102
103
104
107
112
115
118
120
121
123
128
133
135
134
132
131
130
131
133
132
124
116
110
110
112
118
126
131
134
138
146
154
164
162
152
160
177
182
189
195
196
201
122
118
115
114
116
117
115
112
109
107
106
108
109
110
109
110
109
108
109
110
112
114
116
117
118
120
117
117
117
118
118
119
120
122
121
121
120
120
117
113
110
108
108
107
107
108
108
106
104
103
103
103
104
105
107
109
113
115
119
121
123
125
129
133
136
137
137
136
136
138
140
138
131
125
119
117
117
121
125
128
130
134
142
151
161
161
152
158
175
178
187
190
191
195
120
116
111
112
113
115
113
110
107
105
107
108
107
106
106
105
105
105
110
111
113
114
114
114
116
118
119
118
119
120
119
118
118
120
120
119
118
117
113
109
105
104
103
103
104
106
106
105
103
103
104
104
105
106
108
111
113
115
117
117
118
121
125
129
132
132
131
132
134
138
142
144
142
137
132
129
127
126
126
126
129
134
144
151
159
157
148
154
171
173
180
188
195
197
118
115
109
109
110
111
110
109
108
108
111
110
109
108
106
105
106
108
110
111
112
112
110
110
111
113
116
118
119
118
117
116
115
114
114
113
111
109
105
101
98
96
99
99
101
103
104
103
103
103
104
105
105
107
109
111
112
113
113
112
111
113
117
121
124
125
126
129
134
141
148
154
156
156
149
147
142
137
132
130
132
136
147
152
157
155
146
151
165
163
171
185
197
199
116
113
108
107
107
109
108
108
109
109
111
111
111
111
108
107
108
110
113
113
113
112
109
107
108
110
114
116
117
115
114
114
113
112
110
108
105
102
98
95
92
92
95
96
99
100
101
101
102
103
103
103
104
105
106
107
107
108
109
108
108
110
113
118
123
126
129
133
141
150
159
166
171
172
167
163
157
152
146
142
140
140
142
146
152
155
151
157
166
161
163
178
192
196
112
111
107
107
108
109
108
107
106
107
110
111
112
111
110
110
112
114
113
113
112
111
109
106
107
109
113
115
114
112
110
109
108
107
105
102
99
95
92
89
88
88
91
93
95
97
98
98
99
99
99
100
101
102
101
101
102
102
103
104
106
110
113
118
124
130
134
140
149
158
167
175
181
183
180
176
170
165
162
156
148
141
140
141
146
151
152
160
168
160
159
169
183
190
111
110
108
109
111
113
112
108
105
104
106
109
110
110
112
116
120
120
117
114
111
109
108
108
109
110
110
110
108
106
104
103
101
100
98
95
92
90
87
86
85
86
88
90
92
94
94
94
95
95
95
96
97
97
97
97
97
97
97
99
103
107
110
114
122
129
133
139
148
158
168
178
186
190
191
188
185
180
178
172
161
152
144
141
141
145
149
160
170
162
159
165
176
186
108
108
109
110
112
114
113
109
106
105
105
110
112
112
116
122
123
121
118
112
106
103
102
102
101
101
97
95
93
93
92
90
87
87
86
84
84
84
84
84
85
86
85
87
87
90
91
91
91
90
90
90
90
90
91
91
90
90
93
93
95
98
98
100
105
110
115
121
130
139
152
167
179
186
192
194
194
191
187
182
174
167
150
143
139
140
144
157
170
165
158
164
175
183
106
106
109
109
111
111
111
110
108
108
113
119
123
123
126
131
128
121
109
102
93
88
87
85
83
81
74
72
71
72
72
70
69
69
68
69
70
73
76
77
79
81
83
84
84
86
87
87
87
86
86
84
83
83
84
84
83
82
83
81
81
80
78
76
78
82
86
91
99
110
126
144
160
170
180
185
188
186
181
179
175
171
163
153
144
139
138
150
161
156
156
163
174
181
104
105
105
105
109
108
109
113
112
115
119
128
133
134
135
132
121
111
100
85
75
70
65
64
63
55
48
44
44
47
49
47
47
49
47
49
53
58
61
65
71
76
76
77
79
80
82
82
82
81
80
79
79
79
79
79
77
74
73
71
69
63
56
49
47
47
51
55
63
74
86
100
117
130
138
148
154
158
160
161
164
171
169
162
155
147
138
143
153
151
151
158
170
176
100
101
101
101
104
105
108
114
118
124
132
138
139
136
131
119
103
92
80
65
54
48
43
42
39
33
28
24
23
25
27
27
27
28
29
31
36
43
49
55
62
68
70
73
76
78
80
81
80
80
78
78
77
75
75
73
70
67
64
61
56
48
39
30
26
25
24
25
29
34
40
49
60
70
75
88
100
109
118
124
134
152
161
162
163
159
148
144
149
146
146
154
165
168
100
100
102
101
104
105
108
114
120
128
137
138
136
129
119
101
82
70
56
42
32
28
25
25
24
20
18
15
13
14
15
15
17
17
19
21
26
34
42
50
59
64
67
70
73
75
77
77
76
74
73
74
75
73
72
70
66
64
60
56
49
41
34
25
20
18
16
15
14
14
14
15
21
27
34
45
55
68
80
88
103
125
136
150
160
162
152
142
138
136
142
151
161
162
100
101
103
104
107
107
108
112
119
128
135
132
122
109
97
80
61
50
41
29
23
23
23
23
25
24
20
18
16
14
14
16
16
16
19
21
24
29
37
46
54
58
64
69
73
74
74
72
71
70
71
73
74
73
72
71
68
65
60
55
48
43
38
32
27
24
21
19
17
15
13
12
14
16
20
25
28
35
49
56
68
87
107
129
149
160
158
144
136
132
140
148
159
159
95
97
101
104
106
106
107
111
119
126
128
118
99
81
70
60
48
39
34
28
27
31
33
33
34
34
34
34
32
28
25
26
27
28
30
31
33
38
42
49
55
59
62
67
73
73
71
69
68
68
70
72
73
72
72
72
71
68
63
59
53
50
45
41
36
34
32
29
26
23
20
17
17
19
23
25
22
25
35
43
51
64
82
108
133
154
162
153
142
136
138
143
153
154
92
94
98
104
105
105
107
111
119
121
114
99
74
55
49
45
42
40
37
38
42
45
49
48
46
47
46
45
42
38
35
35
37
38
42
43
44
45
48
53
57
60
64
68
72
72
69
67
66
66
68
70
71
69
71
73
72
70
67
63
60
57
56
53
49
46
45
42
40
37
33
30
29
29
29
30
28
26
29
33
40
48
64
89
116
143
160
160
151
142
139
139
147
151
89
93
100
106
106
107
109
112
115
110
97
78
55
42
39
37
38
42
48
52
56
56
58
56
55
55
55
53
49
46
45
45
46
49
54
56
56
55
56
59
63
65
67
69
70
71
69
69
69
70
70
70
69
66
68
72
71
69
65
63
62
61
61
58
56
55
52
50
48
47
44
42
40
40
41
40
39
37
33
34
36
38
53
73
98
127
153
163
160
151
141
137
147
155
88
92
100
107
107
109
113
114
111
100
77
59
42
39
41
39
42
50
58
64
64
58
56
54
53
54
54
51
45
44
43
44
47
49
56
57
56
55
54
56
59
61
66
66
67
69
71
74
76
77
76
75
71
66
66
68
68
65
64
63
62
63
63
61
59
58
56
55
55
56
55
54
53
53
53
49
50
50
45
42
41
38
43
60
81
110
140
159
163
154
143
138
148
160
88
91
100
107
107
108
113
115
106
88
64
44
37
39
43
50
56
60
63
62
57
49
42
41
42
42
42
37
35
35
36
37
40
44
50
52
51
50
52
52
54
59
66
66
64
67
71
77
84
86
84
78
73
68
66
66
65
61
61
59
58
57
56
55
54
52
50
51
54
57
58
57
55
55
56
55
57
58
56
54
51
48
48
50
63
85
116
145
161
152
144
140
149
161
88
92
98
105
106
109
115
116
104
85
57
43
40
44
51
59
63
62
55
48
38
28
23
23
26
28
25
23
23
25
26
27
31
35
38
42
42
43
45
48
50
55
61
62
61
66
74
83
92
95
92
85
77
71
67
66
64
62
57
55
54
53
51
51
50
46
45
46
49
51
53
52
50
50
47
50
55
59
60
59
58
56
53
46
49
65
95
126
151
152
146
138
148
162
89
92
96
103
106
109
114
113
98
77
58
51
52
53
57
60
55
48
40
32
21
15
13
13
13
15
16
16
19
22
23
23
24
27
29
33
35
37
41
46
50
53
54
56
57
65
77
90
102
106
102
93
82
73
68
65
64
60
56
52
50
47
44
43
40
37
36
36
38
41
43
42
41
41
43
46
52
56
58
60
62
63
58
45
39
50
76
108
140
150
147
138
146
161
89
92
95
103
107
111
114
109
93
73
60
58
61
62
60
55
42
32
23
18
13
12
11
11
10
11
14
16
22
26
26
23
22
22
22
25
28
30
35
41
46
48
49
52
56
66
82
99
113
117
114
102
88
75
67
64
62
58
52
47
43
41
37
34
31
28
26
24
25
27
28
27
27
28
30
34
39
45
51
58
63
66
63
51
44
50
73
102
134
148
149
144
148
158
87
88
94
104
111
115
115
107
92
74
65
64
67
67
60
47
30
22
20
19
19
20
20
17
14
13
15
20
28
32
31
25
20
18
18
20
23
25
29
36
41
42
43
50
58
73
92
111
127
132
128
114
95
79
67
62
59
55
45
40
35
33
29
25
23
21
18
17
16
17
17
17
19
20
21
26
30
37
46
52
59
65
66
61
55
57
75
101
133
147
152
151
151
156
86
88
94
106
114
118
115
105
91
76
71
68
68
65
57
41
25
22
29
34
40
44
40
32
24
20
23
27
33
36
34
27
21
19
18
18
21
22
24
31
37
37
42
53
66
86
108
128
144
149
143
127
105
85
68
59
53
49
42
34
28
25
21
18
16
14
14
13
13
14
15
15
17
19
22
23
21
24
32
39
49
61
68
70
68
65
78
100
132
148
153
155
155
158
88
90
95
108
118
122
118
107
94
81
75
69
66
61
56
47
38
39
45
51
59
60
56
47
40
35
37
39
40
39
35
29
23
20
19
19
21
23
23
26
33
35
46
62
81
104
126
146
162
166
159
142
117
92
70
57
49
44
40
31
25
22
19
17
15
14
13
13
15
16
16
16
18
21
22
20
17
17
20
24
36
53
66
75
80
78
86
100
129
145
154
156
161
165
92
95
96
109
121
127
124
114
102
90
82
74
68
62
59
57
53
56
63
66
69
67
63
60
59
57
53
52
49
45
39
34
29
25
26
24
27
28
26
29
36
38
53
71
93
117
140
159
173
177
170
152
126
98
74
59
49
43
37
28
24
22
20
18
17
17
18
20
23
26
26
25
27
30
30
28
23
22
22
20
25
42
62
75
88
89
93
102
124
140
155
158
170
174
92
97
99
111
121
127
126
118
108
96
86
76
69
66
66
70
73
72
74
72
71
71
68
66
64
64
60
57
53
49
45
40
35
31
30
30
30
32
34
35
41
51
68
93
113
136
159
175
188
190
183
162
134
108
84
65
51
43
36
28
26
25
24
24
25
29
34
40
44
47
49
48
48
51
50
51
49
44
38
26
25
35
54
71
86
96
98
106
124
142
161
169
174
177
93
99
100
111
118
121
117
108
100
92
84
77
72
71
71
72
72
70
68
66
65
65
64
62
60
59
60
59
55
52
49
44
39
37
36
36
35
36
41
46
57
68
88
113
132
152
172
186
197
198
191
171
145
120
96
75
56
44
39
31
29
30
29
30
32
36
47
53
58
61
64
64
65
68
69
68
63
58
55
48
42
42
49
61
73
82
96
115
136
151
161
169
173
181
90
96
105
112
116
117
112
103
97
90
82
78
76
76
76
76
75
73
67
65
63
61
60
57
54
51
52
50
50
49
45
42
39
38
39
40
40
43
50
57
70
83
101
125
142
160
177
186
195
195
188
170
147
126
105
84
64
50
43
35
34
35
34
34
37
41
49
56
61
65
68
69
71
75
72
76
78
76
71
65
59
55
52
55
62
75
98
122
142
154
161
174
178
184
97
101
109
116
119
119
116
109
101
91
86
82
81
81
81
83
83
82
77
74
69
64
60
54
49
44
42
42
42
40
38
36
36
37
41
44
48
53
61
68
80
91
109
131
147
164
177
183
189
189
183
167
147
129
113
97
80
66
53
44
41
39
37
39
40
44
45
51
57
62
66
67
68
70
69
69
72
72
68
65
68
72
74
62
61
79
109
130
142
151
165
182
183
181
95
99
110
121
126
125
122
116
107
95
91
89
87
89
90
92
93
92
90
86
79
72
65
59
52
47
44
42
41
40
38
37
39
42
47
53
60
67
74
81
90
99
115
135
149
164
175
178
183
183
176
162
145
130
119
110
96
83
68
56
50
47
45
43
42
44
44
47
50
53
58
60
60
62
66
63
64
69
71
72
75
77
79
73
74
84
100
116
133
153
171
184
182
179
84
92
111
125
131
130
124
117
110
99
93
90
92
95
97
99
100
99
102
100
94
86
77
71
64
58
53
50
47
45
43
44
47
51
58
63
70
76
83
90
97
104
114
131
143
156
165
167
171
171
165
154
140
128
120
115
107
95
82
68
60
56
52
48
44
44
44
44
43
44
48
51
53
56
60
65
70
77
82
84
81
78
77
82
89
85
85
99
125
153
170
179
180
182
89
103
119
126
129
128
123
116
109
101
94
93
97
101
103
106
109
110
117
116
111
103
94
87
79
74
67
61
56
55
55
57
61
64
71
75
79
83
88
95
101
107
113
128
137
150
159
160
164
165
160
151
138
128
122
119
114
105
91
80
72
68
62
58
53
54
52
53
51
52
56
60
64
68
72
79
85
86
88
86
85
87
93
92
94
90
95
112
129
150
165
173
179
184
97
115
127
127
125
125
123
116
110
103
98
98
102
107
110
114
119
122
129
129
125
117
106
99
91
86
80
72
67
66
67
69
74
79
83
86
89
91
94
99
104
109
114
128
137
149
157
158
163
165
163
153
140
127
120
120
115
108
100
89
84
80
75
71
66
66
64
66
67
69
72
77
81
86
93
99
103
105
103
91
86
94
101
96
100
103
110
124
135
154
164
170
175
181
94
106
114
120
123
121
122
114
110
103
102
105
107
113
116
120
130
135
140
138
132
123
112
105
99
95
90
86
81
79
79
84
89
92
93
93
90
91
96
99
102
108
119
135
145
153
159
160
167
172
171
161
146
131
122
118
115
112
105
100
95
92
88
84
81
81
82
82
82
84
86
89
98
106
112
118
118
123
116
104
102
95
97
107
122
113
111
123
147
162
169
176
178
179
95
104
108
116
122
121
121
113
111
107
108
111
114
118
121
126
136
140
142
140
132
122
111
105
100
98
97
96
94
93
94
98
101
102
96
94
90
90
93
95
96
101
118
136
145
151
157
160
168
174
176
167
151
135
124
118
115
112
113
108
102
98
95
93
91
91
95
95
95
98
101
104
113
121
129
140
145
150
146
139
133
117
101
111
115
121
127
127
138
153
172
186
189
186
104
114
112
118
121
121
121
113
112
111
114
118
120
122
122
125
134
137
135
132
126
116
109
104
103
103
103
105
104
103
103
104
104
102
96
92
88
89
93
94
96
100
117
136
143
144
150
155
163
173
176
170
157
140
127
119
115
112
108
105
102
101
101
103
103
103
103
100
99
100
101
107
117
126
136
150
161
171
177
183
180
159
119
115
111
124
135
133
130
140
166
189
199
195
103
115
120
121
118
119
120
114
113
112
115
119
121
120
117
118
124
124
119
117
112
107
104
102
102
102
104
107
108
106
103
101
97
93
88
85
85
90
95
97
99
101
114
129
132
130
135
138
148
164
171
167
156
139
124
114
107
103
101
100
99
99
102
106
108
108
111
109
107
106
107
112
120
127
137
149
165
180
190
203
208
193
172
143
132
135
140
148
134
135
153
180
198
200
96
106
120
121
116
116
115
112
112
112
113
117
118
115
111
111
115
112
106
103
99
98
99
98
97
95
97
100
100
97
94
90
85
81
78
79
85
93
100
103
104
104
109
115
115
114
116
119
131
150
161
160
151
136
119
108
100
95
90
88
88
91
99
108
115
119
116
115
115
114
114
117
121
124
130
138
154
173
187
203
216
215
208
177
159
153
148
150
139
142
150
172
190
201
97
103
113
119
118
117
111
108
109
111
114
116
113
109
103
101
104
99
93
91
89
90
93
93
90
88
88
89
88
85
80
75
71
69
70
77
90
103
110
113
113
109
105
104
105
104
105
107
118
136
149
151
147
135
124
117
110
105
97
92
86
83
85
91
98
104
111
110
108
108
109
112
116
118
123
124
129
141
153
167
184
197
200
199
182
173
157
136
136
151
156
170
184
201
99
100
105
115
115
114
108
108
108
111
114
112
106
100
95
93
94
90
86
84
83
84
87
86
85
84
85
84
81
78
73
66
63
63
69
80
99
112
117
119
114
104
99
94
97
98
98
101
109
121
132
137
139
135
132
132
129
126
111
101
90
82
77
77
83
90
101
101
101
101
104
108
112
114
112
109
109
115
126
140
156
173
179
198
195
186
166
138
141
150
156
165
179
202
96
93
98
107
106
107
104
108
109
111
111
107
99
93
90
88
91
88
86
84
82
82
82
82
81
81
79
76
75
73
66
61
59
61
71
85
105
116
117
116
107
94
92
87
92
93
92
95
101
107
117
124
130
131
134
138
140
138
129
117
101
91
81
74
75
82
86
89
94
98
100
103
104
104
103
103
101
103
112
122
129
142
155
170
181
177
166
153
151
140
147
156
175
203
93
92
96
110
108
102
104
103
105
110
109
103
95
89
89
89
87
85
85
85
84
82
82
81
79
76
74
73
70
69
66
62
60
63
74
88
102
109
111
107
98
92
91
90
88
87
86
88
95
101
107
114
118
122
131
138
144
150
143
131
113
96
82
72
69
70
73
77
84
92
94
95
95
97
97
97
96
96
100
105
111
119
126
145
165
166
170
166
152
137
146
154
170
196
94
92
97
110
109
102
102
101
102
105
103
97
92
89
88
88
86
83
83
84
85
82
81
79
76
74
70
69
67
67
65
61
62
67
78
91
102
106
106
102
95
92
92
91
88
84
83
86
92
95
99
104
108
116
128
136
142
147
145
136
119
99
81
70
66
66
70
70
76
84
88
88
89
94
96
96
95
94
97
99
102
107
112
126
140
150
161
165
152
140
147
154
169
185
95
91
95
109
109
102
100
97
97
99
96
92
89
87
87
86
84
81
82
84
85
84
80
77
73
70
65
64
63
64
63
61
62
69
82
93
102
103
101
95
91
89
93
93
91
87
86
89
92
93
93
95
99
106
117
124
129
135
138
133
121
101
81
70
67
67
70
67
70
77
81
81
84
91
94
96
95
94
96
97
98
101
100
107
115
133
148
159
152
148
148
155
167
171
96
89
93
107
108
103
100
95
95
95
92
90
87
85
86
85
83
81
81
82
84
83
78
73
69
66
63
61
60
63
64
60
63
71
83
92
99
98
93
87
83
83
87
91
93
92
93
96
96
93
91
89
90
96
101
105
111
118
123
123
115
98
82
74
71
71
73
69
68
71
74
76
82
89
94
96
95
94
96
96
97
100
97
97
103
119
135
148
148
154
150
157
165
160
94
87
93
104
106
104
100
95
94
93
91
89
86
83
84
83
82
81
80
80
80
78
74
69
64
62
62
60
59
63
66
64
65
70
81
87
90
83
76
69
68
70
75
83
90
93
96
98
95
89
87
83
81
82
82
84
93
103
109
110
105
93
81
76
74
72
73
70
67
66
68
73
80
85
91
94
94
91
91
91
93
97
99
94
97
108
126
136
143
153
153
157
162
153
87
82
93
102
103
102
99
96
95
92
90
88
85
82
81
81
81
81
81
78
76
73
69
65
62
61
61
60
61
64
67
67
67
71
77
79
75
66
57
51
50
54
63
74
86
94
99
99
93
86
83
77
74
71
65
65
74
83
89
92
91
84
78
76
74
72
71
70
67
63
64
70
76
80
84
89
90
89
89
89
93
97
101
91
95
103
121
130
139
149
151
155
159
150
84
84
95
101
100
100
97
95
95
91
90
88
84
81
81
80
81
80
78
75
70
67
64
61
60
61
60
61
63
64
67
67
69
72
73
72
65
55
47
41
41
44
56
66
80
91
97
98
93
86
80
73
68
62
52
50
56
61
66
71
74
75
74
74
74
73
72
70
68
64
63
65
70
74
78
85
88
89
90
93
95
98
96
92
95
104
117
125
132
141
146
153
155
150
88
92
97
100
98
97
95
94
95
91
89
88
85
82
81
80
81
80
75
70
65
61
59
58
58
60
60
64
64
64
66
67
69
71
71
70
62
53
46
40
40
42
50
60
74
86
93
94
90
85
78
70
64
57
47
44
47
47
50
56
63
68
70
72
73
73
74
71
69
66
62
60
63
68
76
83
88
89
92
94
95
96
90
91
96
106
112
119
123
134
142
150
152
150
96
95
102
99
97
95
95
94
92
90
87
85
83
80
79
78
77
77
71
64
58
56
56
57
59
62
63
62
62
63
65
68
71
72
76
71
63
56
51
47
47
46
50
58
68
75
82
88
87
82
74
63
57
52
49
47
43
41
41
48
57
64
69
71
71
69
70
71
71
70
66
63
62
62
70
78
85
88
89
90
91
89
88
90
96
99
103
112
118
126
140
149
150
149
97
96
98
96
94
93
93
92
90
88
84
83
82
80
79
79
77
75
69
63
57
54
55
57
60
64
64
63
62
63
65
70
75
79
80
75
67
60
54
51
49
50
49
55
61
65
71
78
79
77
69
58
53
50
49
49
46
45
48
54
61
67
70
71
70
68
70
71
72
71
69
67
65
63
66
71
78
84
88
90
88
85
86
88
93
96
100
109
116
122
135
146
149
150
95
94
95
94
92
92
91
89
87
85
82
81
81
80
80
80
77
73
65
60
54
53
54
57
61
65
65
65
64
65
67
71
78
83
81
77
70
63
58
54
52
52
53
56
58
61
65
71
75
75
66
57
51
50
53
55
54
54
58
63
68
71
71
71
69
67
68
70
70
70
70
70
68
64
62
64
71
81
89
91
87
82
83
86
92
93
99
108
114
120
130
142
150
151
94
93
96
95
94
92
91
89
86
84
81
81
80
80
80
79
73
67
61
56
52
51
54
58
63
67
66
66
66
68
69
73
77
80
80
77
71
66
61
57
55
55
56
56
57
59
62
66
70
72
64
57
51
49
55
59
59
61
68
72
75
74
72
71
69
67
67
68
68
67
68
70
68
65
61
60
66
78
87
90
87
83
83
85
90
92
98
108
115
121
127
140
152
153
98
98
97
96
95
94
92
89
86
84
81
81
80
80
80
77
69
60
56
53
51
52
57
61
64
66
67
67
67
68
72
75
77
78
80
77
72
68
64
60
58
58
57
56
55
56
58
60
64
67
65
61
56
53
59
64
64
67
75
77
78
76
73
71
70
68
68
67
65
62
65
69
69
66
59
58
61
72
81
85
85
85
83
85
89
91
96
106
114
120
127
138
153
155
99
98
94
93
92
91
90
87
85
82
80
81
80
79
79
76
64
53
51
51
52
56
61
66
68
68
67
66
66
69
73
77
78
78
78
76
73
71
67
64
62
62
60
57
54
53
53
54
59
65
68
66
62
59
63
68
67
72
77
79
79
76
73
72
70
69
68
66
62
61
63
67
67
65
59
57
58
65
72
78
83
86
85
85
89
89
94
103
111
119
129
139
153
155
97
95
92
90
89
89
88
85
82
80
80
80
80
79
78
72
59
47
46
49
55
61
67
70
71
70
68
69
70
72
76
78
80
80
79
78
76
75
73
71
69
69
65
61
57
56
53
52
57
64
68
69
67
64
68
70
68
73
78
79
80
77
75
74
72
70
68
66
63
62
63
65
66
65
60
57
55
59
64
72
81
87
86
86
88
87
90
100
109
117
129
139
153
156
97
95
93
90
88
87
88
85
82
80
79
80
80
78
77
71
56
41
41
47
57
65
70
73
74
73
71
73
76
78
80
81
82
82
82
81
81
81
80
78
76
76
73
69
65
64
61
59
62
68
73
76
75
72
75
75
72
77
78
80
81
79
77
76
74
71
69
67
65
64
64
65
65
66
60
57
54
54
59
69
79
86
85
85
86
85
86
96
106
116
126
137
153
157
99
97
94
91
88
88
87
85
82
80
80
82
81
79
78
74
57
40
42
47
56
63
69
72
73
75
75
77
79
80
80
82
83
85
83
82
81
80
80
81
79
77
74
77
77
73
70
68
69
74
80
80
82
79
78
81
80
80
81
83
84
83
82
80
77
74
72
70
68
67
68
66
64
65
62
59
55
54
57
66
76
84
85
84
84
83
85
94
104
113
123
137
155
157
101
98
93
89
87
86
86
85
82
81
81
83
81
79
78
74
60
45
46
49
55
61
68
71
73
74
74
74
75
76
77
79
81
82
80
80
80
80
81
81
77
75
76
79
80
79
77
76
76
80
84
84
84
81
81
84
84
84
82
84
84
82
82
80
78
75
72
72
72
73
73
69
64
64
63
61
58
56
57
64
74
83
83
83
83
82
84
92
101
110
121
136
154
158
102
95
88
86
85
86
86
84
82
81
82
82
81
79
77
73
62
52
51
51
54
59
65
68
69
68
66
65
65
66
68
71
75
78
78
77
77
78
79
78
75
73
74
78
80
80
80
79
79
82
84
81
80
77
78
82
80
78
77
78
78
78
79
79
78
77
74
76
77
78
76
70
65
64
63
62
59
57
56
62
72
80
82
82
83
82
83
90
100
108
118
134
153
158
100
91
85
84
84
86
85
83
81
79
80
80
80
78
75
69
62
56
54
54
54
57
62
65
62
58
55
52
49
50
54
60
67
72
76
74
74
76
77
76
73
72
71
77
81
80
79
79
79
82
80
75
72
69
71
75
71
68
67
68
70
71
72
73
73
72
75
76
77
76
74
68
64
64
64
62
59
58
57
63
72
79
80
81
84
83
84
90
97
106
115
130
151
159
98
90
86
85
84
84
84
80
78
77
77
78
79
77
73
68
62
57
56
55
56
58
61
61
55
48
42
38
34
37
44
54
64
72
80
78
79
81
83
81
78
76
78
86
90
86
83
82
84
88
86
78
71
67
70
74
70
65
64
65
65
66
65
63
61
60
65
68
70
72
71
66
62
63
64
61
58
57
59
64
72
78
77
78
82
82
83
89
95
104
112
130
151
160
97
92
90
88
86
83
80
76
75
75
75
78
79
77
73
68
62
58
55
55
55
56
57
54
46
39
31
27
25
30
41
55
69
80
90
92
95
97
97
96
92
88
92
101
104
97
90
89
94
99
101
91
81
75
79
84
80
75
71
70
69
66
61
54
49
46
49
54
59
64
67
65
62
62
63
59
56
56
58
64
72
77
76
77
81
81
83
89
94
102
110
128
149
161
95
91
92
90
87
84
80
75
74
74
74
77
79
77
74
70
63
59
55
56
55
52
50
46
38
31
25
22
22
30
44
61
78
91
104
107
110
111
112
112
107
103
108
117
117
108
101
101
108
114
118
108
100
95
100
105
98
91
88
85
79
72
62
50
41
37
35
38
43
50
57
60
61
64
63
59
56
55
56
63
71
77
78
78
80
80
82
89
95
102
110
127
147
159
91
88
91
90
88
87
82
76
74
73
74
77
79
77
74
71
65
59
58
58
55
50
46
41
33
26
24
22
23
33
49
67
86
100
112
116
118
116
116
118
116
112
120
128
127
117
110
113
121
128
130
122
116
114
119
123
113
104
107
102
92
81
66
49
37
31
27
28
30
35
45
53
60
66
64
61
58
56
56
63
72
78
79
78
80
79
81
88
95
102
112
127
145
156
90
89
89
88
86
84
81
77
73
72
73
75
78
78
74
71
67
60
58
55
54
55
51
43
34
30
25
26
27
36
54
73
92
104
115
119
113
103
115
111
112
112
119
130
129
119
116
118
123
130
130
125
120
122
126
126
119
112
120
118
111
91
72
51
41
33
29
22
20
26
38
50
59
65
69
64
59
57
58
63
70
74
78
81
77
73
81
90
95
100
110
123
141
151
92
89
89
86
83
81
79
76
72
70
72
74
77
76
72
70
67
63
60
57
55
57
56
51
43
40
37
30
26
33
52
71
85
90
97
102
92
79
91
87
88
89
97
106
106
96
94
98
104
111
113
111
110
111
115
117
118
118
125
123
115
97
80
62
49
38
23
19
17
23
37
50
59
66
67
63
59
57
58
63
69
73
77
78
77
74
80
88
94
98
106
119
137
147
93
89
88
85
81
79
78
77
73
72
72
75
78
76
72
71
70
67
60
56
54
59
62
62
57
55
46
33
24
27
41
59
69
69
72
79
68
53
63
58
55
55
57
67
68
63
64
69
76
83
95
94
95
96
96
97
106
114
116
118
115
100
83
62
45
31
22
20
20
29
42
54
62
66
66
63
60
59
61
66
71
74
75
74
75
75
80
87
94
97
105
117
135
145
90
86
86
83
81
80
80
79
77
75
76
77
79
77
73
72
71
67
59
54
52
59
67
71
71
70
63
49
37
30
28
37
45
44
49
62
58
52
67
68
65
65
74
82
84
81
79
78
80
83
83
81
78
73
67
64
70
79
90
99
104
93
75
52
34
21
22
24
31
43
56
62
66
67
65
62
60
60
64
69
74
77
74
70
72
77
80
87
95
99
106
118
134
141
90
85
83
81
80
81
81
80
79
78
78
77
78
77
74
72
69
63
57
52
52
60
71
78
80
81
71
60
49
37
25
27
34
34
42
58
60
61
78
81
78
77
85
89
91
88
84
81
79
78
79
76
73
68
59
52
51
54
64
72
80
74
62
45
34
24
28
33
43
57
68
72
69
67
62
59
58
60
65
72
77
80
74
70
71
77
81
89
98
100
109
121
134
136
91
88
82
81
81
81
82
81
79
79
79
78
77
76
74
72
66
59
55
52
54
63
73
78
81
83
79
74
69
59
51
51
57
58
61
76
77
77
86
86
80
76
76
79
80
81
81
81
80
79
82
81
80
78
72
65
59
55
50
53
56
53
53
47
44
41
46
51
60
70
76
75
70
66
59
57
57
61
67
74
78
79
74
72
73
77
81
89
97
102
109
123
134
131
93
90
84
82
81
82
83
82
79
78
76
76
76
75
74
72
67
59
56
55
58
67
75
78
79
80
82
83
82
75
71
71
74
75
75
87
89
91
95
94
90
86
80
78
81
83
85
86
84
81
84
85
86
83
79
74
68
63
59
53
50
49
54
55
58
58
64
68
74
78
79
75
69
66
59
57
59
64
69
74
75
75
73
75
76
77
81
88
95
103
111
122
130
123
93
90
85
83
81
81
82
81
78
76
72
73
74
75
73
73
68
61
58
59
63
72
77
78
78
77
77
84
86
81
77
76
77
78
89
99
102
105
106
104
100
95
92
90
91
94
93
93
90
85
84
87
89
88
87
87
86
84
76
68
63
60
64
64
68
69
72
74
79
80
79
73
69
65
60
59
61
66
70
73
71
69
71
77
77
77
81
87
95
104
112
120
124
114
92
90
88
85
83
84
82
80
76
72
71
70
71
73
74
74
69
62
58
59
63
71
77
78
78
79
82
86
86
81
78
79
82
83
90
96
100
101
101
98
95
94
90
87
88
92
97
98
96
93
92
96
101
102
103
102
100
98
90
84
81
79
77
75
73
71
75
77
79
78
75
71
69
67
61
63
67
72
75
74
69
64
70
76
79
79
81
88
95
102
113
118
120
108
91
89
87
84
83
84
82
80
76
72
69
68
70
72
74
74
70
64
60
57
60
68
75
78
81
84
88
89
88
84
83
85
88
89
95
100
102
102
101
96
92
91
91
89
87
90
93
95
94
93
93
96
99
101
103
105
105
104
94
86
80
80
83
85
85
82
77
74
71
70
70
69
68
65
65
67
70
74
75
74
69
63
68
73
79
81
85
90
97
101
109
117
119
104
91
88
85
82
82
83
83
81
77
72
68
66
68
71
73
74
70
64
59
55
57
66
74
79
84
89
91
90
87
85
84
86
87
88
93
97
99
98
97
93
90
89
90
88
86
86
88
90
90
90
90
91
92
93
94
96
97
98
92
85
81
83
86
89
91
89
81
75
69
68
69
70
67
63
62
64
68
72
73
73
70
67
68
71
78
82
86
93
100
101
109
118
120
105
93
89
83
80
80
83
83
82
79
75
70
67
68
71
73
73
70
65
59
55
57
67
76
79
83
87
92
91
90
89
89
89
89
89
88
92
93
92
90
87
84
85
86
84
84
84
84
84
85
87
88
88
87
86
87
88
90
91
92
90
91
91
89
89
89
88
83
78
74
72
72
70
66
61
57
59
64
68
71
71
71
70
68
69
77
84
85
93
101
101
108
118
118
104
96
91
82
79
79
82
83
83
80
76
73
70
70
71
72
73
71
68
64
61
63
70
76
77
79
82
89
89
91
92
92
90
89
89
86
88
87
84
82
77
75
76
78
78
80
80
79
78
79
80
82
82
82
83
83
84
85
87
91
93
96
96
91
87
85
83
80
78
76
73
69
66
64
63
63
65
67
68
69
68
68
68
67
69
78
85
86
93
99
100
105
113
111
99
97
91
83
79
79
82
83
83
81
77
73
69
68
69
70
71
72
71
72
69
68
70
74
74
77
79
85
87
89
89
89
88
86
85
84
83
81
78
75
71
67
68
69
70
71
72
71
69
70
71
72
72
75
78
81
83
84
86
87
88
91
91
88
87
83
79
77
77
74
68
63
62
65
69
72
74
73
70
67
66
66
66
67
71
80
86
87
92
98
99
104
110
106
96
98
93
85
81
80
82
83
83
81
78
72
68
66
67
67
69
71
72
75
73
71
70
71
74
77
80
88
89
90
88
88
88
87
85
82
81
77
74
73
69
65
66
65
64
63
63
63
63
63
63
64
66
70
77
80
82
84
87
87
86
87
89
88
89
87
81
78
77
73
68
63
62
67
73
74
75
73
69
66
65
68
69
71
74
79
84
88
91
97
102
106
110
104
96
99
95
87
83
81
82
83
83
81
77
74
69
67
66
66
68
72
74
74
74
72
71
70
74
78
82
89
90
89
86
87
90
91
88
84
82
77
75
73
69
66
66
66
62
59
59
60
61
61
61
61
63
67
72
77
78
81
83
83
84
86
87
86
86
86
83
80
78
75
71
67
66
68
71
72
73
72
68
65
65
69
71
75
77
78
81
87
91
98
104
107
109
102
96
99
95
89
84
82
85
84
83
83
82
77
73
69
68
68
68
69
71
72
73
73
75
75
76
78
82
88
91
91
91
93
94
91
89
85
83
78
74
71
69
67
65
64
62
60
58
59
60
60
59
62
64
68
71
75
78
79
79
81
81
84
86
86
87
85
82
79
76
74
70
69
68
70
73
74
72
70
66
63
64
69
73
75
79
77
77
87
91
94
105
111
105
98
93
99
96
91
85
83
84
84
83
83
82
79
75
72
70
68
67
67
68
71
72
74
75
77
78
80
83
88
92
93
93
94
95
92
90
88
85
81
77
74
70
68
66
67
65
63
62
63
64
64
64
66
68
71
72
75
78
79
80
80
82
85
86
87
88
86
83
78
75
73
71
70
71
73
74
74
72
70
65
63
64
69
74
77
79
76
75
85
90
92
104
108
102
96
91
99
97
93
88
84
84
84
83
82
82
81
78
75
72
69
66
65
65
68
70
73
75
76
78
81
83
89
93
95
95
97
97
94
93
93
90
86
82
78
75
73
71
73
71
70
70
70
71
71
71
72
74
76
76
78
80
82
83
83
84
88
90
90
90
89
85
79
76
73
72
72
73
73
74
73
72
68
64
62
64
68
73
79
81
78
74
84
90
91
103
106
98
91
89
98
98
96
91
86
83
84
83
82
82
81
79
77
74
70
66
64
62
65
67
71
74
76
78
80
83
88
93
95
96
98
98
97
97
96
94
91
87
84
81
78
76
78
77
77
77
77
78
79
79
80
82
84
85
85
86
88
89
90
90
93
94
94
93
90
85
81
77
73
72
72
73
73
72
73
70
67
64
63
64
69
74
80
82
79
76
85
91
92
102
103
95
88
87
99
98
97
93
86
82
83
83
82
83
82
80
78
74
70
66
62
61
63
65
68
72
76
77
80
82
86
90
94
96
98
99
99
100
100
98
96
94
90
87
84
82
83
83
84
84
84
85
86
87
89
91
94
95
95
95
95
95
97
97
99
99
97
96
93
87
83
79
74
73
74
74
72
71
72
69
67
65
64
65
70
75
79
82
81
80
87
94
94
100
101
93
86
86
98
98
97
94
84
79
82
84
82
84
83
82
79
75
71
66
63
60
63
63
66
70
74
76
78
81
83
87
91
94
97
98
99
101
103
102
101
99
96
93
90
88
89
90
91
91
91
92
94
95
98
100
103
104
104
103
102
101
101
100
102
102
100
98
94
89
83
79
75
75
76
75
73
71
71
69
67
66
66
68
72
76
80
80
84
85
91
98
97
98
98
91
86
86
96
97
98
94
84
78
83
85
83
86
85
83
81
76
73
69
66
63
64
64
64
68
71
73
76
77
79
82
85
89
93
94
96
99
101
100
99
98
96
95
93
93
92
93
94
94
94
95
98
99
102
105
108
108
107
105
102
100
99
98
100
100
98
96
93
88
82
79
76
76
77
76
72
70
70
69
68
67
68
70
74
78
81
80
85
89
94
100
99
96
92
88
85
84
93
95
98
95
84
78
84
86
84
88
87
85
82
78
74
72
70
67
66
64
63
65
68
70
71
72
73
76
79
83
87
89
90
93
95
96
95
95
95
95
95
95
94
95
95
95
95
96
99
101
103
105
105
106
105
102
98
96
94
93
95
95
93
92
90
84
82
79
76
76
77
75
71
68
69
69
69
69
70
71
75
78
81
77
86
92
94
101
101
94
86
85
82
81
90
94
97
94
83
79
84
87
89
90
89
86
82
79
78
77
76
72
70
65
63
64
67
67
68
70
69
70
72
76
80
82
84
85
84
85
86
86
87
89
91
93
94
92
91
92
92
92
94
97
98
98
99
98
96
92
89
86
85
86
88
89
87
85
83
81
78
77
75
76
77
75
71
67
68
70
72
71
72
73
76
79
79
77
86
94
95
100
99
89
81
81
79
79
90
94
97
95
85
80
85
87
90
91
90
87
84
80
80
81
80
78
73
68
63
63
64
64
66
69
67
67
69
71
74
76
77
77
77
78
78
79
81
84
87
90
92
90
88
88
86
86
87
89
90
89
88
87
85
83
81
80
79
80
81
80
80
78
77
75
76
74
73
75
77
76
72
68
67
69
72
73
74
76
78
80
81
80
88
95
97
97
93
82
78
79
78
79
89
93
98
96
85
80
83
86
90
91
90
89
87
84
83
83
82
81
75
72
67
66
65
65
66
67
64
64
66
68
70
71
71
70
72
73
73
75
76
78
80
82
83
82
81
81
80
81
82
84
84
84
82
81
80
78
77
76
75
74
74
73
72
71
70
70
70
69
70
72
74
74
71
67
66
68
72
75
76
77
78
78
84
86
91
96
97
92
84
77
74
76
76
78
89
94
97
95
84
78
80
82
86
89
90
91
92
90
86
83
81
79
77
74
71
71
70
69
68
69
66
64
64
66
68
68
68
68
69
70
71
73
73
73
73
73
73
73
74
75
76
77
79
81
80
79
78
76
75
72
71
70
71
71
70
69
68
68
67
67
67
67
68
70
71
71
70
68
68
69
72
75
78
78
78
78
85
92
96
94
92
85
78
74
71
74
75
76
91
96
98
96
85
79
80
80
82
83
88
89
91
92
87
85
82
81
78
76
74
74
73
72
70
69
67
64
63
64
65
65
65
68
67
67
69
70
70
69
69
69
70
71
72
73
74
75
76
76
76
76
74
72
70
67
66
65
65
65
64
64
64
64
64
64
66
67
68
68
68
68
69
69
71
72
74
76
78
79
79
78
85
97
99
91
84
78
72
71
69
73
74
75
94
98
98
99
90
85
83
80
78
78
81
83
85
86
85
84
84
84
82
79
76
75
74
75
74
72
68
66
64
63
63
62
63
66
70
70
70
67
65
64
64
65
66
68
69
70
70
71
71
71
72
71
70
68
65
63
61
61
60
60
60
60
60
61
62
62
65
67
68
67
66
66
68
71
74
75
76
77
78
79
80
81
88
98
98
86
75
70
66
67
69
72
73
74
96
101
100
102
94
87
85
79
77
76
75
76
78
81
82
82
84
85
84
81
78
78
78
80
78
76
71
68
66
64
63
61
63
67
72
72
71
68
64
63
64
64
65
66
67
66
66
68
68
68
67
66
65
62
60
59
58
58
60
60
59
59
59
59
60
61
64
65
66
66
66
67
71
73
76
78
79
79
80
82
85
87
93
94
89
77
65
61
61
65
68
71
72
73
97
103
102
103
94
87
84
78
76
75
74
74
76
79
81
81
83
83
84
82
79
80
81
83
80
77
73
70
69
66
64
63
65
70
71
72
72
70
67
65
66
66
66
67
67
65
65
67
68
67
68
66
64
61
60
60
60
61
62
61
60
59
58
59
59
60
63
64
65
66
68
71
74
77
79
81
82
83
83
85
89
93
96
89
79
67
56
53
57
63
67
70
71
73
101
103
103
101
94
86
82
80
75
75
75
76
77
78
78
79
80
82
83
83
81
80
81
83
81
78
75
73
73
72
69
66
68
70
71
71
72
72
72
71
69
69
68
68
69
71
72
72
70
70
70
68
67
66
64
62
63
65
65
63
61
61
61
60
61
62
64
65
66
67
70
75
78
80
82
85
83
83
87
90
93
99
97
84
70
58
51
50
56
62
66
66
67
71
102
103
104
102
95
87
83
80
76
76
74
75
76
77
78
79
80
82
84
82
79
78
79
80
79
77
76
75
75
76
72
69
69
70
70
71
73
75
75
74
72
71
71
71
72
74
75
75
74
72
72
71
69
68
67
66
66
66
67
64
63
63
62
62
63
64
67
68
70
72
75
79
82
83
85
86
84
84
89
93
97
103
98
78
61
54
50
50
56
62
64
65
65
68
102
103
104
102
95
88
85
81
77
76
73
73
74
76
78
80
82
83
83
79
76
76
77
78
77
77
77
76
78
78
75
72
71
70
69
70
73
75
77
77
75
74
72
72
73
74
75
75
74
73
72
70
68
67
67
64
64
65
66
65
64
63
63
64
66
68
71
73
76
78
81
84
86
86
86
87
85
86
91
96
102
108
101
72
51
49
50
50
56
62
63
64
63
66
