93
93
93
92
92
92
91
88
86
86
86
86
87
89
89
88
84
82
74
75
73
79
84
110
140
169
191
207
208
209
214
216
216
214
218
217
216
216
213
207
200
195
191
190
187
185
185
185
183
182
178
178
178
178
176
175
175
176
175
175
173
171
170
169
165
160
154
148
143
137
131
129
132
133
128
123
122
126
129
123
104
84
66
61
61
62
60
58
57
55
55
55
53
48
94
92
89
89
91
92
91
88
87
87
85
86
86
86
87
88
86
82
75
76
73
87
107
145
168
183
197
208
212
215
214
213
217
216
216
213
211
210
207
200
195
193
188
187
184
181
179
179
179
178
175
175
175
175
173
171
171
171
172
171
169
167
169
170
167
162
161
155
148
140
131
126
127
127
127
134
133
125
124
132
132
123
98
75
61
62
63
63
59
53
57
58
56
50
91
90
87
87
88
90
92
90
86
82
87
86
86
82
83
85
85
80
77
80
92
121
144
173
194
204
208
211
214
216
217
218
219
220
217
213
210
208
203
197
193
192
187
184
180
178
176
175
176
176
174
174
175
175
173
171
170
171
170
169
167
165
165
164
164
164
163
159
155
147
136
130
128
124
125
132
135
132
129
132
138
142
130
105
72
59
63
67
59
56
55
58
59
55
90
90
88
87
87
89
89
87
84
83
81
84
87
84
83
83
84
80
87
99
118
149
172
195
206
208
210
214
218
221
221
220
218
215
217
216
213
207
199
193
189
187
185
182
177
175
173
173
173
174
175
174
174
174
173
171
171
172
171
170
169
168
167
166
165
164
163
162
161
155
145
140
136
132
128
128
131
137
142
142
138
134
140
122
92
71
64
66
62
56
58
60
62
59
86
85
84
84
85
87
85
82
81
83
82
85
86
84
79
79
83
86
94
119
145
173
197
211
213
210
215
217
220
220
220
219
217
214
215
215
212
204
194
189
185
183
181
178
173
171
170
170
171
173
170
170
170
171
170
169
169
170
170
169
168
168
168
167
165
163
162
163
165
161
153
147
144
139
133
131
133
139
143
142
138
136
141
135
112
84
61
62
63
62
59
61
62
62
83
80
80
82
84
83
80
79
80
81
83
84
83
82
77
79
86
98
116
148
172
196
211
217
215
215
217
218
219
219
219
219
216
214
211
210
206
198
190
184
181
180
177
175
172
170
169
170
172
173
170
170
172
173
172
171
168
167
165
165
164
165
166
165
163
161
162
162
162
159
154
150
146
143
140
138
137
136
134
133
138
143
136
138
128
100
66
56
59
60
59
59
60
61
80
76
77
81
83
79
77
78
78
78
77
78
80
80
77
79
95
119
146
174
192
205
211
211
208
214
216
219
221
222
221
219
215
212
211
205
199
193
187
180
176
177
175
173
171
171
171
171
171
172
171
171
172
171
170
168
165
164
165
163
163
163
164
163
161
159
162
161
158
153
152
150
148
146
145
141
135
132
132
134
136
136
128
134
132
117
84
65
58
60
62
59
59
60
75
72
72
75
76
74
73
74
74
74
73
74
73
71
77
84
113
144
176
197
206
212
212
209
208
217
218
220
221
220
217
214
209
207
206
197
190
186
182
176
174
175
173
172
171
171
171
171
170
171
168
168
168
167
166
166
166
165
167
166
164
164
163
161
159
157
162
161
155
150
152
153
151
150
147
141
132
127
130
136
134
128
125
126
126
121
99
77
64
62
64
63
61
61
66
65
66
65
65
66
67
67
67
68
70
68
70
68
90
108
143
169
190
204
206
207
206
208
210
216
218
219
218
214
209
204
201
198
196
188
181
177
176
173
172
172
171
170
170
170
170
169
168
169
168
169
169
168
168
169
169
169
167
167
165
165
164
162
159
158
161
161
156
152
154
154
151
151
147
142
134
128
128
130
128
124
126
127
123
119
103
84
65
59
62
62
63
61
60
60
60
55
55
59
61
60
61
65
65
63
69
74
112
137
169
185
194
203
200
198
199
205
208
211
212
215
216
213
206
199
192
189
192
185
177
172
170
170
169
169
169
168
168
168
169
168
168
168
169
171
171
170
168
168
167
166
166
165
165
165
164
163
161
159
160
162
159
156
158
156
152
151
148
144
139
132
129
127
125
123
120
126
125
122
110
92
68
58
57
61
63
60
55
54
56
48
49
55
52
52
55
58
56
50
67
88
132
162
180
189
191
192
195
197
203
208
213
214
213
213
213
210
205
198
193
188
187
182
177
171
168
169
169
164
165
167
166
167
168
167
165
164
168
168
168
169
169
170
170
169
167
167
166
166
168
169
165
160
159
158
157
158
159
157
153
149
148
145
141
138
132
125
122
122
121
122
119
120
114
102
82
58
57
61
63
58
50
48
47
48
47
48
47
51
53
53
50
53
86
116
153
173
185
187
188
189
193
197
203
207
210
209
208
206
205
205
203
197
191
184
178
176
174
172
169
168
166
161
160
162
163
163
166
165
163
163
164
164
165
166
167
167
168
167
166
168
167
164
165
168
166
161
158
155
153
154
155
156
155
153
149
148
145
140
135
131
128
128
122
123
120
119
117
110
93
68
58
58
61
58
49
46
42
49
45
46
46
48
50
47
48
64
109
146
171
182
187
183
185
188
191
196
201
204
204
203
202
199
199
200
196
191
185
180
175
173
173
172
170
166
162
159
158
161
161
161
161
161
161
161
161
162
163
163
164
165
165
164
162
166
165
161
162
167
168
165
162
158
154
154
156
158
156
155
150
149
145
139
135
133
133
132
124
127
124
122
119
117
105
84
64
57
59
57
48
46
42
47
45
50
48
47
48
44
58
91
130
161
176
185
184
179
182
184
187
191
193
195
197
198
195
194
196
196
188
180
178
177
177
173
170
169
165
160
158
156
157
159
158
157
158
158
159
160
159
160
160
161
161
162
162
163
161
163
163
160
161
164
166
165
163
161
158
157
159
158
157
155
153
149
143
136
133
133
134
134
127
129
129
125
118
114
108
95
72
56
57
57
44
44
43
44
46
53
47
48
50
42
74
123
148
169
175
188
179
173
178
180
181
183
183
185
190
195
196
195
197
195
186
179
178
179
174
168
163
161
157
154
154
154
154
155
153
152
154
156
156
158
156
156
156
157
158
159
160
161
160
160
162
163
164
161
159
158
158
158
158
158
158
157
156
156
156
149
142
139
138
136
135
136
129
128
129
125
117
113
106
99
76
56
57
60
41
43
46
48
51
53
46
50
50
46
92
147
162
175
177
187
174
168
177
178
177
179
179
182
189
196
194
192
191
188
182
177
174
172
167
161
157
154
151
151
152
150
151
152
151
148
149
149
150
152
150
149
150
152
155
157
158
158
158
158
161
166
167
162
157
155
156
157
157
157
156
155
154
154
154
148
143
144
144
141
137
136
132
126
127
126
120
116
108
99
78
58
58
62
43
45
49
52
56
53
52
55
52
62
115
161
170
178
176
179
173
169
178
176
174
176
179
183
188
193
196
194
191
188
182
177
173
170
160
155
149
147
146
148
147
144
146
148
148
145
143
142
142
145
143
143
145
148
153
156
156
155
155
156
159
163
163
160
157
155
157
157
157
156
155
153
151
149
148
146
143
144
145
142
138
135
133
127
128
127
123
121
110
100
83
61
59
62
45
47
49
53
56
55
59
59
55
82
134
168
173
178
174
171
175
173
176
171
170
173
179
183
186
188
190
189
187
182
173
168
165
161
157
150
144
141
141
143
142
137
137
142
144
142
140
138
139
143
141
140
142
147
153
156
155
154
155
157
157
156
156
155
155
154
154
154
154
155
155
152
148
145
143
144
142
142
142
141
137
133
132
129
131
126
122
120
110
101
88
67
58
59
47
46
49
53
56
54
63
55
60
113
159
172
176
173
172
167
171
168
170
171
172
175
178
181
183
184
184
179
176
170
162
159
157
153
149
145
143
138
138
142
136
131
131
134
138
139
138
137
140
144
140
139
139
142
147
151
151
151
153
154
153
154
153
149
146
149
151
151
151
151
150
148
145
143
138
140
142
142
138
136
135
135
134
132
130
127
124
118
111
103
85
73
57
60
51
52
53
55
56
54
63
53
77
132
170
174
172
166
167
164
165
161
164
169
174
177
175
174
177
182
182
178
174
168
162
160
156
149
144
142
141
135
135
138
135
132
128
131
135
136
137
139
141
142
138
137
139
143
147
150
149
148
148
148
147
145
146
147
147
149
149
149
149
150
151
149
145
140
137
139
141
141
140
137
135
135
138
134
131
127
123
119
109
100
90
78
60
58
51
53
58
59
58
56
63
49
96
151
168
166
165
159
163
163
158
153
160
160
163
165
164
162
166
172
178
173
165
160
153
151
150
146
142
141
141
136
135
138
136
136
136
137
136
134
135
138
139
137
135
135
135
138
142
147
149
149
148
146
142
140
141
142
144
148
148
148
147
148
150
148
142
138
135
137
140
142
140
136
136
138
140
135
129
126
123
119
110
101
91
82
62
53
50
54
57
56
58
60
65
47
113
165
170
166
167
159
161
160
154
152
155
152
150
150
151
154
160
165
170
163
157
154
149
144
143
144
137
137
137
133
132
135
135
136
138
136
130
127
128
132
132
131
136
136
135
136
139
143
146
147
147
144
140
139
137
137
141
149
149
148
146
146
147
146
142
136
131
136
141
142
138
134
137
142
142
136
130
125
122
118
111
103
93
87
66
52
51
55
56
54
58
63
64
53
126
168
169
165
164
154
157
157
153
154
155
155
153
151
150
153
155
156
154
153
151
149
147
143
137
133
129
128
128
125
126
130
130
129
130
125
121
122
126
128
129
130
130
130
131
133
137
141
143
145
142
141
137
136
137
140
142
145
145
145
145
145
146
146
141
135
130
135
141
141
138
136
136
138
142
137
133
128
122
118
113
106
100
96
75
53
50
54
56
55
60
64
65
72
142
170
161
157
156
151
156
155
151
149
154
155
155
155
156
155
148
140
137
146
149
142
139
135
131
127
126
123
123
121
123
127
126
126
123
119
119
121
123
122
122
123
124
122
120
119
122
125
129
130
138
141
138
134
139
146
144
137
139
141
144
145
146
145
140
133
130
134
137
139
139
139
135
131
136
135
133
130
125
121
116
110
101
97
78
51
51
55
55
56
63
67
70
101
166
178
155
153
152
151
154
148
146
141
143
144
145
149
153
152
144
135
131
140
142
137
132
128
124
124
122
120
119
117
118
121
118
118
116
115
115
115
114
110
108
108
105
104
104
107
114
121
127
130
135
140
141
138
141
144
139
133
137
141
143
143
143
141
137
130
129
133
135
135
136
138
135
128
131
131
133
132
128
123
118
112
100
95
79
50
55
59
62
64
72
72
73
119
176
177
144
147
145
146
147
140
142
140
140
140
142
143
143
140
136
134
128
127
126
130
132
123
113
112
115
113
112
109
109
110
107
107
110
111
112
110
106
104
103
102
103
104
107
112
118
121
122
122
129
135
139
142
141
136
133
135
139
143
143
140
138
137
134
129
127
133
135
131
131
134
135
131
131
133
135
135
130
125
117
111
102
97
83
54
60
68
71
73
81
82
81
131
169
170
146
145
139
136
138
135
134
139
140
138
136
136
135
126
121
126
125
119
113
112
111
105
102
103
103
104
100
99
100
101
103
105
106
111
110
107
108
107
107
113
109
110
113
120
126
127
123
119
125
130
135
137
137
135
134
133
137
136
137
137
138
139
134
125
127
131
133
130
130
134
135
132
135
133
132
131
128
127
123
116
104
99
84
56
65
72
80
82
88
90
91
137
164
160
150
146
140
136
136
134
135
137
138
137
131
128
126
120
114
114
112
109
103
101
102
102
100
100
96
98
96
99
103
105
106
107
103
106
108
110
112
107
103
106
104
103
106
113
117
118
117
118
122
124
129
134
136
135
135
135
134
133
134
135
136
136
131
123
124
127
129
131
132
134
133
132
130
133
133
129
128
134
131
121
104
101
93
63
74
81
86
87
93
97
103
144
161
151
150
143
137
134
132
134
136
136
138
137
129
122
119
115
109
105
103
104
103
101
103
106
103
98
93
95
97
99
103
103
101
100
94
96
99
103
102
98
99
104
108
104
105
110
113
110
106
105
106
105
107
114
120
124
129
135
131
132
134
135
136
135
130
122
122
124
127
131
133
133
132
131
129
132
133
131
131
136
135
124
109
106
101
69
81
89
95
97
97
101
113
150
161
151
145
138
134
132
131
133
136
134
135
134
128
120
116
114
110
104
105
107
107
105
103
102
98
91
88
92
94
96
99
100
99
100
97
99
103
106
104
102
103
104
100
96
94
98
104
109
110
110
108
104
103
106
106
104
109
116
126
128
132
135
134
134
129
123
123
126
129
131
131
132
133
134
132
129
132
135
134
133
130
125
115
110
108
71
85
93
99
101
99
101
113
148
155
148
142
137
134
134
133
134
134
131
127
125
122
118
113
111
108
106
101
101
102
99
94
93
93
89
86
91
93
92
93
95
98
100
106
109
112
111
107
105
101
95
87
91
95
101
109
118
122
123
123
121
123
124
119
112
111
115
124
125
128
130
129
130
128
124
127
130
132
129
129
132
135
135
133
127
129
135
134
130
128
126
120
115
112
74
86
94
96
100
98
101
109
141
148
143
138
136
134
133
133
133
132
130
123
119
117
115
110
106
105
104
100
99
101
100
94
92
93
92
90
95
95
90
89
90
92
94
101
106
104
95
88
88
91
92
98
109
118
120
121
123
124
121
124
127
131
133
130
126
126
129
129
129
130
130
126
125
126
125
126
130
131
127
126
130
133
132
128
126
129
131
131
131
130
127
128
122
114
75
85
91
93
97
99
101
108
138
146
143
135
135
132
129
130
130
128
129
124
118
115
112
110
111
111
106
109
107
109
106
98
94
95
91
89
94
93
90
90
90
88
89
90
96
93
84
82
87
96
105
117
122
122
115
109
108
110
111
114
116
118
119
120
122
122
122
129
130
132
130
126
125
126
124
125
127
127
127
127
130
131
127
123
124
130
131
130
131
131
126
131
128
116
78
85
90
88
93
96
98
103
132
141
139
137
138
132
126
127
126
124
127
125
118
113
111
113
118
119
114
112
109
108
103
94
95
100
95
90
92
92
90
91
91
85
81
83
89
90
93
102
107
109
113
122
120
113
103
94
93
94
95
93
98
103
108
117
125
126
122
119
122
126
129
127
126
126
125
124
124
126
129
132
132
129
127
119
122
130
135
131
129
128
124
128
130
120
86
84
88
84
90
98
93
96
124
143
136
136
138
130
131
126
125
128
127
124
119
114
115
118
116
112
110
106
103
104
109
108
108
111
106
105
102
100
100
99
95
93
91
94
98
103
110
115
112
113
122
119
105
112
106
105
105
114
115
109
111
114
122
131
138
142
143
137
132
125
124
127
127
123
124
122
123
126
128
129
129
128
126
119
124
130
133
135
128
131
120
121
121
127
103
84
87
88
89
95
96
100
123
141
138
134
136
128
130
127
125
127
124
123
120
116
116
117
114
109
107
110
113
118
123
121
122
125
120
120
117
114
113
112
109
110
112
113
115
115
116
117
114
111
112
113
112
114
128
138
139
143
145
144
143
142
143
144
146
151
155
152
145
133
123
124
128
126
122
123
122
121
123
125
128
128
128
123
123
128
132
134
125
132
129
128
122
125
103
83
87
90
91
95
95
98
118
137
136
133
134
127
130
127
125
123
118
117
116
114
115
118
118
116
116
118
125
132
134
128
126
127
122
121
119
117
117
115
112
113
118
119
122
117
112
112
111
107
102
112
143
142
145
141
138
136
136
139
140
143
145
144
141
140
143
147
150
146
135
124
120
122
125
126
125
124
123
123
124
125
127
125
121
124
131
133
123
134
136
138
132
128
104
82
85
87
94
97
91
90
110
131
131
131
134
128
131
128
125
123
116
116
116
114
115
119
120
121
122
125
131
137
138
132
126
125
121
118
115
115
116
114
109
110
114
121
124
121
113
108
107
104
101
93
115
110
115
115
115
117
127
132
125
118
114
110
104
101
102
115
126
139
145
136
125
121
121
124
127
129
128
124
121
124
128
127
123
125
131
134
126
133
132
136
136
125
99
81
84
85
92
93
89
89
105
125
127
128
133
129
133
129
125
123
118
117
118
119
122
126
125
125
126
132
133
135
137
132
124
122
119
117
113
113
115
115
112
111
113
119
121
121
113
104
98
97
96
107
106
98
91
84
78
75
77
70
63
57
56
54
51
52
55
65
78
102
129
136
130
126
119
120
123
127
128
126
123
125
129
130
128
128
128
131
125
129
118
126
132
116
97
80
81
84
86
86
89
91
101
120
125
125
131
128
132
127
121
120
115
117
119
122
127
129
124
120
120
127
125
124
128
126
118
115
113
112
110
111
116
119
115
108
103
106
100
99
100
98
92
88
83
81
72
70
52
39
34
32
31
28
29
33
36
34
30
27
29
31
42
64
96
118
129
134
126
121
121
122
124
124
123
123
126
127
128
126
122
125
123
127
114
124
131
117
99
77
77
80
82
81
84
86
94
113
121
123
131
129
133
127
123
121
117
117
118
121
124
121
111
108
113
119
120
119
123
123
117
114
112
109
108
109
113
117
113
104
95
93
83
81
87
85
81
75
68
64
37
32
26
21
19
19
23
18
21
26
27
26
23
25
27
31
30
38
66
93
115
132
128
127
123
122
124
125
123
121
122
124
125
126
121
122
120
130
123
125
132
118
93
74
74
75
83
80
78
75
85
108
118
122
130
131
137
134
131
129
125
121
120
120
122
117
109
111
121
127
131
131
132
131
123
118
114
113
109
105
105
107
107
100
93
86
83
85
82
72
61
56
55
41
26
23
21
18
20
16
11
10
12
16
19
22
25
28
32
29
26
30
51
65
82
112
125
129
126
126
128
127
124
123
124
123
125
129
126
124
120
133
132
125
129
117
91
70
70
73
80
80
79
76
79
107
116
120
129
131
138
141
137
129
124
131
136
135
132
133
135
142
146
147
142
140
135
129
122
113
111
106
105
99
98
103
102
97
94
94
90
88
82
66
49
42
42
36
31
30
31
26
22
20
17
27
35
35
33
39
44
44
43
43
39
37
45
46
54
84
109
123
127
125
127
130
128
128
127
128
130
135
126
127
123
127
129
130
121
106
96
65
65
73
69
70
72
76
80
108
118
122
131
131
139
145
144
137
134
145
154
153
148
153
159
154
141
130
121
113
105
101
99
97
98
95
93
90
90
94
93
89
89
96
97
93
78
60
50
48
47
48
46
45
44
41
38
38
37
47
53
55
54
55
56
57
55
53
56
58
56
46
43
67
89
113
124
126
127
127
126
128
130
132
132
135
127
127
121
125
123
139
131
100
104
59
60
63
63
69
62
64
73
108
119
129
136
134
146
150
146
148
158
160
150
135
126
125
121
105
89
80
74
69
63
62
65
68
73
76
76
76
77
79
80
83
88
94
94
89
73
58
54
54
52
55
59
59
57
54
53
55
58
54
52
50
50
53
58
59
56
59
64
70
74
64
54
61
73
103
120
129
130
128
126
129
133
134
134
135
130
125
120
129
125
120
122
96
117
53
53
54
54
57
53
49
57
99
118
130
143
139
150
157
154
161
171
158
130
102
88
79
67
50
40
34
33
35
32
31
34
40
47
53
57
61
65
67
69
76
85
87
82
78
73
66
62
60
57
55
63
65
60
58
55
54
59
56
52
53
56
55
57
57
52
60
65
77
89
85
71
68
76
94
113
125
131
132
129
131
135
136
136
135
131
123
120
136
135
128
133
121
134
45
44
44
52
48
43
28
40
93
124
128
150
143
148
154
155
150
133
102
80
60
43
34
30
22
17
19
19
21
19
19
22
25
31
38
45
54
61
60
61
68
75
80
75
74
76
75
70
66
62
59
66
65
58
53
49
46
49
52
50
53
53
48
46
50
50
54
57
67
83
93
91
85
84
90
104
116
127
133
132
133
136
137
138
134
131
123
123
138
137
119
133
145
150
36
36
34
33
28
40
30
31
76
116
128
151
146
149
146
134
117
87
63
48
39
27
21
23
20
18
18
18
21
22
26
33
37
40
45
49
55
56
55
56
63
68
72
75
79
79
74
72
69
65
61
62
60
54
48
44
41
43
44
40
39
39
38
38
40
42
39
46
56
70
89
99
96
95
97
105
112
123
132
133
135
137
138
137
131
129
124
127
134
129
126
142
153
142
26
30
35
16
40
103
119
87
83
116
130
149
146
152
132
103
93
72
52
36
34
28
24
26
27
29
30
31
34
36
42
49
52
55
57
57
57
54
50
55
60
61
62
71
78
76
69
66
65
62
56
52
49
46
42
38
37
35
31
28
30
39
50
53
46
40
44
48
54
59
73
86
89
96
105
111
114
123
131
134
136
136
136
137
131
125
125
131
130
123
133
149
153
135
18
25
15
25
98
185
214
163
116
124
134
151
145
143
110
76
75
62
50
36
37
36
35
43
44
47
46
46
47
41
40
45
50
55
60
57
56
54
51
55
56
51
55
64
73
73
65
60
58
57
48
43
40
39
36
32
29
23
26
28
34
53
75
86
82
77
73
54
39
42
65
80
80
87
104
112
116
122
131
135
136
136
133
135
132
124
126
133
129
125
141
147
139
122
13
15
12
56
149
187
188
178
148
137
135
150
150
138
95
76
65
49
44
49
43
41
46
46
46
48
43
43
46
42
36
36
41
46
51
53
54
51
52
50
44
51
56
69
80
80
66
54
53
53
43
36
34
38
29
22
22
20
30
33
39
41
51
72
88
89
85
63
44
39
58
74
74
88
108
122
123
129
134
133
137
136
133
137
132
126
128
127
128
133
142
135
131
123
10
9
13
67
134
139
161
173
159
151
134
154
149
133
101
84
70
50
50
53
47
44
42
34
30
24
25
24
26
28
24
23
27
31
37
41
45
43
44
40
36
44
68
79
86
81
65
51
50
48
41
35
29
25
19
18
27
27
23
17
17
18
13
14
25
41
61
73
58
39
45
68
91
95
113
126
125
128
134
134
137
135
130
133
134
133
132
128
131
141
144
125
132
143
10
7
15
69
115
100
125
144
154
159
140
158
146
129
104
80
72
60
60
52
38
30
22
18
19
16
12
10
13
19
19
15
18
20
26
30
31
31
34
33
36
52
84
96
101
91
73
59
54
47
40
37
32
20
15
14
23
19
15
13
8
6
10
17
27
32
29
27
33
36
36
48
65
79
105
126
135
140
141
137
137
135
133
132
131
131
130
130
134
139
136
134
143
159
12
10
15
55
99
86
91
107
138
152
148
156
145
134
111
76
75
69
62
41
28
20
13
13
11
12
8
7
10
18
18
15
16
17
25
26
24
25
28
31
45
71
103
115
118
108
91
78
66
51
40
33
35
33
29
14
19
21
13
11
8
10
17
24
38
53
57
65
86
100
103
86
64
65
91
112
128
137
140
137
138
138
136
133
129
124
124
130
136
135
126
138
144
148
14
13
14
46
90
84
70
83
121
139
150
161
156
141
112
80
91
89
51
25
20
16
12
13
7
7
6
7
12
19
20
18
17
16
15
16
19
23
26
35
66
100
123
131
130
121
107
96
81
61
45
35
29
24
22
13
21
27
20
17
19
29
37
44
64
90
112
118
131
150
147
133
127
112
114
115
116
123
130
133
136
137
132
132
130
127
126
132
139
142
131
120
119
119
14
16
14
42
88
90
64
66
99
128
141
157
154
135
111
92
96
81
33
19
21
18
15
19
10
11
8
9
15
21
21
17
16
15
12
14
18
22
26
48
92
129
137
141
137
127
115
105
95
79
63
50
39
28
25
18
25
30
36
39
43
51
61
74
86
95
107
116
124
121
114
132
155
151
141
131
125
127
132
133
132
129
132
130
130
133
134
133
138
145
131
99
88
92
15
17
17
33
84
97
64
61
93
125
143
157
153
141
129
108
86
55
35
40
53
52
46
42
33
26
23
20
23
27
25
21
21
22
24
25
23
25
36
72
121
145
147
151
148
137
121
110
104
95
86
70
56
55
50
35
35
43
41
46
58
69
73
78
86
93
92
97
95
89
95
98
109
139
128
127
133
138
138
137
133
129
133
131
129
132
133
129
132
142
124
94
72
77
15
16
19
22
76
91
62
71
106
128
145
162
159
145
123
87
64
54
63
84
99
96
83
71
62
49
47
39
37
40
38
33
34
39
33
33
30
34
54
102
147
156
155
160
159
148
128
112
107
102
101
90
64
42
36
38
44
45
47
51
61
67
68
71
77
80
81
83
94
127
145
145
134
107
111
119
132
140
140
139
135
133
131
135
131
127
124
122
129
143
132
104
72
72
17
16
19
19
61
96
69
75
121
127
133
155
168
142
109
80
79
92
115
118
111
92
82
78
69
64
61
55
51
53
48
43
38
37
30
30
37
56
79
127
160
161
159
163
165
159
143
129
120
109
110
112
89
60
40
28
29
37
37
41
46
51
52
53
55
57
75
108
138
156
145
146
157
129
116
122
128
132
136
140
139
135
136
132
129
127
125
124
133
152
152
134
106
85
20
19
22
20
63
105
82
86
129
135
133
156
161
144
130
119
116
112
96
87
80
73
68
62
57
61
63
56
50
49
39
35
31
29
34
49
50
74
106
141
162
171
166
166
167
167
157
142
133
123
120
118
111
103
82
54
35
28
28
30
36
41
37
39
64
96
114
116
101
98
108
115
133
155
148
144
136
129
130
136
139
137
136
134
133
129
128
129
138
157
169
154
135
110
21
19
24
20
62
111
98
104
138
135
130
153
151
151
147
135
120
98
94
109
107
77
53
49
47
46
46
42
40
40
32
33
38
44
66
78
71
101
137
161
172
175
174
171
170
174
168
154
145
136
129
115
113
123
116
98
78
58
43
41
43
52
63
80
105
128
142
151
152
139
127
114
116
143
146
145
139
134
133
136
136
132
134
133
132
128
126
128
138
157
166
161
151
126
19
14
16
13
47
96
99
116
132
115
115
148
147
152
135
119
118
113
121
134
124
95
79
61
40
38
36
33
35
40
37
43
58
72
80
80
80
117
147
171
177
173
176
174
172
174
168
157
151
145
132
119
113
123
127
122
110
89
72
78
82
89
105
126
140
144
155
161
174
166
149
138
131
131
138
140
141
140
137
135
133
132
132
129
128
125
124
125
137
157
162
161
143
124
18
13
19
11
32
82
106
130
124
98
102
143
144
146
128
119
130
137
128
117
132
142
127
110
91
68
66
59
60
66
60
66
82
96
90
91
107
140
158
176
173
168
172
175
173
169
163
157
154
152
137
132
124
123
122
117
108
97
98
105
111
115
121
130
137
141
158
157
161
166
169
164
149
139
141
140
141
142
140
134
129
129
131
127
127
126
125
126
135
156
164
161
142
137
22
15
24
12
21
69
114
141
113
86
106
147
148
147
137
135
132
123
117
138
160
160
152
146
133
121
111
103
101
101
92
98
107
111
97
106
126
148
168
178
169
170
168
175
171
161
156
154
154
153
146
145
136
134
133
123
112
107
101
104
110
118
126
135
145
151
171
174
175
174
174
170
164
160
148
142
140
141
140
132
126
124
130
126
126
124
123
122
129
146
156
151
142
153
24
16
26
17
20
59
120
153
109
83
123
152
155
149
142
138
128
125
141
153
157
148
146
147
140
137
131
125
121
120
115
127
130
119
120
130
138
147
169
174
164
161
167
172
165
155
150
148
150
149
149
148
143
149
154
146
132
121
112
114
117
119
123
131
142
151
174
179
186
185
179
179
177
170
160
152
143
138
135
132
128
126
129
126
123
119
118
119
125
139
152
149
139
148
21
11
18
17
17
49
116
157
104
79
138
147
145
143
142
135
126
135
150
145
142
150
165
164
147
142
135
133
131
131
133
151
149
128
126
135
139
144
165
169
168
158
164
167
158
150
149
148
149
147
142
140
138
143
151
152
145
132
122
115
113
116
119
123
134
146
170
168
174
175
176
175
166
162
155
151
144
137
133
133
132
130
127
126
121
114
115
120
129
142
153
159
140
141
22
21
18
15
20
37
112
156
112
92
154
139
143
143
128
127
136
147
146
145
153
168
177
167
146
131
135
139
135
136
151
160
150
133
126
132
134
141
158
171
161
154
156
161
152
145
148
148
143
137
128
130
121
127
135
136
136
127
118
116
113
110
111
117
128
137
152
152
155
156
158
159
156
155
153
146
141
140
140
139
134
129
128
126
123
119
122
127
132
144
148
152
148
148
15
22
19
15
13
34
112
159
125
110
154
146
139
142
134
133
145
145
145
160
174
174
164
153
140
131
135
135
139
140
151
146
130
115
118
121
136
140
161
174
163
158
167
172
166
157
153
144
136
131
125
125
113
107
109
112
116
112
113
114
113
113
112
112
118
122
138
135
138
142
142
142
143
150
149
147
143
138
136
137
134
131
129
127
123
121
122
125
131
143
152
157
156
153
11
24
17
12
8
36
114
161
147
146
156
146
133
135
140
141
146
148
148
160
165
155
142
136
133
127
128
130
134
135
135
115
102
82
102
124
137
141
161
170
156
155
162
167
162
155
148
137
136
138
138
135
121
100
87
85
91
97
100
102
106
108
107
107
110
114
125
124
131
135
135
134
135
142
143
145
143
137
133
134
134
131
125
123
120
120
123
125
132
145
156
160
158
153
12
21
13
11
9
41
113
161
174
186
163
130
130
130
136
145
144
151
150
143
133
125
124
126
124
121
118
125
119
119
111
88
82
64
95
139
139
150
161
165
152
156
164
169
164
155
147
143
148
155
152
151
141
115
87
69
67
77
81
84
90
96
100
102
107
111
118
120
126
129
132
134
132
132
136
140
141
137
134
134
132
129
127
123
121
120
122
124
129
141
153
150
147
148
11
15
6
8
7
33
95
157
192
201
170
125
132
132
129
141
146
144
140
129
118
115
117
116
114
112
110
110
101
98
86
71
64
68
120
151
144
154
153
149
143
150
159
167
167
160
155
155
164
168
165
164
160
142
108
74
58
62
65
69
79
89
95
96
99
102
108
110
116
120
123
125
125
127
133
134
135
136
136
135
130
127
126
124
122
121
124
126
129
140
151
145
140
145
10
10
5
8
6
16
68
150
200
189
164
145
138
130
135
138
141
136
125
120
115
110
107
107
104
100
102
92
87
80
67
58
48
87
156
150
149
147
137
128
128
133
146
156
159
159
160
167
176
176
178
172
166
155
128
87
63
59
58
61
69
80
86
88
92
96
102
103
113
119
119
117
117
123
132
131
132
133
134
131
129
125
124
123
123
121
125
127
130
139
154
162
156
143
10
11
11
12
9
10
51
147
201
173
146
155
135
125
142
135
135
128
114
109
103
99
98
96
92
88
91
84
79
68
62
53
53
115
162
148
146
136
124
117
120
124
137
147
154
157
161
170
176
172
172
165
157
155
134
96
71
61
55
55
59
69
76
81
87
94
98
100
111
119
120
117
115
119
128
130
131
130
127
126
125
124
126
126
124
122
125
126
126
132
155
172
168
149
11
12
14
10
10
9
42
139
195
159
131
142
131
125
137
130
134
119
107
99
92
93
93
89
83
78
74
80
70
60
60
49
67
137
148
154
138
127
115
109
107
112
121
132
144
152
157
162
164
157
155
154
149
154
140
103
78
64
50
49
52
60
68
74
83
91
92
95
104
110
115
118
116
117
123
129
132
127
121
121
122
122
123
124
123
121
125
129
128
132
149
160
164
159
6
5
7
10
4
12
42
131
178
145
121
117
129
127
130
132
118
115
109
97
90
87
85
83
80
74
75
66
65
58
51
39
79
134
134
138
135
116
109
100
90
106
116
123
131
141
151
154
149
144
139
136
131
132
125
108
95
83
67
55
45
49
60
67
75
83
86
86
93
102
107
114
117
115
118
129
129
124
122
120
120
120
123
122
121
122
124
130
125
135
148
146
151
161
5
2
7
10
6
15
30
117
164
138
123
113
130
133
127
128
117
107
102
95
90
85
77
74
77
76
71
64
52
52
54
39
73
120
124
121
118
108
101
92
80
84
100
109
119
129
136
136
128
122
120
105
108
116
111
114
113
91
76
61
46
43
49
55
64
74
82
82
86
94
101
109
112
111
115
124
125
121
120
118
119
119
122
121
120
122
124
127
122
134
137
136
145
141
5
5
8
5
6
11
19
93
151
145
135
127
131
126
123
129
120
109
97
88
81
77
72
72
73
71
63
58
49
51
56
36
53
94
102
87
83
92
94
88
80
74
79
91
100
97
90
81
71
67
57
45
56
81
102
115
111
95
80
67
52
45
43
46
55
66
79
82
86
91
101
107
108
108
114
121
123
122
122
119
120
120
121
119
119
122
124
125
121
134
127
114
117
96
5
8
10
2
7
3
12
65
134
157
150
139
130
121
121
130
121
111
97
84
75
73
72
75
72
65
56
47
51
48
53
41
43
77
89
62
42
53
72
83
89
84
82
88
86
72
55
41
31
27
25
22
40
76
107
110
96
93
85
73
61
55
50
47
49
50
65
74
83
91
99
103
105
107
114
119
121
124
123
121
122
121
118
118
119
120
121
123
121
128
100
60
52
40
4
5
9
5
10
3
6
33
98
148
147
133
128
127
119
127
124
108
93
83
77
75
74
74
69
61
54
44
48
45
47
45
48
70
97
75
37
27
42
67
88
94
92
88
77
62
51
42
32
27
31
28
61
98
105
104
100
96
85
72
63
61
57
52
46
40
49
62
77
88
96
101
105
112
112
115
120
124
124
120
121
120
117
118
120
117
120
121
121
122
75
25
19
20
4
1
3
9
13
10
3
13
54
110
128
135
130
123
113
124
121
107
92
84
79
78
76
74
67
56
49
50
48
47
42
39
54
67
93
98
70
37
31
47
68
81
83
80
70
58
48
40
36
37
46
54
87
109
100
96
99
97
81
72
66
62
56
52
50
46
43
55
70
84
91
95
104
115
110
113
118
125
124
119
120
119
116
118
120
117
121
125
126
124
69
26
28
31
6
3
3
6
11
11
3
9
21
58
93
119
120
117
115
121
113
105
94
84
79
78
78
74
63
48
44
52
50
48
41
37
56
74
80
99
92
61
39
35
45
56
62
65
63
55
43
35
40
51
68
91
102
103
100
93
90
90
86
78
73
66
54
50
51
49
43
47
60
74
83
89
98
106
106
108
115
124
122
118
120
120
118
117
119
116
122
123
128
125
67
30
32
35
6
7
6
3
8
4
7
9
7
17
43
70
93
122
124
123
114
105
93
85
80
78
76
71
59
44
43
49
46
42
42
45
62
90
85
91
88
72
53
40
39
43
48
54
57
54
44
39
50
66
76
98
93
89
99
96
90
93
92
80
72
67
59
57
56
51
46
43
53
70
80
88
96
101
101
103
110
120
119
115
118
118
121
117
117
114
119
118
123
120
75
45
42
39
6
6
5
4
3
5
8
11
9
6
13
20
56
105
119
117
109
98
88
84
80
77
78
69
50
43
44
46
41
38
41
51
67
85
87
94
84
68
63
46
41
46
41
49
51
53
48
44
54
69
68
80
90
98
103
98
92
90
86
80
74
69
69
63
61
59
54
49
50
63
80
87
89
95
99
101
110
118
119
114
113
115
117
117
114
115
119
118
120
120
83
65
68
71
7
7
6
7
7
9
13
14
13
10
8
13
46
102
122
122
112
103
93
87
80
78
77
66
47
43
47
47
43
43
51
62
74
84
85
88
81
71
58
46
38
37
34
39
38
41
48
53
57
59
65
71
78
84
90
90
91
91
87
89
86
82
74
66
62
63
60
52
48
59
77
83
86
92
96
102
111
118
118
115
115
117
118
118
114
115
120
121
122
120
95
80
88
92
19
19
20
22
25
26
29
31
32
31
30
26
50
100
114
117
106
101
95
86
78
74
75
63
45
45
54
54
51
51
58
67
79
85
81
80
77
74
55
47
46
42
39
31
25
37
56
62
66
72
84
88
90
90
93
97
97
98
98
100
94
90
78
68
59
63
64
54
47
54
71
79
82
87
91
96
106
115
119
119
115
114
116
116
112
113
118
121
120
116
102
93
102
106
48
49
50
53
56
57
59
61
63
65
67
60
71
107
109
111
102
101
95
85
74
71
73
59
43
45
55
56
56
54
55
67
82
90
92
90
88
86
72
64
65
66
53
43
43
62
80
78
83
94
89
91
95
92
89
92
92
89
87
84
77
80
78
69
58
59
62
54
48
53
67
76
80
86
86
90
99
110
117
118
117
117
116
117
113
112
115
119
118
112
109
104
113
116
83
85
86
87
89
88
88
90
93
95
95
90
95
117
113
114
102
97
94
84
74
72
72
59
41
41
50
51
52
52
56
68
80
86
93
93
88
80
76
62
59
61
65
67
73
81
90
81
77
77
70
73
79
72
65
72
70
64
55
48
42
46
61
65
62
56
59
56
52
57
67
74
80
87
85
89
98
110
114
114
118
125
121
124
118
114
116
119
119
115
116
117
124
127
107
109
111
111
111
111
112
114
116
117
121
116
115
127
119
117
102
91
89
80
76
75
74
62
46
41
52
51
51
52
57
62
62
59
61
71
64
59
69
63
60
66
70
73
73
70
76
67
65
59
57
62
71
62
56
69
70
59
49
33
20
17
33
52
64
60
60
57
55
60
68
73
77
86
87
89
99
113
117
114
116
123
125
127
121
117
119
121
123
122
122
128
132
134
127
128
128
129
130
132
134
137
138
138
141
137
135
137
126
118
104
94
86
78
75
73
72
66
54
46
54
56
54
52
51
42
32
28
44
69
68
59
68
66
62
68
77
70
63
61
74
71
77
77
63
69
82
73
68
86
86
70
57
33
18
18
32
53
67
66
62
59
55
60
68
70
72
81
86
87
97
112
120
118
116
119
124
125
119
117
120
124
127
128
127
136
140
139
142
143
144
145
146
150
153
155
154
152
151
151
152
149
132
117
102
93
89
79
75
71
68
66
57
48
48
56
56
49
39
23
13
14
41
84
92
83
83
82
74
77
87
80
72
70
85
86
91
90
81
88
101
90
83
98
89
66
50
26
19
42
56
67
68
68
65
59
54
59
67
68
71
78
85
88
97
108
115
116
119
123
122
123
117
116
121
127
132
134
126
137
140
139
150
151
150
153
157
160
161
162
162
161
159
162
164
158
141
121
103
94
88
82
80
74
68
63
55
51
46
47
48
44
31
15
11
10
29
66
93
89
91
100
90
87
95
93
93
82
105
108
110
114
106
114
119
96
84
129
102
51
28
27
45
74
86
79
69
65
66
55
50
55
66
75
75
75
80
88
98
110
117
119
124
125
122
120
115
119
121
129
133
144
150
191
211
225
162
163
162
164
167
168
169
171
170
170
172
172
169
163
153
120
102
92
81
80
81
79
72
64
57
51
49
49
47
39
27
18
13
9
12
39
77
85
75
75
79
90
108
108
100
87
99
111
121
103
86
91
89
61
35
74
58
15
26
61
82
85
87
82
70
68
59
53
54
61
72
78
76
74
81
89
97
106
114
120
124
122
114
111
112
123
123
125
130
145
158
220
246
253
169
170
168
169
170
170
170
172
172
173
173
175
172
173
169
128
106
94
84
82
77
76
70
62
59
53
42
45
47
47
44
40
27
13
9
13
22
25
30
32
30
39
53
55
50
40
38
43
51
36
14
15
20
15
12
15
27
47
90
104
97
85
87
83
68
61
58
55
59
68
76
79
74
73
79
89
96
105
114
121
123
115
105
105
114
127
127
132
143
156
164
228
244
249
170
171
174
174
173
172
172
174
176
178
182
180
170
169
168
135
106
96
88
84
75
80
76
63
58
46
46
46
45
49
55
58
49
34
23
8
15
22
21
26
27
16
14
12
12
10
13
16
12
12
16
17
15
25
28
65
85
105
114
98
88
88
85
79
72
64
61
56
60
68
76
79
75
74
81
87
93
102
113
120
119
111
101
105
115
120
120
130
144
151
159
227
244
250
172
174
174
175
175
173
173
175
178
181
179
180
175
174
172
148
104
89
84
79
73
82
82
69
63
53
40
39
43
52
62
67
65
57
28
11
14
33
49
54
43
25
26
25
27
20
16
23
23
26
36
48
50
71
88
119
113
103
97
82
85
92
86
82
78
67
62
56
56
64
75
80
78
78
82
85
89
100
111
116
116
109
105
109
117
119
122
134
148
150
152
220
244
253
174
176
178
179
179
178
178
180
184
186
182
181
177
174
171
162
121
101
92
85
79
83
80
68
59
49
39
36
40
49
57
67
78
85
94
88
62
48
58
59
51
57
65
70
75
72
56
59
77
79
82
99
119
124
128
104
89
90
99
91
89
91
91
87
78
68
66
59
59
66
77
82
78
78
80
83
89
102
112
112
110
104
97
97
106
116
126
134
146
151
158
217
239
248
174
174
175
176
177
176
176
178
181
183
182
182
183
181
177
174
139
109
84
79
77
81
83
79
66
50
39
37
46
58
65
70
77
83
92
107
124
138
146
146
138
125
121
118
118
116
105
102
114
112
119
128
135
123
96
99
100
98
98
96
94
96
96
87
78
76
73
69
71
78
84
84
78
76
78
83
90
103
111
109
106
100
95
91
101
115
130
134
142
150
156
216
242
251
174
173
176
178
178
178
177
179
181
182
183
181
181
178
177
177
156
121
93
83
75
72
79
83
70
51
43
38
42
55
67
73
81
86
89
93
109
130
141
140
134
124
120
119
117
104
102
103
102
108
104
104
104
98
93
103
103
106
105
99
97
99
97
89
81
77
80
78
82
88
90
87
79
77
81
85
89
98
103
105
105
101
93
92
100
115
132
136
143
150
162
220
243
251
175
177
178
179
180
179
180
181
180
179
182
180
182
177
179
174
165
132
95
85
74
69
75
82
72
54
41
42
46
54
63
75
87
96
91
95
104
107
104
104
103
97
97
95
96
90
87
89
84
84
90
90
93
91
93
100
103
105
102
101
102
103
96
85
80
83
83
78
83
92
90
81
74
70
81
84
94
103
104
100
98
96
88
92
101
117
132
141
146
151
163
221
243
252
171
173
175
177
177
173
173
176
178
179
179
180
183
177
172
165
167
155
129
95
68
73
85
86
81
62
43
41
44
55
64
78
92
101
100
104
107
100
92
90
87
81
81
79
76
73
74
76
71
68
79
81
85
84
85
92
96
99
104
104
107
109
104
93
85
84
82
79
86
95
93
82
73
67
81
86
97
105
103
95
91
88
86
94
105
120
133
140
146
152
162
215
243
252
173
174
176
175
173
171
175
179
181
178
173
172
170
173
180
191
210
220
208
137
79
71
79
84
92
71
46
39
42
61
72
87
96
99
104
108
103
88
77
75
72
64
61
62
62
64
66
68
69
67
66
68
69
71
84
96
103
110
113
110
107
104
99
92
86
84
80
81
89
96
94
85
74
68
79
86
97
104
98
89
84
82
86
96
109
122
133
140
146
153
157
206
240
250
172
172
172
174
174
173
170
166
162
160
170
185
201
217
228
234
233
236
228
173
110
73
69
75
87
78
57
45
47
71
83
99
102
101
108
110
101
83
70
65
58
51
56
61
61
62
59
55
59
59
61
66
71
77
91
99
99
104
114
112
109
106
102
99
95
92
88
89
94
97
93
85
76
71
78
85
95
99
93
85
83
83
89
100
112
123
131
138
146
153
155
197
238
249
164
168
167
167
168
166
163
166
179
191
212
230
238
239
231
225
212
211
215
202
155
91
74
76
78
82
68
53
54
75
88
102
108
109
106
106
96
84
75
68
59
55
54
55
52
52
47
45
57
65
66
78
89
94
100
103
101
109
118
118
114
110
107
105
104
102
98
98
99
99
90
81
75
72
80
86
95
97
90
84
83
86
91
101
113
121
129
138
146
155
158
193
237
248
163
166
164
158
157
165
182
204
225
239
242
239
223
208
200
207
208
214
224
225
202
137
82
72
73
79
73
62
67
81
92
100
110
116
111
106
99
90
80
69
59
53
47
47
48
53
52
48
55
63
57
68
82
90
97
103
106
115
123
124
122
116
111
107
104
102
101
99
99
98
87
78
73
73
83
87
94
96
89
83
83
85
92
101
111
120
128
135
146
156
158
189
233
247
150
149
153
166
189
217
241
248
240
229
215
207
201
202
209
219
219
223
223
222
228
193
114
73
67
74
82
75
81
89
100
101
112
120
116
110
103
96
84
72
62
54
49
39
37
42
45
48
62
80
73
80
95
105
112
116
116
117
124
128
132
130
125
115
106
100
98
95
96
95
87
77
74
77
83
84
89
89
84
80
82
85
92
100
112
122
129
134
145
157
157
186
230
244
142
172
207
221
233
235
229
218
205
194
197
192
199
207
213
215
216
224
225
219
223
224
163
100
67
76
92
82
83
86
100
99
111
119
122
119
122
123
118
117
115
109
100
89
91
95
95
94
101
121
116
119
129
132
131
129
129
131
133
137
138
136
128
117
106
100
100
96
96
94
86
76
76
80
79
79
82
82
78
77
81
85
93
102
115
126
131
135
145
157
159
188
230
244
207
235
235
227
219
212
204
194
187
187
192
194
204
210
214
216
213
215
217
211
207
223
201
146
88
74
81
82
82
76
95
105
108
121
124
127
132
136
139
141
141
137
127
119
118
120
118
111
114
129
132
133
139
140
138
135
130
127
125
130
136
136
124
111
102
97
99
96
93
90
81
73
72
77
78
81
79
75
75
80
86
89
95
104
114
125
132
139
144
157
158
188
226
242
238
219
195
189
184
181
182
184
188
190
195
199
204
215
212
206
207
198
205
213
198
205
216
197
129
86
75
76
82
80
93
100
106
120
126
132
138
139
138
140
135
126
118
115
116
117
113
108
108
119
131
127
128
127
126
127
124
123
123
126
130
125
114
104
95
89
93
91
88
82
77
74
74
75
78
78
77
76
80
85
91
94
99
106
114
122
129
139
144
156
158
187
227
243
193
175
179
182
183
183
186
191
192
190
196
204
210
211
199
187
194
197
214
230
226
223
240
238
155
92
76
71
77
79
88
95
101
113
116
126
133
132
131
135
132
121
112
108
105
101
100
99
101
108
113
113
118
118
116
117
117
118
123
123
120
112
102
96
91
86
86
85
79
71
70
74
75
72
75
74
72
75
81
86
91
94
98
106
113
122
130
140
142
150
158
186
229
243
171
177
180
184
186
185
186
192
196
196
198
205
211
195
181
182
194
220
239
243
252
249
244
237
162
114
88
73
70
72
80
92
99
104
109
118
123
119
117
121
118
108
105
96
88
82
83
88
89
95
97
94
98
98
96
98
100
103
114
111
108
103
96
92
88
83
81
78
71
64
67
73
75
71
69
69
69
71
74
83
90
94
99
106
112
120
129
140
141
148
156
188
234
242
177
175
180
184
186
185
185
190
198
204
202
201
201
179
172
194
216
236
247
243
249
252
242
215
158
128
103
83
71
66
72
88
94
99
103
109
112
110
106
104
101
93
87
80
75
72
74
76
76
82
86
83
88
95
100
101
96
93
97
94
95
97
95
88
80
74
74
71
68
67
70
74
74
70
66
69
71
70
72
81
92
98
103
108
111
117
126
138
141
150
156
193
237
236
173
177
175
179
184
187
187
189
193
197
197
192
184
170
171
203
230
229
242
251
244
251
244
197
156
129
115
100
83
70
67
77
82
92
95
96
100
101
97
92
85
80
72
69
70
69
69
68
70
79
81
76
79
84
90
95
97
99
93
88
88
89
86
78
72
68
68
67
70
74
76
75
73
71
69
71
73
72
74
82
93
100
105
110
114
120
125
134
138
147
159
202
237
227
163
170
177
179
181
184
187
190
193
194
186
178
167
165
182
209
222
222
245
254
247
245
233
184
159
137
121
115
101
84
72
70
68
86
91
87
88
90
86
80
73
69
68
66
67
66
65
66
70
79
77
75
80
82
82
83
85
90
92
87
83
79
72
67
67
68
67
68
73
77
76
73
72
72
71
69
69
74
78
84
93
100
108
115
121
127
129
133
133
143
164
210
233
214
164
169
175
176
176
177
181
185
184
180
181
166
154
160
199
218
209
227
249
250
251
242
220
173
155
136
122
123
113
97
81
69
63
85
87
81
78
79
77
74
71
69
68
64
63
61
63
68
70
77
76
71
73
73
72
74
77
83
84
80
76
69
62
61
66
69
71
72
75
76
73
69
69
72
69
62
63
72
82
88
93
101
116
121
126
131
131
132
133
144
166
213
228
205
164
161
168
168
172
175
171
166
164
163
163
156
156
176
212
214
211
236
250
251
253
236
204
177
149
135
118
119
118
106
94
81
66
71
80
76
75
72
70
73
70
67
69
65
61
60
61
64
69
73
68
66
67
65
65
69
69
70
74
72
72
67
59
64
72
71
74
75
75
73
69
66
67
71
69
64
64
74
90
91
93
111
119
123
126
131
136
139
144
147
174
225
217
194
161
160
162
163
162
158
153
153
158
162
161
161
175
196
217
220
226
241
252
248
251
232
202
181
138
136
125
117
113
109
104
85
63
68
74
71
72
70
68
71
71
71
71
67
61
59
64
69
72
73
68
67
68
64
62
65
69
72
70
70
71
67
61
64
71
72
71
72
72
71
69
67
68
70
66
66
74
88
96
97
98
110
116
120
128
134
139
146
153
151
185
228
209
187
149
164
162
160
152
141
140
153
173
185
186
190
207
217
216
219
240
248
248
251
239
229
209
172
118
124
131
116
105
103
106
91
68
68
73
66
65
67
69
74
74
74
75
73
67
66
72
77
76
76
70
66
72
73
69
71
75
79
73
71
70
70
71
72
73
73
68
70
71
71
69
68
68
66
68
70
84
95
97
97
102
111
117
118
130
138
140
144
149
155
201
227
198
182
149
152
156
155
148
141
146
161
181
194
199
199
202
206
206
215
242
247
249
252
233
234
222
158
95
121
131
115
103
99
102
101
84
71
73
64
63
66
70
73
73
75
78
80
79
80
85
85
82
83
81
73
81
88
83
80
81
83
80
77
73
72
75
72
67
66
69
72
74
72
70
68
67
66
70
76
89
96
98
102
108
118
120
125
132
137
143
141
143
162
213
216
184
182
133
153
155
153
148
146
153
164
175
185
187
193
195
206
219
226
246
251
249
243
238
238
222
133
75
136
131
115
107
101
100
107
99
77
70
63
64
67
67
68
71
77
80
84
87
89
89
85
83
87
87
78
82
85
81
80
79
77
76
75
70
68
69
65
63
67
71
74
75
71
66
66
69
72
77
86
90
91
99
102
104
116
118
129
124
124
140
138
144
178
219
204
174
183
114
141
152
152
148
147
154
162
170
180
193
189
184
198
219
230
247
250
247
242
244
239
202
98
77
152
140
117
106
102
97
103
103
86
72
64
63
65
65
66
68
74
76
81
86
87
83
79
81
85
82
79
80
75
73
82
82
75
79
77
69
65
65
63
61
65
71
71
70
65
62
65
72
80
88
92
90
87
97
102
103
116
117
125
117
122
136
129
150
203
219
194
171
183
103
137
140
148
147
144
146
150
156
165
159
151
166
195
218
233
247
240
245
247
243
217
151
70
102
167
145
119
100
96
93
95
97
90
79
68
64
65
66
67
66
68
73
75
82
82
77
79
83
81
80
83
86
81
82
89
87
80
71
69
65
65
70
72
73
75
69
65
61
60
60
65
77
87
92
91
89
91
101
111
116
124
122
126
122
134
136
135
174
219
211
180
173
186
111
143
145
153
148
134
129
132
141
152
162
163
198
219
208
216
247
249
243
241
236
178
93
56
119
178
144
119
94
92
94
92
90
87
85
74
70
68
65
65
64
68
72
74
81
82
78
85
90
82
79
85
93
93
92
89
80
74
70
71
70
70
69
68
68
68
67
60
56
58
62
68
79
88
91
87
90
96
105
114
117
119
125
128
129
137
134
152
197
213
201
171
176
192
107
153
142
153
147
132
126
132
150
159
174
200
226
218
202
217
240
245
243
241
199
114
63
51
118
177
144
124
111
97
89
89
86
83
84
88
83
71
64
67
68
65
70
73
73
73
80
89
90
84
81
84
87
86
79
68
66
72
78
79
78
72
63
58
60
63
64
56
57
59
64
79
87
80
84
90
94
94
98
109
118
116
124
126
136
140
145
177
209
211
185
170
175
196
96
151
155
148
145
138
132
132
142
153
184
212
212
185
195
227
238
248
240
217
136
75
54
51
116
164
126
124
125
113
97
88
81
76
81
87
88
79
70
67
67
65
67
68
66
68
74
80
79
76
75
75
75
74
69
63
65
73
78
76
73
69
64
59
58
59
51
59
65
69
73
80
81
78
77
84
86
88
94
102
112
119
125
140
144
139
160
203
216
200
176
172
182
199
77
141
153
142
134
140
134
126
150
181
223
218
201
175
194
231
240
247
237
171
87
59
47
57
119
142
110
113
121
118
104
92
82
75
76
83
89
85
76
68
67
69
71
69
67
69
72
71
69
67
71
71
72
73
71
67
67
72
71
72
70
66
60
55
54
56
56
70
74
73
77
78
75
77
78
83
82
87
96
100
109
120
131
140
137
146
188
220
209
186
170
173
187
201
