28
25
25
25
23
21
22
21
24
32
45
66
89
116
139
169
196
216
227
230
227
226
226
224
218
204
187
179
176
173
165
158
154
150
151
149
146
145
145
143
142
143
142
142
141
140
141
144
149
155
157
160
163
165
168
171
174
179
185
194
206
220
222
218
222
226
228
234
241
243
242
243
242
235
220
196
161
126
95
72
64
62
66
69
75
80
83
88
92
96
103
106
111
113
28
25
23
24
24
25
22
20
29
46
74
96
122
150
173
200
219
229
235
233
227
224
223
220
209
189
171
165
163
162
158
153
150
145
145
143
142
141
141
139
140
141
141
142
141
141
142
144
146
150
152
156
160
161
165
167
171
175
179
187
200
206
213
220
221
224
229
231
238
239
239
244
246
248
241
232
206
172
135
101
78
68
64
68
73
79
83
87
91
95
100
105
111
114
31
27
25
22
23
21
24
32
47
73
99
124
147
173
200
221
232
233
232
231
225
220
221
219
202
181
164
157
153
155
152
146
142
140
141
140
139
139
139
140
141
143
143
143
143
144
142
143
145
147
152
151
153
158
163
167
168
168
169
177
186
196
201
211
216
224
226
229
233
238
239
244
248
247
248
243
232
212
181
149
117
84
71
67
72
77
81
87
92
94
100
103
110
115
32
28
26
21
19
21
32
49
69
95
125
146
168
192
219
234
235
229
230
225
219
216
218
213
195
175
159
153
150
149
145
140
137
137
137
138
139
140
141
141
141
141
142
142
142
143
141
143
145
148
149
150
153
157
160
161
162
163
163
167
180
193
192
192
208
217
221
223
231
239
242
244
247
248
249
246
244
238
223
197
160
122
92
76
72
75
79
86
92
97
100
105
112
116
32
28
26
22
23
28
46
70
94
123
148
173
196
214
230
235
234
230
230
223
215
214
214
203
182
167
155
152
149
145
141
138
137
136
134
135
136
138
141
141
141
140
140
140
140
141
141
143
145
147
149
152
156
158
158
158
158
158
159
164
180
193
187
178
204
213
219
221
231
240
243
243
244
247
251
250
249
249
245
231
198
161
126
96
77
75
76
81
89
97
100
106
113
118
31
26
26
28
35
47
67
88
111
143
171
198
220
228
229
227
230
232
233
226
216
209
205
190
169
158
154
153
151
147
141
139
139
138
134
134
134
136
138
139
140
140
139
139
140
141
142
142
143
144
149
152
156
157
156
155
154
152
158
164
176
187
184
184
203
210
216
219
231
237
238
239
241
244
250
250
247
247
247
244
227
204
165
128
97
84
78
78
84
94
100
107
114
118
31
26
28
33
49
67
90
106
126
159
194
215
228
230
228
223
225
227
233
229
214
199
189
173
157
150
152
152
151
148
142
139
139
138
135
135
135
136
137
138
139
138
137
138
140
141
142
141
141
142
143
146
151
153
153
153
151
148
151
158
162
168
176
193
203
207
208
212
222
226
227
232
237
244
247
249
247
246
248
248
242
229
200
164
129
103
84
77
82
92
99
108
115
118
34
29
30
40
58
81
108
125
145
178
209
224
230
231
229
225
224
224
230
224
204
187
176
164
151
147
149
148
149
146
140
136
135
133
136
136
137
138
139
139
138
137
136
136
138
140
141
140
140
140
142
144
147
150
153
155
153
149
147
152
149
150
164
194
204
207
200
203
212
210
210
221
231
241
245
248
247
246
247
247
244
236
221
192
158
124
94
79
80
89
98
109
114
118
37
34
38
53
74
95
121
140
161
195
219
230
231
231
232
229
227
226
224
215
193
179
176
165
152
146
143
143
144
143
137
133
131
130
134
134
136
138
139
139
137
134
134
135
137
138
138
138
138
139
141
142
145
148
153
157
154
150
146
149
144
142
153
182
202
203
193
192
199
193
190
202
217
234
242
246
244
246
248
248
247
244
230
209
183
149
113
90
84
88
99
109
115
118
39
36
46
68
90
106
129
148
172
208
224
229
227
227
229
226
223
219
219
207
187
177
181
170
153
144
139
138
139
139
135
130
129
128
132
132
133
135
138
138
135
133
133
135
136
136
137
136
137
138
139
140
142
145
150
154
152
148
146
146
143
139
144
163
195
193
183
179
184
179
175
186
204
225
238
243
245
247
248
244
244
244
234
218
200
171
133
103
91
92
100
112
117
118
41
42
54
81
102
112
130
153
177
210
223
221
222
226
219
215
209
207
206
191
179
175
175
167
154
144
139
137
138
137
133
131
131
130
131
131
131
132
133
135
135
134
132
133
135
136
136
135
136
137
139
140
142
143
144
144
143
143
145
146
145
145
142
151
173
181
176
173
173
167
163
172
190
209
227
236
242
245
246
245
244
245
238
230
210
183
151
123
107
99
103
109
115
120
45
51
68
93
114
124
141
157
175
203
212
209
209
217
209
200
190
190
191
180
168
163
160
155
147
143
138
137
137
134
130
130
130
127
128
128
128
129
131
133
134
133
133
133
134
134
134
133
134
135
137
139
141
140
138
136
136
137
144
146
147
147
141
144
160
170
169
167
166
162
159
165
177
193
211
226
238
242
243
243
243
245
241
234
218
197
172
144
124
109
104
109
114
120
52
65
81
104
124
136
153
162
173
193
200
193
197
210
204
188
177
178
184
174
162
152
147
141
140
140
137
138
138
135
132
132
132
128
129
128
127
128
131
133
133
132
132
133
133
134
133
131
132
133
136
139
142
139
134
132
135
138
144
145
148
147
146
146
152
161
164
161
160
157
158
158
161
173
194
211
229
237
241
243
244
243
242
237
224
209
192
169
142
119
106
107
110
117
61
80
93
113
129
144
159
164
168
181
187
181
186
203
202
187
175
175
184
174
161
148
141
137
136
137
136
136
136
136
134
134
134
132
132
130
128
129
132
134
134
132
132
132
133
132
132
131
132
133
135
139
141
140
136
134
137
141
144
144
145
144
150
153
148
153
159
158
156
155
156
153
150
160
179
200
219
231
239
242
243
242
241
237
226
216
204
187
160
131
111
106
106
114
70
91
106
122
136
151
162
164
164
170
172
168
173
190
193
186
175
171
177
168
153
143
138
137
136
134
134
131
133
136
135
134
134
134
134
132
130
130
133
135
135
133
134
133
133
132
131
130
131
132
134
136
139
138
136
136
138
141
145
147
145
139
146
151
143
144
153
154
154
152
153
150
147
156
173
190
208
223
235
241
241
240
239
235
228
222
214
204
181
151
123
110
105
111
77
100
116
131
143
156
165
164
163
163
160
157
159
172
177
177
168
160
162
154
143
136
135
137
135
131
132
128
129
134
134
132
133
135
133
132
130
130
132
134
135
133
134
134
134
132
131
130
130
131
136
136
136
136
136
136
138
139
144
149
146
139
141
145
142
142
149
151
153
150
150
150
150
158
170
183
197
212
226
236
239
240
238
236
232
228
223
216
199
171
140
118
106
110
87
109
124
139
149
160
166
163
160
158
152
150
150
158
161
165
157
148
147
143
136
130
130
133
132
129
129
126
126
129
129
130
133
135
133
132
131
131
133
134
135
133
132
132
133
133
132
130
130
131
136
135
135
135
136
137
137
136
140
147
145
140
140
141
143
143
146
149
152
148
145
148
150
154
164
173
184
196
212
222
232
237
236
234
233
231
228
227
216
189
157
128
110
110
95
117
131
147
155
163
165
161
156
152
148
146
144
149
151
156
149
141
134
133
129
125
125
128
130
129
125
122
122
123
124
129
132
133
133
133
132
132
133
135
134
133
130
130
131
132
132
131
132
133
134
133
132
133
135
136
135
133
137
144
141
140
139
138
142
142
146
148
151
145
140
143
146
148
156
162
172
183
195
208
220
232
234
233
232
233
231
234
227
205
172
137
113
110
105
124
137
150
162
165
165
161
154
147
141
138
141
146
147
147
145
140
135
134
130
124
121
124
125
123
121
119
117
119
123
126
127
127
131
130
132
134
135
139
140
134
129
129
129
131
132
131
131
131
132
134
134
134
134
134
134
134
139
140
140
137
137
139
140
140
143
146
147
143
139
141
143
145
150
155
162
169
178
192
210
224
231
235
233
233
234
233
227
216
183
148
119
108
113
130
139
149
160
163
163
161
154
147
139
132
132
138
141
144
144
140
136
134
131
124
119
119
119
118
116
115
116
119
123
124
124
124
128
128
132
135
137
140
141
136
128
128
128
130
131
130
130
130
131
131
132
132
131
132
132
133
137
139
139
137
137
139
140
140
140
142
142
140
140
140
143
145
149
151
154
159
167
181
199
213
224
232
235
234
231
230
228
221
195
160
128
110
119
133
139
148
153
157
159
161
156
151
144
132
128
133
139
145
147
143
137
135
131
125
118
115
116
116
115
115
119
121
123
123
123
125
126
128
131
135
137
140
140
135
128
128
129
131
131
130
130
130
130
131
132
131
130
130
132
133
136
137
138
138
139
141
141
140
138
137
137
139
141
143
144
145
149
149
150
153
159
171
188
200
213
225
233
235
234
233
233
228
205
172
137
113
125
139
142
144
146
149
153
158
157
153
148
133
127
131
138
144
146
144
137
132
129
126
118
113
114
116
117
119
121
123
123
123
126
130
130
130
132
134
136
137
136
133
130
131
132
133
132
131
130
130
131
132
133
133
132
132
133
134
136
137
138
139
141
143
143
141
137
136
136
139
142
144
146
147
147
147
148
150
156
167
182
193
205
220
231
238
237
234
235
232
210
183
149
120
133
146
146
146
145
146
150
155
154
149
144
129
121
125
131
137
141
140
132
126
123
121
116
112
112
114
117
120
123
124
123
124
129
133
134
133
132
132
134
134
132
131
132
133
134
134
133
132
129
129
131
133
135
136
135
134
135
135
137
137
138
140
142
143
142
141
138
137
138
140
142
143
144
146
143
143
144
148
154
165
180
191
205
220
233
239
235
229
230
228
218
197
166
131
135
146
146
145
145
146
151
155
152
146
137
124
115
117
123
130
136
135
127
120
116
115
112
109
109
111
115
119
124
127
126
126
129
133
134
134
131
131
133
133
131
131
134
136
137
136
134
132
131
129
131
134
136
137
137
136
136
136
135
135
136
138
141
142
142
142
140
140
140
140
141
140
141
141
140
141
141
143
149
162
180
192
206
221
235
238
231
225
226
228
221
206
180
141
133
141
140
140
141
143
148
153
151
146
136
124
114
111
115
126
132
129
120
116
114
114
111
109
110
111
116
120
126
129
129
128
130
132
132
133
130
131
134
133
131
131
134
136
138
136
135
133
132
130
131
133
136
137
137
136
135
135
134
134
136
138
141
142
143
143
142
142
141
139
139
139
138
136
139
140
140
141
144
156
175
189
202
216
228
235
233
228
229
229
219
209
189
150
135
140
137
136
136
138
143
148
147
143
137
124
113
107
110
121
128
126
118
115
114
115
114
113
114
116
116
120
126
129
128
127
128
130
130
131
130
131
136
134
131
132
132
135
137
136
134
133
132
130
130
132
134
136
136
134
133
131
133
133
135
139
142
143
143
143
143
145
143
140
138
138
137
133
137
138
139
138
139
150
167
182
197
207
218
230
234
231
229
225
219
213
196
160
140
143
137
132
129
129
133
136
138
140
136
127
117
109
111
119
125
122
116
114
113
115
117
116
117
117
116
119
121
122
122
123
126
130
132
130
130
133
135
134
131
130
133
133
132
134
134
132
131
131
132
133
134
135
134
133
132
132
132
135
139
143
145
146
146
147
147
145
144
143
141
138
137
136
138
140
143
139
139
148
160
173
187
192
204
217
227
233
229
221
217
212
201
174
142
144
137
131
127
125
127
128
129
130
132
126
118
112
111
116
119
118
114
113
112
113
117
118
119
119
118
119
122
124
125
126
129
132
133
133
133
135
135
133
132
132
132
132
132
133
133
132
131
130
131
132
133
134
135
135
135
134
135
137
141
145
148
149
150
151
150
149
148
147
144
141
140
138
140
140
142
141
144
152
160
168
177
181
192
204
216
226
225
219
210
212
209
187
143
144
138
132
126
124
123
121
121
121
127
123
119
115
113
115
117
115
111
111
111
113
116
120
122
122
120
121
123
126
130
132
134
135
136
136
137
137
136
134
133
134
134
134
135
135
134
133
131
131
131
132
133
134
136
137
138
138
139
140
143
145
147
148
148
148
147
147
147
147
145
142
141
140
143
140
139
138
142
152
161
168
175
178
185
192
202
214
217
213
208
213
216
200
145
143
138
133
127
124
120
118
117
118
121
118
117
115
115
116
117
115
112
112
112
113
118
123
125
124
122
123
126
129
132
134
136
137
136
138
139
139
137
135
135
135
136
136
137
138
136
133
132
131
132
131
131
132
134
135
137
138
140
140
141
144
144
145
145
144
146
147
148
148
147
145
143
142
142
140
138
136
137
147
156
168
178
180
185
188
193
202
208
207
210
215
219
207
145
140
134
130
126
121
116
114
115
118
118
114
112
113
115
117
117
114
113
113
113
115
119
124
124
122
121
124
128
131
133
134
136
137
135
137
137
137
137
135
134
133
134
135
136
137
136
134
132
132
132
131
130
129
131
133
135
137
138
140
142
144
147
148
149
149
151
152
153
152
151
150
148
146
142
140
139
138
140
145
153
164
173
178
185
187
187
191
195
196
202
210
217
212
141
135
131
128
123
119
114
112
114
117
118
114
112
113
115
117
115
111
112
112
112
114
116
119
119
118
119
122
125
129
130
131
134
137
135
136
136
136
137
136
134
132
131
133
135
137
137
135
134
134
134
132
131
132
133
136
137
137
139
141
144
148
148
150
152
154
155
157
157
157
157
158
157
155
148
143
141
140
142
146
153
164
171
176
184
187
183
179
177
176
182
197
211
214
134
131
126
123
120
116
114
112
113
116
117
115
115
117
117
117
115
111
112
112
113
114
115
114
114
115
119
120
123
125
126
127
130
133
133
134
135
133
133
134
133
132
130
132
136
138
138
137
136
137
137
136
135
136
137
138
138
137
137
140
143
144
142
144
147
149
154
155
154
154
157
159
160
158
149
145
145
144
143
146
155
168
175
177
182
185
180
172
165
160
165
182
201
209
131
130
122
119
116
114
113
112
113
114
115
115
118
120
119
117
115
113
114
114
116
116
115
113
113
116
121
121
122
123
122
123
127
130
130
132
132
131
130
131
130
130
131
133
136
139
139
138
137
137
136
136
136
136
137
137
135
134
131
134
136
136
135
135
140
143
144
144
144
144
145
149
149
147
143
144
150
149
145
146
156
171
176
174
176
182
180
172
164
159
160
174
190
202
129
125
120
117
115
115
116
114
111
109
114
115
120
124
122
118
117
116
117
120
120
119
117
113
112
114
116
119
118
116
118
119
120
125
129
130
129
127
127
126
128
130
132
136
137
138
138
137
137
136
134
135
136
137
133
133
132
128
123
124
126
124
121
122
124
122
123
123
123
123
123
127
129
127
127
138
149
157
160
159
160
167
173
171
175
178
178
177
171
163
162
168
182
196
128
124
116
115
115
118
120
117
113
109
113
115
120
123
121
121
124
125
126
125
122
117
110
103
97
98
103
105
105
103
104
101
103
109
116
118
119
120
121
122
124
128
130
133
134
137
135
134
135
133
132
132
134
132
129
126
122
117
114
112
110
106
100
97
96
93
92
91
91
91
91
93
93
91
99
112
134
157
173
174
171
173
171
169
171
171
173
181
181
170
161
164
175
191
123
119
111
110
113
119
122
119
115
112
110
115
119
124
124
128
131
132
135
130
120
108
95
84
77
75
77
77
77
76
76
75
78
84
93
97
101
104
109
112
116
121
123
128
131
133
134
131
133
131
131
130
130
127
120
115
108
100
94
87
82
76
69
63
59
57
56
55
56
59
58
58
58
56
65
81
106
137
167
183
187
189
181
173
169
166
168
179
183
172
160
160
164
181
119
114
108
108
110
117
121
120
117
115
113
114
118
122
128
133
135
134
130
117
99
82
67
56
50
49
48
48
48
48
48
48
52
56
63
69
76
81
89
96
103
110
114
121
126
131
131
131
131
130
130
128
126
120
110
101
91
84
74
64
55
49
41
35
32
31
32
30
33
38
39
39
39
36
41
57
76
101
136
168
191
204
197
183
173
167
166
174
180
171
158
156
156
172
116
111
107
106
108
116
120
119
118
117
117
116
117
121
130
138
136
127
111
92
70
52
39
32
30
29
30
29
27
26
28
32
34
34
37
43
49
55
64
75
88
98
106
113
121
128
128
127
128
126
125
124
122
113
102
90
81
73
65
54
42
36
28
23
21
20
19
18
21
26
28
29
29
27
30
41
53
68
95
131
170
201
207
198
185
174
168
174
181
172
155
151
151
165
115
109
102
102
105
114
118
116
114
114
118
118
122
127
134
136
126
109
84
65
45
33
23
21
22
22
20
18
17
17
19
23
26
25
25
29
33
37
45
56
71
84
97
106
114
121
122
119
120
118
118
117
115
107
97
87
79
71
66
55
45
39
32
28
26
25
22
22
25
29
30
32
32
32
36
38
42
49
63
89
132
173
199
208
201
185
172
175
181
169
150
146
147
160
113
107
100
100
105
113
117
115
112
112
115
122
129
131
129
122
104
82
59
44
35
30
24
25
28
27
24
19
19
23
24
25
27
27
28
33
35
37
41
50
64
76
89
98
106
113
114
111
113
112
111
109
108
103
97
90
84
76
71
64
57
54
50
46
44
40
40
40
42
44
45
48
50
50
51
52
50
49
52
63
94
127
166
197
207
194
179
176
180
169
150
144
146
160
112
106
102
102
107
115
119
116
114
114
117
125
131
126
116
103
83
61
49
39
36
39
38
38
42
40
36
29
30
35
32
28
29
31
33
39
44
46
50
56
66
75
84
93
100
107
108
107
111
111
107
105
103
102
99
95
88
80
79
75
72
70
65
61
56
51
53
54
56
56
57
62
67
66
64
68
68
61
57
59
72
88
129
175
200
200
187
178
181
176
154
146
149
164
113
109
104
103
109
118
122
120
117
116
121
131
131
117
102
83
63
52
47
48
50
51
51
51
52
55
48
45
41
40
39
36
35
37
41
47
52
55
60
65
70
74
81
88
94
100
103
107
110
111
110
108
107
104
100
96
92
87
84
80
77
76
72
64
57
56
56
55
54
55
59
64
68
70
70
74
78
78
73
66
68
75
100
141
182
193
186
180
176
178
160
147
148
166
114
107
103
102
109
120
124
123
121
119
127
132
124
104
86
71
58
52
54
55
57
58
55
53
53
54
50
45
40
40
39
36
36
39
41
45
51
55
62
67
71
73
79
85
92
97
103
110
116
119
118
115
112
107
100
94
89
84
82
78
75
72
67
57
50
48
50
49
48
48
53
57
59
59
59
66
75
83
86
82
77
76
88
117
157
182
184
178
177
184
168
151
150
166
112
104
101
101
110
121
127
128
125
123
126
127
115
92
75
64
59
57
59
59
59
58
52
49
46
45
39
34
33
35
36
34
34
35
35
39
43
50
59
64
67
68
75
80
87
94
102
112
122
128
127
123
117
108
98
92
86
81
79
74
69
66
58
49
43
43
47
45
40
38
43
48
49
47
49
56
67
79
89
93
89
85
88
102
136
170
183
184
189
196
175
156
154
169
110
105
98
100
110
122
130
132
130
127
120
117
104
85
71
66
65
65
65
60
55
51
45
42
41
39
33
26
25
28
29
28
30
31
30
33
36
44
53
59
62
65
72
77
84
92
102
114
125
131
132
127
119
109
96
88
82
77
75
70
65
59
50
41
41
45
49
45
35
27
30
36
36
35
39
46
54
62
76
89
94
96
96
101
124
155
175
187
199
203
180
159
154
167
111
104
98
101
112
124
132
135
133
129
124
114
98
80
69
68
71
72
67
57
48
43
40
46
51
50
45
34
29
29
25
26
32
35
35
36
37
42
49
54
61
67
73
77
84
91
102
116
129
136
135
131
124
114
99
88
79
72
71
65
60
54
46
41
48
58
65
59
42
30
31
34
33
33
38
42
44
49
64
83
96
102
104
104
117
145
166
184
203
207
183
160
152
161
112
101
97
101
113
126
133
136
133
128
124
111
94
80
74
73
74
71
61
51
42
38
40
56
69
69
59
46
40
38
32
32
42
47
47
42
39
40
46
50
59
67
76
79
83
92
103
118
131
138
138
133
127
118
105
93
79
70
63
59
54
53
51
53
65
79
90
82
61
44
42
43
42
44
49
48
42
40
53
75
92
101
106
106
115
142
162
178
201
212
183
160
151
161
115
100
98
104
117
129
134
137
133
128
118
105
92
85
80
78
74
66
54
44
40
38
45
67
84
85
67
52
46
43
37
40
55
64
63
53
43
41
46
51
58
65
78
80
86
93
105
119
132
138
138
132
126
117
107
96
85
74
64
58
56
59
62
68
83
99
106
95
69
49
47
48
49
56
62
59
49
39
43
60
79
92
103
107
116
139
157
171
198
215
189
163
154
164
121
105
99
107
121
132
137
137
134
127
113
100
88
84
80
78
72
62
53
46
42
43
51
73
94
95
75
57
46
40
33
43
65
80
79
65
50
45
50
55
60
67
77
80
87
95
108
121
130
135
136
129
121
113
106
99
91
82
71
65
62
66
71
79
93
107
114
100
71
49
46
49
54
64
74
74
64
50
45
55
73
87
101
112
121
137
154
170
200
219
200
169
155
164
122
107
102
108
124
137
141
141
136
126
114
96
86
86
79
72
67
58
55
52
50
50
61
82
100
104
81
66
53
41
30
36
62
84
90
76
58
48
52
62
69
70
76
83
90
100
111
121
127
133
132
129
118
112
108
103
98
93
81
77
76
78
79
85
100
113
119
104
75
54
49
47
55
70
86
87
77
60
53
59
74
84
98
110
123
140
154
173
203
222
203
175
156
163
115
107
104
110
126
138
143
143
137
126
114
96
87
84
77
71
67
60
60
61
64
68
73
88
100
103
95
83
70
60
50
54
74
91
93
82
67
60
63
70
74
77
79
84
93
103
114
123
130
135
135
131
120
114
110
105
102
99
94
90
86
85
84
87
100
113
119
107
81
62
56
54
61
76
95
99
93
78
67
68
76
84
94
108
124
141
156
174
202
220
206
178
157
157
111
108
104
110
126
138
143
142
136
124
113
98
88
85
76
74
74
71
75
77
81
82
82
87
94
98
93
86
80
74
67
70
82
92
92
86
77
74
75
77
79
79
81
87
97
108
119
128
133
138
140
136
123
116
112
107
106
103
99
96
93
89
85
87
95
105
109
102
85
71
67
67
74
86
98
105
105
98
92
88
88
90
95
110
125
141
155
175
200
218
205
179
158
156
114
108
104
112
127
138
141
139
132
123
114
103
93
87
81
82
87
88
92
94
96
95
92
90
91
92
89
88
87
85
81
80
84
88
89
86
83
84
85
83
80
78
83
91
102
115
126
133
139
144
147
144
130
121
116
110
107
104
98
93
91
90
86
84
86
93
94
94
87
81
82
85
91
100
107
111
115
117
118
113
104
100
105
116
128
140
157
177
197
213
204
177
155
153
121
109
106
113
129
138
139
136
131
123
116
107
99
93
89
92
100
103
102
104
105
104
100
94
90
90
88
91
91
88
84
81
81
82
85
85
85
88
90
88
85
82
87
94
107
122
133
140
144
151
156
152
138
128
121
114
110
105
102
95
92
93
91
84
82
86
87
90
89
89
94
99
104
110
115
118
122
127
133
133
126
122
119
129
136
145
161
179
194
208
206
177
151
145
126
115
111
119
132
139
137
134
130
125
119
113
107
102
101
105
110
111
111
112
109
105
104
98
92
91
93
95
93
89
86
82
82
85
87
87
88
90
93
94
93
90
90
98
111
127
139
144
149
157
163
158
144
134
127
120
114
109
107
101
97
97
94
85
82
84
84
88
90
92
97
100
104
109
115
119
122
127
133
137
140
142
143
146
148
151
167
183
194
210
208
180
151
141
124
121
118
125
135
140
136
133
131
125
121
120
116
113
114
117
117
115
112
111
104
97
96
94
91
91
93
95
92
89
88
87
87
91
95
97
98
97
99
101
99
97
95
102
114
130
141
144
150
158
166
161
147
137
131
125
121
115
112
110
107
106
101
95
91
90
88
91
94
97
99
101
105
110
119
124
126
126
130
138
147
155
163
165
164
166
178
188
196
212
212
185
155
140
119
122
124
129
137
141
137
134
132
126
123
124
123
121
123
125
121
116
114
115
109
104
105
103
101
101
99
100
97
96
99
98
98
102
102
106
107
104
104
105
102
98
97
104
116
131
141
144
150
158
169
163
148
139
134
128
125
120
115
118
119
117
113
109
105
101
96
99
103
105
106
107
113
118
119
126
129
130
137
147
159
169
171
175
179
182
191
195
196
208
219
191
158
138
111
119
121
133
135
142
143
135
134
132
129
128
129
131
135
134
128
121
119
120
118
114
115
115
112
110
109
107
104
104
103
102
102
101
106
112
115
112
108
104
103
100
101
110
123
131
140
144
151
161
171
170
151
138
134
132
131
121
116
120
124
126
123
118
113
108
104
108
110
113
117
121
125
128
127
132
138
147
156
162
169
177
177
180
184
189
197
195
194
206
216
191
155
135
107
115
123
134
136
142
144
137
134
131
130
131
134
137
140
139
133
128
130
131
129
125
125
124
121
118
118
115
110
108
108
106
104
104
112
118
120
114
106
103
104
105
105
112
124
132
140
144
149
162
173
172
152
141
137
136
136
128
119
122
126
129
128
126
122
118
116
116
116
119
126
131
135
140
142
144
149
161
175
180
178
175
177
180
186
193
201
202
198
205
214
191
156
137
102
111
124
134
137
143
145
139
135
131
132
132
135
138
139
137
135
135
135
137
135
130
130
128
126
125
123
119
115
115
115
115
114
114
118
122
124
116
108
105
107
108
108
112
124
134
141
143
148
162
180
176
157
144
139
139
142
137
131
129
128
129
130
130
126
124
120
120
120
122
124
127
134
143
148
153
160
171
181
181
173
168
170
175
183
192
202
207
203
204
214
193
157
136
100
108
123
134
139
144
147
141
137
134
134
132
130
131
131
130
132
136
137
138
136
133
132
130
128
128
125
121
120
122
123
121
121
122
124
125
124
118
113
111
110
108
108
114
126
137
142
141
146
163
184
183
168
152
141
138
144
146
144
139
135
133
132
133
130
129
126
125
125
125
125
125
132
144
153
160
167
170
172
169
164
161
161
163
175
186
199
209
208
206
213
194
157
134
100
105
124
135
140
144
146
143
137
137
132
128
123
121
121
122
128
133
133
136
135
133
131
129
128
129
129
128
128
128
128
124
122
123
128
128
125
120
115
113
111
110
110
118
131
141
143
141
145
161
183
186
179
163
145
135
139
144
142
138
135
135
135
136
136
136
135
131
127
128
132
134
141
151
165
168
168
164
163
161
159
158
154
158
168
179
192
204
207
208
213
194
155
128
104
112
128
135
139
141
144
142
135
132
125
122
117
115
116
118
124
128
127
130
131
131
130
128
127
129
130
131
132
133
131
128
126
126
128
129
125
118
111
108
110
112
114
124
136
141
141
139
141
156
175
182
183
170
148
131
126
131
132
130
130
135
139
140
139
138
136
133
130
131
136
140
151
162
176
178
173
165
160
158
156
156
155
156
162
171
182
192
198
207
216
198
155
122
116
130
138
139
138
138
144
144
131
125
118
117
113
111
112
116
122
125
125
129
133
134
135
133
132
133
131
133
134
133
133
132
132
131
128
126
121
113
109
107
111
114
119
129
138
138
137
135
138
149
161
171
177
171
154
135
124
123
127
124
127
135
141
143
140
138
133
134
134
135
137
142
154
168
179
184
183
174
168
162
161
160
156
156
159
162
171
177
186
204
217
205
165
126
127
147
148
145
139
139
147
147
130
119
115
115
112
109
111
115
120
124
124
129
134
137
139
137
135
136
136
137
136
133
132
133
132
130
128
124
117
112
110
112
114
116
123
132
138
136
134
134
136
145
150
157
168
169
160
143
130
127
124
120
122
130
139
141
138
134
131
132
133
135
138
142
150
160
172
181
184
179
175
171
166
162
156
156
156
158
165
168
178
201
213
209
177
139
141
161
157
143
137
136
145
147
128
114
110
111
110
109
109
112
119
124
130
133
137
139
140
142
141
139
139
137
135
133
133
132
131
128
122
114
109
110
114
121
125
126
128
133
135
132
130
131
134
137
142
149
160
167
166
160
149
137
130
121
118
124
130
131
130
130
128
129
133
137
140
143
148
153
161
169
174
173
175
178
176
173
167
161
158
161
162
162
172
193
203
198
186
158
143
162
151
138
133
132
141
143
124
111
106
110
110
109
109
113
120
125
134
138
140
139
140
142
142
138
138
136
134
133
131
128
123
119
111
105
103
110
120
130
133
132
128
125
123
124
127
129
131
132
138
143
152
160
166
169
163
155
147
135
123
120
120
122
124
126
125
128
133
140
143
144
145
148
149
157
161
162
166
171
173
174
171
164
158
158
158
157
168
189
188
188
186
167
144
156
144
132
128
128
135
137
120
107
102
108
110
111
110
114
120
126
131
135
135
132
132
137
138
135
137
136
133
131
127
121
114
108
99
95
97
109
124
134
134
130
120
113
109
114
120
122
123
125
132
136
140
147
158
168
170
167
158
146
131
118
114
117
121
124
126
127
132
137
140
143
145
149
151
157
159
158
160
163
166
169
168
163
155
152
151
152
167
187
185
183
180
163
138
142
137
126
121
121
128
130
117
106
101
106
110
112
111
113
119
124
126
128
128
127
128
133
136
136
135
133
132
129
122
115
106
101
92
90
94
109
122
129
126
118
106
99
98
105
111
112
114
117
120
122
123
126
134
146
157
164
166
156
138
119
111
112
116
118
120
122
126
132
137
142
147
150
154
157
157
156
156
154
155
158
163
159
150
146
144
148
166
187
188
185
175
153
135
136
130
122
116
115
121
123
114
105
102
106
110
111
110
111
114
117
119
119
119
122
124
128
133
137
134
132
128
124
116
107
98
94
88
87
93
106
116
119
112
103
90
88
87
92
100
104
106
108
109
109
108
107
111
118
134
150
159
154
140
121
110
110
111
110
110
116
123
131
137
141
144
148
148
150
152
154
153
149
150
153
160
159
149
143
140
144
165
184
183
184
178
154
131
135
127
120
113
112
116
117
112
106
104
106
108
108
108
108
108
109
112
110
112
117
119
122
126
132
133
129
124
118
109
101
95
93
87
87
93
102
107
104
95
85
74
71
69
75
86
96
98
97
98
99
95
93
90
88
101
121
129
135
134
122
114
112
109
105
109
112
119
126
132
138
143
145
145
148
150
151
151
148
146
149
157
159
148
142
140
143
162
178
179
179
175
157
121
129
127
122
113
111
113
113
111
106
102
102
102
105
107
107
106
105
109
108
110
114
117
119
124
128
129
124
118
112
104
97
96
97
94
93
96
98
95
84
71
60
53
50
51
58
72
82
87
87
85
86
83
76
69
60
63
77
92
108
119
119
115
115
110
105
110
111
113
116
124
132
139
143
144
145
144
143
143
140
140
143
151
156
146
141
139
140
156
168
173
169
165
154
116
126
126
122
114
110
110
110
109
105
99
98
98
102
105
107
106
105
105
107
108
110
113
116
121
124
123
118
112
106
99
95
97
101
103
99
98
94
84
69
52
39
34
34
38
49
62
71
76
78
78
80
75
67
59
47
42
49
63
81
100
108
112
118
121
118
109
107
107
110
118
127
134
137
140
141
139
137
136
136
138
142
147
153
144
139
137
137
150
159
162
161
160
152
117
122
122
122
119
113
108
109
107
103
96
96
98
102
105
107
106
104
101
103
107
109
111
113
117
119
117
112
106
100
97
97
102
106
108
107
103
96
80
60
42
34
30
31
38
48
55
60
66
73
77
78
76
71
62
49
41
42
57
73
93
106
116
125
129
129
120
110
104
106
111
119
128
134
135
136
137
132
131
134
133
137
144
152
145
140
139
137
152
157
160
160
157
151
120
120
121
122
120
115
112
111
108
104
98
97
97
101
104
106
104
102
98
100
104
106
109
111
113
113
110
106
101
98
98
101
106
111
116
114
112
105
89
67
49
39
40
42
48
55
59
61
66
73
78
82
82
78
71
64
56
54
63
77
94
108
117
127
133
135
129
121
112
105
104
111
123
130
128
130
131
128
128
130
131
135
142
150
145
141
140
138
154
160
158
158
154
147
118
119
118
118
116
115
115
114
110
107
101
99
99
100
104
105
102
99
96
99
103
105
108
109
109
107
104
102
100
100
103
108
113
116
120
120
119
114
101
84
66
58
58
60
65
69
69
69
71
75
83
89
91
87
86
86
81
78
84
93
106
116
122
126
129
135
134
133
124
111
102
105
115
122
123
126
128
124
123
124
126
132
139
148
145
142
142
141
158
164
161
158
151
143
112
117
112
110
109
111
114
113
109
108
102
99
98
99
103
103
100
96
96
99
102
104
106
107
106
104
101
101
102
105
109
114
117
117
116
117
119
118
111
98
85
77
74
77
80
82
81
80
80
81
82
88
89
88
92
97
98
98
103
108
116
122
123
120
123
127
132
135
131
118
106
104
108
115
122
125
127
123
119
119
122
129
138
146
144
140
141
142
160
164
163
155
145
137
104
108
106
105
106
110
112
110
106
104
99
96
95
97
101
102
99
94
97
98
99
101
104
105
104
102
96
99
103
109
114
116
114
112
110
111
114
114
111
103
93
87
85
85
87
90
90
87
85
86
83
85
84
84
89
96
102
108
108
110
115
119
118
115
118
125
129
133
131
122
110
102
104
110
116
121
124
120
117
117
119
126
136
142
139
136
137
140
158
162
158
147
136
131
98
100
104
106
110
116
116
111
104
100
96
94
92
96
99
100
99
95
95
97
97
98
101
104
103
100
93
97
104
110
115
117
112
108
104
105
106
107
107
102
96
92
93
93
94
95
94
90
86
83
82
81
79
81
88
95
101
108
109
110
112
112
112
111
115
121
123
127
127
123
115
103
98
104
113
117
121
119
116
114
116
123
133
138
136
132
132
137
157
160
154
141
129
126
98
99
105
110
117
122
121
115
106
101
96
93
92
94
97
100
98
95
95
97
97
98
100
102
100
96
90
95
100
104
109
109
106
101
96
96
99
99
99
99
95
92
95
95
96
97
95
90
84
80
78
77
77
82
90
98
103
105
109
109
110
110
111
113
113
114
115
119
120
118
114
101
93
96
107
112
118
118
115
113
114
122
131
137
135
131
131
136
159
161
156
143
128
123
102
103
106
112
120
124
122
117
108
104
97
94
92
92
95
98
96
94
95
97
98
97
98
99
96
92
85
89
93
95
99
100
97
92
90
91
91
92
93
93
90
87
88
90
94
95
93
88
83
81
76
77
79
87
99
108
109
108
103
105
107
109
113
116
114
110
110
113
111
108
106
95
89
94
99
105
113
116
115
114
115
123
131
138
137
134
132
137
162
165
161
147
130
123
109
106
109
111
117
120
119
117
110
103
99
96
94
94
94
93
92
91
92
93
96
96
95
95
92
86
80
81
83
84
85
87
89
87
84
85
86
88
90
90
87
82
85
89
93
96
95
92
87
84
81
84
88
94
105
114
113
108
99
97
99
104
105
105
104
101
100
97
98
100
98
92
88
88
93
101
109
111
112
114
116
123
130
139
141
138
131
137
160
171
167
152
131
122
112
108
104
107
114
117
118
115
109
104
100
98
96
94
92
90
88
87
87
90
93
93
92
92
89
83
75
75
76
74
72
75
78
77
79
80
81
84
87
89
87
84
89
95
104
110
111
107
101
97
98
102
105
109
118
126
125
116
105
104
105
105
104
102
99
96
92
89
89
91
91
87
85
85
88
94
104
107
110
113
115
122
129
140
142
139
132
136
159
172
168
152
132
119
102
99
96
101
111
117
119
115
107
100
96
96
95
94
91
87
85
85
86
88
90
89
89
91
87
79
74
74
74
69
65
67
72
73
76
77
77
81
86
91
94
94
95
101
111
118
121
120
117
115
117
119
118
116
122
129
128
120
112
111
111
109
104
102
98
94
86
83
83
85
87
85
82
84
87
94
102
106
108
109
112
119
127
140
143
139
131
132
154
170
166
146
127
110
87
84
88
95
109
121
123
115
103
92
88
90
92
92
89
86
85
86
87
88
88
87
89
93
88
78
72
72
72
67
61
62
66
69
71
73
74
78
83
90
94
94
96
98
103
108
112
117
122
124
127
124
117
111
111
116
117
113
108
108
108
106
101
100
98
93
82
79
78
80
82
82
83
84
90
97
105
105
105
106
107
114
124
139
142
139
130
127
146
166
162
135
114
97
81
77
80
87
104
121
124
115
99
86
83
87
90
91
89
86
86
87
87
87
87
88
93
96
90
78
71
72
71
65
57
55
58
60
63
66
70
73
77
81
81
81
81
81
81
84
88
96
105
110
111
105
97
91
88
87
90
94
90
90
91
89
89
88
88
83
74
71
70
73
78
81
84
86
92
99
106
105
103
102
104
111
122
138
141
139
131
124
141
162
155
120
99
87
81
75
75
81
99
117
121
112
97
86
84
88
92
93
90
86
86
87
86
85
86
91
97
99
92
80
74
72
71
65
56
52
54
55
58
60
60
61
62
64
66
65
63
64
64
65
68
74
80
84
85
80
76
73
70
67
69
74
77
76
76
75
75
76
76
73
72
68
68
71
77
84
89
92
98
103
107
103
100
99
99
107
117
136
138
138
133
124
136
160
147
109
89
81
78
73
73
79
95
113
117
109
97
88
88
90
93
93
90
86
84
84
84
82
84
90
96
99
94
86
78
74
72
66
59
57
59
61
63
63
62
61
62
65
67
67
68
71
73
74
75
76
78
79
82
80
80
80
80
78
79
81
85
83
82
80
78
80
81
81
81
78
76
78
82
89
96
99
106
107
106
101
97
96
97
102
111
131
133
135
133
122
133
157
140
102
85
79
75
73
72
78
94
111
115
106
97
90
89
91
93
93
90
85
83
83
82
79
80
86
92
96
94
90
84
80
77
73
68
68
72
74
75
78
81
82
84
86
86
86
91
94
96
97
96
94
93
93
93
94
95
98
100
100
100
99
103
100
97
96
92
92
95
96
93
89
86
85
87
93
99
103
108
107
105
97
95
96
96
101
106
126
129
132
132
121
130
154
133
99
84
77
67
69
68
73
93
107
111
106
95
91
91
93
95
94
88
83
82
81
79
78
78
85
92
95
94
91
87
84
79
77
77
79
82
85
89
91
94
97
101
104
107
109
111
114
115
116
114
112
110
110
110
111
113
115
116
117
117
116
116
116
114
110
108
108
107
106
104
100
93
88
89
93
99
105
107
105
100
94
93
95
98
103
106
116
129
129
123
127
127
145
127
88
73
74
67
68
66
71
90
105
109
103
93
89
88
90
92
90
85
80
78
77
76
75
76
82
89
91
90
89
86
84
82
82
86
90
94
97
99
99
100
101
103
106
109
111
115
118
120
119
118
115
112
111
110
112
114
117
120
121
121
120
119
118
117
114
114
113
113
111
108
104
96
92
90
92
96
100
101
100
96
91
91
93
96
99
99
109
123
127
123
123
125
145
128
92
61
61
69
69
66
70
87
101
105
99
90
86
85
87
88
86
81
76
75
73
73
73
74
78
84
86
85
84
81
80
81
85
91
97
100
103
102
102
100
99
99
100
102
104
108
110
111
111
109
105
102
100
103
105
108
112
115
117
116
115
117
116
116
116
117
118
116
114
110
107
100
95
93
92
94
96
97
96
92
90
91
93
94
96
96
106
120
128
124
120
125
145
139
105
62
58
73
73
69
71
83
96
100
95
88
84
83
84
84
83
78
74
73
72
72
70
71
75
79
80
79
78
77
78
82
87
94
100
103
105
106
104
102
99
97
95
96
96
97
98
98
97
96
93
90
88
91
92
97
102
108
112
112
111
111
110
110
113
115
117
117
116
110
108
103
98
95
93
94
94
95
94
92
90
92
92
91
93
98
109
118
125
121
117
124
136
128
97
61
54
74
73
69
71
81
93
96
93
87
82
81
82
82
80
76
72
71
70
69
68
69
72
76
76
75
74
75
78
83
89
94
100
103
105
106
103
99
94
90
87
85
85
83
82
81
80
78
78
77
76
74
76
80
87
94
99
102
103
104
103
104
108
112
116
118
117
112
109
105
99
96
93
93
92
91
92
90
90
89
86
86
89
96
110
118
122
120
119
128
123
99
72
58
51
73
71
69
71
79
93
97
92
87
82
81
81
81
79
74
71
70
69
68
68
68
71
74
74
73
73
74
77
83
88
93
99
103
105
109
105
99
93
88
85
82
81
78
75
73
71
70
71
71
71
71
72
73
77
82
88
93
95
97
98
101
106
110
114
117
118
115
112
106
100
93
91
89
88
86
86
85
85
84
81
82
87
96
111
117
123
125
132
143
121
81
54
59
52
73
71
68
70
77
91
95
90
87
82
81
80
80
77
71
69
69
69
67
67
68
70
70
69
71
73
77
78
81
86
91
96
102
105
103
101
95
90
87
83
80
78
73
69
65
62
62
62
64
65
68
69
70
70
70
75
81
87
95
96
101
107
111
114
117
119
115
112
105
98
92
87
84
82
81
81
82
83
84
81
83
90
99
112
115
121
128
142
159
123
72
46
57
52
75
74
69
69
74
87
91
87
86
81
78
77
77
75
69
67
68
68
65
66
67
67
64
65
68
71
75
75
76
80
85
90
95
99
100
100
98
95
91
87
82
80
74
71
65
61
62
63
65
65
69
71
71
69
67
71
81
89
96
100
105
112
115
116
116
118
113
109
103
96
89
84
80
78
81
79
80
83
86
85
88
95
103
112
111
115
122
141
162
119
72
46
56
54
79
74
71
67
74
86
93
84
79
79
77
75
76
74
68
66
68
68
64
66
65
63
61
60
63
67
72
72
74
74
79
84
89
93
97
100
100
97
96
95
91
85
80
76
70
67
66
67
65
64
67
72
73
71
75
79
87
96
102
107
114
118
121
120
118
117
111
107
101
94
87
80
77
77
79
78
80
83
85
87
92
97
104
109
113
116
119
133
141
96
63
55
55
58
80
76
69
66
74
88
98
85
75
74
75
73
74
73
70
68
68
67
64
64
63
61
58
58
61
65
67
67
68
69
73
77
83
85
92
96
99
99
100
101
99
95
88
84
80
78
77
74
74
76
75
79
80
81
86
91
97
105
109
114
120
124
125
123
118
114
106
102
98
94
88
83
78
76
77
77
78
80
83
86
90
92
95
103
113
119
119
123
124
86
65
57
58
61
80
78
70
69
76
91
108
91
74
70
73
72
70
70
71
69
65
64
64
63
60
58
56
57
60
64
66
65
64
66
68
73
78
82
85
91
97
100
103
105
105
103
101
95
93
93
89
84
83
88
90
93
92
93
101
105
108
114
117
121
124
127
128
124
115
108
99
96
94
93
90
84
78
76
75
76
77
77
80
86
89
89
91
101
112
120
121
117
109
79
64
60
61
64
79
78
73
73
77
93
117
99
77
69
69
69
66
66
70
68
62
61
61
59
57
56
56
58
61
64
65
66
65
64
67
70
77
81
85
91
98
103
107
110
111
110
108
105
103
103
100
93
92
96
98
101
101
103
108
112
115
120
123
124
126
126
126
121
111
102
94
92
90
91
90
86
80
76
76
76
77
78
80
84
87
89
94
103
108
113
118
117
103
76
65
63
64
66
79
79
75
74
79
95
125
108
82
69
66
66
62
63
67
65
60
59
59
56
53
53
54
58
62
64
66
64
64
62
64
67
73
77
85
89
95
102
107
111
111
110
110
108
107
106
105
103
101
102
99
104
105
106
112
115
118
124
126
126
124
123
122
118
108
99
90
87
85
88
88
86
81
78
77
76
77
79
79
80
84
89
94
100
101
106
111
110
93
75
69
68
69
69
80
79
74
71
78
95
130
116
89
71
65
63
59
59
63
64
61
60
59
55
52
51
52
56
60
63
64
65
64
63
62
64
70
75
80
83
89
96
103
107
107
106
107
108
107
105
106
108
107
103
101
105
107
109
113
115
117
121
123
122
119
116
116
113
106
97
88
83
81
84
86
85
82
79
76
75
76
79
78
78
81
87
90
93
97
103
105
98
81
75
74
75
72
72
80
77
73
70
75
93
131
122
97
77
67
60
55
55
59
63
64
61
59
56
53
51
53
55
58
59
62
64
65
65
63
65
70
76
80
82
86
93
99
103
104
104
105
105
105
102
103
106
104
100
99
105
107
109
112
111
111
114
113
113
111
109
108
107
101
93
84
80
79
81
85
84
82
79
76
76
78
78
77
78
80
83
85
88
93
99
100
94
77
78
79
79
77
75
79
74
72
67
72
89
128
125
104
82
68
59
52
52
55
61
62
59
57
55
53
53
54
55
56
57
59
62
65
66
63
65
71
76
78
79
84
89
94
98
98
100
104
104
102
100
100
101
98
94
94
100
103
105
109
107
106
107
104
105
105
103
104
103
97
89
81
78
77
80
84
84
81
79
77
79
80
79
78
80
81
80
82
86
89
92
94
95
80
79
82
83
81
78
77
70
69
69
67
87
125
122
108
87
71
58
48
45
51
58
58
59
58
56
53
53
53
53
55
55
57
59
61
65
68
70
74
78
78
79
82
84
87
90
93
96
98
98
98
97
97
98
95
91
92
97
99
100
103
104
102
104
101
101
101
99
99
98
94
88
79
75
73
78
82
82
80
79
77
77
78
79
80
80
77
74
74
79
84
91
92
88
84
78
85
85
86
85
75
69
67
67
65
85
122
121
108
89
74
60
49
43
46
53
54
57
55
53
52
52
53
54
52
53
52
55
57
63
67
70
72
75
76
77
77
79
79
81
86
88
90
92
93
93
94
94
93
92
92
96
96
95
98
97
96
98
97
97
97
96
94
91
86
83
76
73
74
78
81
80
79
80
77
77
77
78
79
78
73
69
70
76
82
88
91
89
86
81
87
88
89
89
72
67
65
65
64
82
117
120
109
92
79
64
50
40
39
45
48
52
51
51
51
52
53
53
51
50
49
52
54
56
63
67
68
70
73
75
75
72
71
73
77
80
79
82
87
89
88
86
88
91
93
95
94
92
94
93
91
92
92
93
94
93
89
85
81
80
74
73
76
80
81
80
80
81
78
76
76
77
77
73
68
65
67
75
80
84
89
90
91
87
90
92
95
95
70
65
63
64
64
81
114
119
110
94
84
69
53
38
33
38
42
49
48
49
50
51
53
51
49
48
49
51
50
51
55
59
62
64
68
71
72
69
66
68
72
74
73
77
81
83
81
79
81
84
89
92
91
90
92
90
87
87
87
89
91
89
85
79
77
76
75
74
75
80
82
80
79
79
75
74
74
76
72
68
65
65
70
80
82
83
87
92
95
94
93
96
98
99
69
64
62
62
63
80
111
120
110
96
87
75
58
42
32
32
37
44
44
45
47
49
50
48
47
47
52
51
50
46
47
50
54
57
60
64
67
65
64
66
68
69
71
72
76
77
75
72
73
76
81
86
88
89
91
88
83
83
84
86
87
86
81
73
70
72
73
71
72
78
80
77
73
71
70
69
71
73
69
61
61
66
78
90
92
88
90
93
95
95
96
98
99
101
69
66
60
59
61
79
109
121
111
96
92
81
69
51
36
30
29
36
38
40
43
45
46
45
46
47
52
54
52
47
45
45
47
49
53
57
61
62
62
63
64
65
67
69
70
69
68
67
67
70
75
82
85
87
88
85
81
81
84
84
83
83
76
69
65
67
71
69
71
76
77
74
68
66
64
64
67
69
64
57
63
72
92
103
101
95
95
94
95
94
97
99
101
101
69
66
62
59
60
78
106
122
111
97
92
86
78
62
45
32
27
29
33
36
40
43
44
43
44
47
50
53
52
47
45
44
43
44
48
51
55
58
59
60
61
61
62
64
64
62
62
63
65
65
73
79
81
81
80
77
75
78
80
79
79
78
73
65
63
66
70
69
71
74
73
67
64
63
58
57
59
62
59
57
70
85
107
115
108
98
98
97
96
97
101
101
101
103
69
66
65
60
60
78
106
122
111
97
85
84
81
69
52
37
30
31
32
35
40
43
43
42
44
47
48
51
49
45
43
42
42
41
43
45
50
54
57
57
58
60
60
61
61
59
57
60
63
63
71
77
77
74
72
70
70
74
74
72
72
73
68
62
61
64
66
67
70
71
68
62
60
61
56
53
53
55
55
59
79
99
118
123
110
98
98
99
99
103
104
103
102
103
69
66
64
61
60
77
104
119
111
97
85
82
79
71
57
46
36
31
33
34
36
37
36
39
43
42
47
47
47
45
42
39
39
40
39
41
45
49
50
52
54
55
56
57
58
56
57
58
61
62
68
70
71
68
65
65
66
67
67
67
67
66
61
58
57
60
65
67
65
65
64
59
55
57
53
50
52
56
57
66
89
112
128
124
108
98
97
100
102
104
105
105
103
103
67
64
62
58
59
75
101
118
111
97
86
82
78
73
63
53
42
33
32
31
31
32
32
34
39
41
43
46
48
46
42
39
39
38
35
36
38
40
43
45
47
47
49
50
52
51
52
55
58
59
60
60
59
58
59
60
60
59
58
58
59
60
58
55
55
57
64
65
63
61
60
56
53
55
53
50
55
62
64
73
96
117
130
124
108
98
99
100
103
102
105
104
103
102
66
63
61
58
57
72
98
115
111
100
89
82
77
74
68
60
48
36
33
29
27
28
27
30
35
39
41
45
47
45
41
39
39
38
33
32
32
33
34
36
38
39
40
41
42
42
44
47
50
50
49
47
46
47
50
53
53
50
49
49
51
55
56
56
56
57
62
64
62
58
58
53
50
53
51
53
59
69
74
83
103
122
130
123
106
98
101
103
102
102
105
104
104
103
66
64
62
59
58
72
97
113
112
104
93
84
78
73
70
64
52
41
37
32
29
29
27
29
34
38
39
42
43
41
39
38
39
38
34
32
28
27
27
29
30
31
32
33
33
34
35
37
39
40
37
37
37
39
42
44
44
42
43
45
48
53
58
59
59
59
62
63
61
58
56
52
49
53
56
58
68
78
82
89
106
122
130
121
104
98
103
105
104
103
105
105
104
103
68
69
65
62
62
77
101
115
112
104
94
85
78
73
71
66
57
47
43
37
33
33
30
31
34
37
34
36
37
38
38
38
39
39
37
33
28
25
25
25
26
27
28
29
30
30
30
29
30
29
28
30
32
34
36
36
38
38
41
43
47
52
57
61
61
60
61
62
59
55
54
51
52
59
64
69
79
87
88
93
108
121
133
122
104
99
104
105
105
103
106
105
105
105
71
74
75
71
72
86
109
120
110
97
89
82
76
72
70
67
61
54
48
42
36
35
32
32
33
33
28
29
33
37
38
38
39
40
38
35
30
27
26
27
27
28
29
30
31
30
29
28
28
28
26
29
32
34
35
34
36
38
43
45
48
51
56
60
61
60
58
59
56
52
51
52
58
67
75
80
89
95
93
97
111
123
134
123
105
100
104
103
103
102
107
107
107
106
74
77
79
74
73
90
115
123
108
91
83
77
74
71
69
68
64
58
52
46
40
35
32
32
31
28
24
25
30
35
36
34
35
40
40
37
33
31
29
29
30
30
31
32
32
31
30
30
31
31
30
32
35
38
38
37
39
42
46
48
50
50
53
56
57
55
53
56
55
54
55
58
64
74
82
85
93
97
97
102
115
127
131
120
104
101
103
101
101
102
106
107
107
106
75
77
76
67
66
85
114
124
108
89
80
76
74
72
70
69
65
60
57
50
43
36
32
32
30
26
23
23
27
32
31
28
31
39
41
39
35
33
31
30
30
30
32
33
33
32
31
32
34
35
35
36
39
41
41
41
43
45
46
49
49
48
49
51
52
50
49
54
56
58
61
63
69
78
84
86
92
97
98
105
119
129
126
116
102
99
102
100
100
102
104
105
105
104
70
68
65
58
53
73
108
122
110
88
80
77
73
72
70
68
65
62
61
55
48
41
38
35
31
28
25
25
28
29
23
22
27
34
37
43
39
30
27
28
29
31
32
34
34
33
32
33
34
34
38
41
43
44
45
46
45
43
46
45
46
45
45
45
46
47
48
51
57
61
63
66
73
80
85
88
91
96
102
109
118
132
124
111
102
100
100
102
103
102
101
102
103
102
60
51
53
46
41
65
108
126
112
90
82
80
75
74
73
71
68
67
67
62
54
49
44
40
37
34
31
30
31
30
25
22
24
26
32
37
35
29
27
27
28
31
33
34
35
34
33
33
34
35
39
41
43
44
44
43
42
39
39
39
39
39
39
41
43
43
49
53
60
64
66
69
75
81
86
90
92
96
103
109
119
133
125
111
103
100
100
102
103
101
100
101
101
99
49
40
40
35
29
58
107
128
114
94
86
83
78
76
75
73
71
72
73
69
62
57
51
46
43
41
40
37
36
34
29
25
23
22
25
28
29
26
26
27
29
33
34
35
35
34
34
34
35
36
37
39
41
41
40
38
35
33
34
34
34
36
38
42
44
47
54
58
65
70
71
73
78
83
87
90
93
96
103
109
119
133
125
112
103
102
101
102
102
100
98
98
98
97
